
======================================================
Score	3.05523e+10
Z	0
alpha	1.98616
betta	-0.993159
gamma	-1.09413
Vx	-14.9261
Vy	18.4753
Vz	19.7971
engIng	0
cFuel	12
tfuel	5.96105
======================================================

Initial Parametrs
rOa	{ 0 ; 0 ; -50.88 }

V	{ 10.08 ; 19.8 ; 19.96 }

w	{ -0.4938 ; -0.4888 ; -0.4882 }

alpha	-0.34442
betta	-0.34012
gamma	-0.33928
======================================================

 Layer 2

node  1		 link	 weight	 bias -22.759
		1  0	-14.051
		2  1	-13.785
		3  1	9.403
		4  0	-5.91
		5  0	-8.238
		6  1	-7.007
		7  0	-2.586
		8  0	-1.546
		9  0	-1.902
		10  0	0.518

node  2		 link	 weight	 bias -11.729
		1  1	9.46
		2  1	-22.54
		3  0	-7.854
		4  0	10.483
		5  0	-15.786
		6  1	-7.773
		7  1	13.308
		8  1	-5.53
		9  1	4.168
		10  1	-5.617

node  3		 link	 weight	 bias -12.762
		1  1	1.011
		2  1	-1.848
		3  0	0.377
		4  1	-10.108
		5  0	-0.165
		6  0	-2.368
		7  0	-6.028
		8  1	-5.496
		9  1	-3.414
		10  1	-3.875

node  4		 link	 weight	 bias -5.264
		1  1	13.073
		2  0	0.423
		3  0	-2.345
		4  1	-7.77
		5  1	-12.403
		6  1	6.763
		7  0	19.689
		8  0	-3.345
		9  1	-9.34
		10  0	4.157

node  5		 link	 weight	 bias -1.782
		1  1	-10.045
		2  0	-0.835
		3  0	1.056
		4  1	0.503
		5  0	-0.92
		6  1	-4.988
		7  0	7.689
		8  0	-14.267
		9  1	-36.315
		10  0	-7.76

node  6		 link	 weight	 bias -16.774
		1  1	5.978
		2  1	-12.928
		3  1	0.32
		4  1	-20.641
		5  1	-10.018
		6  0	-16.975
		7  0	-11.376
		8  0	0.699
		9  0	8.07
		10  1	-1.002


 Layer 3

node  1		 link	 weight	 bias -36.94
		1  0	-3.073
		2  0	0.25
		3  1	-25.843
		4  1	-16.969
		5  0	-6.168
		6  0	-2.465
		7  0	1.656
		8  0	-1.149
		9  1	-3.743
		10  0	-17.175
		12  0	0.645
		13  0	-7.274
		14  1	-11.826
		15  1	-2.236
		16  0	8.636
		17  1	-0.44

node  2		 link	 weight	 bias -28.161
		1  0	1.457
		2  0	-15.365
		3  1	-28.327
		4  0	-0.195
		5  1	8.015
		6  1	10.669
		7  1	-4.203
		8  1	-2.428
		9  1	4.168
		10  1	0.159
		12  0	-4.981
		13  0	-11.698
		14  1	0.727
		15  0	-3.191
		16  0	-5.554
		17  0	4.849

node  3		 link	 weight	 bias -14.622
		1  1	-15.722
		2  0	-7.025
		3  0	5.459
		4  1	-9.236
		5  1	16.978
		6  1	1.04
		7  1	-14.398
		8  0	-0.301
		9  1	10.658
		10  1	-10.653
		12  1	3.418
		13  0	-1.3
		14  0	6.36
		15  0	-8.876
		16  1	16.451
		17  0	-8.443

node  4		 link	 weight	 bias -6.55
		1  1	-6.944
		2  1	-30.167
		3  0	-4.744
		4  1	-15.397
		5  1	-53.948
		6  0	-12.718
		7  1	-12.497
		8  0	0.403
		9  0	-8.102
		10  0	1.639
		12  0	-9.664
		13  0	0.271
		14  0	1.732
		15  0	-3.056
		16  1	-26.881
		17  1	0.841

node  5		 link	 weight	 bias 7.128
		1  0	-10.032
		2  1	-18.785
		3  1	6.262
		4  0	-3.99
		5  0	-0.139
		6  1	-19.069
		7  0	1.87
		8  1	3.002
		9  1	-0.547
		10  0	-7.162
		12  1	-24.482
		13  0	-4.889
		14  0	-19.009
		15  0	0.916
		16  0	3.839
		17  1	-9.597

node  6		 link	 weight	 bias 4.556
		1  1	9.653
		2  1	8.95
		3  1	-1.225
		4  1	0.903
		5  1	7.808
		6  0	-18.037
		7  0	-3.312
		8  1	-16.128
		9  1	2.036
		10  1	-11.493
		12  0	-4.161
		13  0	30.084
		14  0	-10.068
		15  1	2.474
		16  0	-1.852
		17  1	4.683


 Layer 4

node  1		 link	 weight	 bias -10.694
		1  1	-4.722
		2  0	0.853
		3  0	-10.308
		4  0	-19.052
		5  1	-22.065
		6  0	-9.004
		7  0	-17.948
		8  1	4.211
		9  0	2.522
		10  1	-14.474
		12  0	0.318
		13  0	-9.299
		14  1	-9.104
		15  1	0.687
		16  0	-15.548
		17  1	-10.731
		18  1	3.065
		19  1	13.566
		20  1	-9.38
		21  0	-6.037
		22  1	-13.33
		23  1	-19.287

node  2		 link	 weight	 bias -22.531
		1  0	-2.586
		2  1	-25.832
		3  0	-0.428
		4  1	-5.069
		5  0	3.307
		6  1	-14.872
		7  0	-4.391
		8  0	-3.383
		9  0	-0.595
		10  0	-2.656
		12  0	0.39
		13  0	-3.025
		14  0	-1.479
		15  0	-11.816
		16  1	-5.861
		17  0	-0.132
		18  1	1.292
		19  0	-11.114
		20  0	-0.321
		21  0	-0.124
		22  0	-14.806
		23  0	4.374

node  3		 link	 weight	 bias -23.984
		1  0	3.092
		2  0	-10.426
		3  1	4.185
		4  0	-0.401
		5  1	6.15
		6  1	6.087
		7  0	-5.92
		8  0	4.374
		9  1	-15.497
		10  1	1.638
		12  1	-3.95
		13  1	-5.375
		14  1	-23.279
		15  1	-7.105
		16  0	-12.046
		17  1	-21.303
		18  0	0.349
		19  1	-33.308
		20  0	-7.026
		21  0	-23.827
		22  1	1.148
		23  0	-12.751

node  4		 link	 weight	 bias -4.608
		1  1	-4.323
		2  1	3.581
		3  0	-3.761
		4  0	-0.436
		5  0	-0.825
		6  0	-12.019
		7  0	-5.692
		8  1	-16.57
		9  0	-16.344
		10  0	-0.565
		12  0	-4.93
		13  0	-17.007
		14  0	0.995
		15  0	-37.766
		16  0	-1.84
		17  0	-0.744
		18  1	-19.472
		19  0	4.631
		20  1	-1.145
		21  1	7.232
		22  1	3.056
		23  1	-9.326

node  5		 link	 weight	 bias 3.453
		1  0	-1.319
		2  1	24.924
		3  0	-5.529
		4  1	-2.105
		5  0	0.051
		6  0	3.485
		7  1	-14.79
		8  0	-2.335
		9  1	9.537
		10  0	-18.535
		12  0	-19.188
		13  1	-4.071
		14  0	11.875
		15  0	0.25
		16  1	-6.05
		17  0	-6.02
		18  0	4.654
		19  0	0.838
		20  1	2.387
		21  1	-5.468
		22  1	-10.742
		23  1	7.606

node  6		 link	 weight	 bias -5.103
		1  1	-2.817
		2  0	4.919
		3  0	-16.094
		4  0	-19.221
		5  0	-2.595
		6  0	-4.865
		7  1	-13.744
		8  0	-0.257
		9  0	-0.534
		10  1	-12.044
		12  1	-0.57
		13  1	11.246
		14  1	-22.118
		15  1	0.545
		16  1	13.451
		17  0	6.034
		18  1	-22.052
		19  1	7.668
		20  0	-24.588
		21  1	1.614
		22  1	-11.295
		23  1	-15.696


 Layer 5

node  1		 link	 weight	 bias 0.007
		1  0	-0.299
		2  0	0.742
		3  0	-0.71
		4  0	0.15
		5  0	-0.26
		6  0	-0.05
		7  0	0.142
		8  0	0.059
		9  1	-0.768
		10  0	-0.285
		12  0	0.0700001
		13  0	-0.732
		14  0	-6.329
		15  0	-0.342
		16  0	0.839
		17  0	0.386
		18  0	0.335
		19  0	-0.323
		20  0	0.495
		21  0	-0.726
		22  0	0.824
		23  0	0.609
		24  0	-0.425
		25  1	-0.029
		26  0	0.041
		27  0	-0.809
		28  0	0.641
		29  0	0.423


 Layer 2

node  1		 link	 weight	 bias -6.144
		1  0	0.074
		2  1	-23.088
		3  0	18.037
		4  0	2.554
		5  1	-12.425
		6  1	-10.274
		7  1	-8.876
		8  0	-0.502
		9  0	6.784
		10  1	-12.823

node  2		 link	 weight	 bias 3.424
		1  0	0.673
		2  0	-0.929
		3  0	-2.774
		4  1	-3.927
		5  0	0.498
		6  1	-2.548
		7  0	-0.791
		8  1	0.127
		9  0	-0.027
		10  0	1.898

node  3		 link	 weight	 bias 5.577
		1  0	0.213
		2  1	-16.961
		3  1	-0.707
		4  1	-3.905
		5  1	-3.328
		6  0	-6.749
		7  0	6.488
		8  0	-5.723
		9  1	-8.92
		10  1	-7.193

node  4		 link	 weight	 bias 12.353
		1  1	-16.468
		2  1	13.96
		3  0	-8.179
		4  1	-8.693
		5  0	3.473
		6  0	-7.003
		7  1	4.75
		8  1	-31.823
		9  1	-19.463
		10  1	-37.503

node  5		 link	 weight	 bias -29.919
		1  0	4.603
		2  0	12.918
		3  1	-15.416
		4  0	-27.594
		5  1	4.998
		6  1	-5.76
		7  1	-13.127
		8  0	-0.713
		9  0	-0.33
		10  1	-12.015

node  6		 link	 weight	 bias -17.736
		1  0	-10.281
		2  1	-7.032
		3  1	2.035
		4  1	-0.804
		5  1	4.451
		6  1	-32.311
		7  0	-16.472
		8  1	-7.959
		9  0	-11.355
		10  0	-8.668


 Layer 3

node  1		 link	 weight	 bias 7.802
		1  1	-23.332
		2  0	-1.403
		3  0	15.363
		4  1	-10.076
		5  1	-14.965
		6  1	-8.631
		7  1	-39.745
		8  1	-31.548
		9  0	-11.426
		10  0	-0.863
		12  1	-19.863
		13  0	-7.135
		14  1	-20.965
		15  1	-7.841
		16  1	-18.026
		17  1	-8.662

node  2		 link	 weight	 bias -5.516
		1  1	0.005
		2  0	2.137
		3  1	-4.722
		4  0	-4.613
		5  1	0.579
		6  1	10.639
		7  0	-1.176
		8  0	9.92
		9  1	-6.107
		10  0	0.929
		12  1	9.447
		13  0	-9.185
		14  1	-14.399
		15  0	-11.583
		16  1	-19.891
		17  1	7.116

node  3		 link	 weight	 bias 18.001
		1  1	-7.766
		2  0	-0.827
		3  1	0.147
		4  0	19.737
		5  1	-0.513
		6  0	-19.184
		7  0	-0.674
		8  0	0.959
		9  1	4.358
		10  0	-19.283
		12  0	-6.563
		13  0	-10.272
		14  1	-7.492
		15  0	-5.746
		16  1	-12.087
		17  0	-0.034

node  4		 link	 weight	 bias -28.293
		1  0	0.258
		2  0	-26.922
		3  1	-15.86
		4  0	3.483
		5  0	1.887
		6  0	-7.035
		7  1	-4.523
		8  0	-2.622
		9  1	-4.375
		10  0	-11.919
		12  0	6.189
		13  0	3.755
		14  1	2.909
		15  0	-2.82
		16  1	2.478
		17  1	-11.778

node  5		 link	 weight	 bias 21.401
		1  0	0.891
		2  0	-0.833
		3  0	17.236
		4  0	-7.313
		5  1	-16.538
		6  1	-11.466
		7  0	-7.981
		8  0	-17.05
		9  0	-0.221
		10  0	12.581
		12  0	-24.569
		13  1	1.868
		14  1	0.807
		15  1	-0.234
		16  1	-7.166
		17  0	6.995

node  6		 link	 weight	 bias 10.919
		1  1	-13.398
		2  0	5.494
		3  0	6.667
		4  1	3.122
		5  1	-10.756
		6  0	2.488
		7  0	6.717
		8  0	11.732
		9  0	-10.908
		10  1	7.203
		12  0	-3.982
		13  1	1.435
		14  0	1.512
		15  0	0.224
		16  0	2.452
		17  1	7.024


 Layer 4

node  1		 link	 weight	 bias -21.576
		1  0	-3.883
		2  0	-0.704
		3  1	4.316
		4  0	0.274
		5  0	-3.533
		6  1	-15.25
		7  1	-9.51
		8  0	-9.235
		9  1	7.729
		10  0	-16.686
		12  0	-0.234
		13  0	-13.398
		14  1	-12.238
		15  0	-6.057
		16  0	-18.678
		17  0	-11.407
		18  1	-5.563
		19  1	-4.266
		20  1	-11.665
		21  0	-3.62
		22  0	-9.826
		23  0	3.702

node  2		 link	 weight	 bias -20.485
		1  1	-3.671
		2  1	-5.894
		3  1	-0.435
		4  0	-1.697
		5  1	7.704
		6  1	4.758
		7  1	-32.612
		8  1	-0.106
		9  1	28.375
		10  1	17.262
		12  0	-16.238
		13  1	12.406
		14  1	25.808
		15  0	-7.229
		16  1	17.399
		17  1	-23.394
		18  1	-12.097
		19  1	-19.983
		20  1	-30.572
		21  1	7.439
		22  1	-24.267
		23  1	-6.908

node  3		 link	 weight	 bias -22.731
		1  0	-0.635
		2  1	-21.8
		3  1	-29.103
		4  0	-2.986
		5  1	2.255
		6  0	-0.168
		7  0	3.695
		8  1	-5.236
		9  1	-15.152
		10  1	-0.274
		12  0	0.924
		13  0	14.999
		14  0	-0.513
		15  0	-8.304
		16  1	-35.028
		17  0	13.397
		18  1	-13.717
		19  0	-0.12
		20  1	7.235
		21  1	-6.091
		22  0	-0.336
		23  0	2.314

node  4		 link	 weight	 bias -4.024
		1  1	-0.515
		2  1	-1.064
		3  1	-5.15
		4  1	-9.526
		5  1	-39.749
		6  0	-6.866
		7  0	-13.579
		8  1	-26.83
		9  1	-3.345
		10  0	1.034
		12  1	-18.727
		13  1	2.954
		14  0	-0.727
		15  1	-7.037
		16  0	-4.116
		17  1	-29.682
		18  1	-14.09
		19  1	1.325
		20  0	-4.893
		21  0	-12.269
		22  0	-1.276
		23  1	-11.153

node  5		 link	 weight	 bias -20.062
		1  0	-14.23
		2  0	-0.091
		3  0	-11.596
		4  1	-35.122
		5  0	-26.309
		6  0	-20.766
		7  0	-9.464
		8  1	10.912
		9  0	-26.538
		10  1	-19.626
		12  1	-25.612
		13  0	-0.634
		14  1	3.889
		15  0	3.743
		16  0	-2.116
		17  1	2.14
		18  1	-5.507
		19  1	-0.408
		20  0	-0.728
		21  1	0.721
		22  0	-0.867
		23  1	22.316

node  6		 link	 weight	 bias -31.683
		1  1	-9.037
		2  1	1.568
		3  1	-2.804
		4  1	1.508
		5  1	-1.551
		6  1	-7.254
		7  1	17.41
		8  1	7.912
		9  1	7.447
		10  1	-16.283
		12  1	-19.56
		13  1	-17.76
		14  1	-33.019
		15  0	-1.673
		16  0	0.307
		17  0	-17.316
		18  0	-18.051
		19  1	2.07
		20  0	-1.625
		21  0	23.765
		22  1	0.343
		23  0	-1.887


 Layer 5

node  1		 link	 weight	 bias 1.178
		1  0	-0.952
		2  0	0.569
		3  0	-0.424
		4  1	6.109
		5  1	-3.069
		6  0	0.767
		7  0	0.259
		8  0	-0.402
		9  0	0.276
		10  1	-0.333
		12  1	-4.34
		13  1	-2.581
		14  0	-0.393
		15  1	0.925
		16  0	-0.384
		17  0	-0.461
		18  0	0.572
		19  0	0.856
		20  0	0.395
		21  1	-1.432
		22  0	-0.076
		23  0	0.783
		24  0	-0.269
		25  1	-3.52
		26  0	0.7
		27  0	0.635
		28  0	-0.695
		29  0	-0.483


 Layer 2

node  1		 link	 weight	 bias 7.984
		1  0	0.609
		2  1	-20.043
		3  1	9.068
		4  0	0.646
		5  0	0.892
		6  0	-0.777
		7  1	-6.973
		8  0	-1.624
		9  1	-6.097
		10  1	-0.187

node  2		 link	 weight	 bias -19.515
		1  1	-11.765
		2  0	2.745
		3  0	-5.525
		4  0	-9.516
		5  0	-2.658
		6  0	0.9
		7  1	-24.799
		8  1	-12.464
		9  0	-17.034
		10  1	-17.119

node  3		 link	 weight	 bias 3.504
		1  1	-11.764
		2  0	2.871
		3  1	-1.317
		4  1	-20.81
		5  1	-18.11
		6  0	-1.891
		7  1	-23.766
		8  0	-17.071
		9  0	-0.381
		10  1	-10.43

node  4		 link	 weight	 bias -9.093
		1  0	-19.032
		2  1	-3.314
		3  1	-12.645
		4  1	-22.082
		5  0	-5.873
		6  1	-28.728
		7  1	-6.739
		8  1	-4.449
		9  0	3.642
		10  0	-0.91

node  5		 link	 weight	 bias 1.226
		1  1	4.271
		2  1	-6.42
		3  1	-1.253
		4  1	-5.591
		5  0	-5.059
		6  0	3.568
		7  1	3.908
		8  0	11.019
		9  0	-12.085
		10  0	0.06

node  6		 link	 weight	 bias -5.24
		1  0	-14.384
		2  1	-4.939
		3  0	3.567
		4  0	-5.078
		5  1	-29.04
		6  0	2.3
		7  0	-9.126
		8  0	0.686
		9  1	-14.352
		10  0	-15.983


 Layer 3

node  1		 link	 weight	 bias 0.32
		1  0	0.976
		2  0	-0.893
		3  0	0.61
		4  0	-0.575
		5  1	-6.489
		6  0	0.8
		7  0	0.383
		8  0	0.476
		9  0	-0.703
		10  0	-0.714
		12  1	-0.994
		13  1	-3.298
		14  1	0.626
		15  1	1.61
		16  0	-0.725
		17  0	-0.761

node  2		 link	 weight	 bias -11.939
		1  1	-18.462
		2  1	-15.34
		3  1	-3.821
		4  0	-31.234
		5  0	9.536
		6  0	2.675
		7  1	-8.509
		8  1	-2.064
		9  0	-10.115
		10  0	9.869
		12  0	-25.005
		13  1	2.041
		14  0	-16.773
		15  1	-2.281
		16  0	-9.789
		17  0	9.692

node  3		 link	 weight	 bias -0.813
		1  1	1.502
		2  1	1.392
		3  1	-24.187
		4  0	1.129
		5  0	-8.862
		6  1	2.708
		7  1	-16.522
		8  1	-24.925
		9  1	0.194
		10  0	-1.451
		12  1	-30.982
		13  0	-0.975
		14  0	-0.175
		15  1	0.395
		16  0	4.101
		17  1	-11.811

node  4		 link	 weight	 bias -22.705
		1  0	0.602
		2  0	1.72
		3  0	2.108
		4  0	-0.149
		5  0	-22.124
		6  0	-5.551
		7  1	-12.358
		8  0	-4.213
		9  1	20.668
		10  1	-22.677
		12  0	-17.123
		13  0	-3.927
		14  1	-17.988
		15  0	-0.52
		16  1	-22.006
		17  0	-0.72

node  5		 link	 weight	 bias -12.462
		1  0	0.726
		2  1	-16.023
		3  1	0.677
		4  0	-5.522
		5  0	24.112
		6  0	32.133
		7  0	2.463
		8  1	-9.828
		9  0	-0.782
		10  1	-7.711
		12  0	7.278
		13  0	-14.973
		14  0	-19.58
		15  1	4.519
		16  0	-12.454
		17  1	-13.012

node  6		 link	 weight	 bias 18.206
		1  0	-9.979
		2  0	-13.518
		3  0	-0.063
		4  1	-25.873
		5  1	6.176
		6  0	12.762
		7  0	-3.001
		8  1	-10.206
		9  1	-9.303
		10  1	-16.635
		12  1	6.649
		13  1	-13.824
		14  1	12.019
		15  1	10.874
		16  1	10.767
		17  0	-0.25


 Layer 4

node  1		 link	 weight	 bias -3.748
		1  0	-42.411
		2  0	2.927
		3  0	-2.758
		4  0	0.133
		5  0	5.381
		6  0	-2.362
		7  0	-6.006
		8  0	10.134
		9  0	-0.855
		10  0	10.812
		12  1	-4.712
		13  1	-11.232
		14  1	-14.637
		15  1	-11.472
		16  1	-21.406
		17  0	2.967
		18  1	-14.38
		19  1	0.447
		20  1	-8.04
		21  1	2.236
		22  0	3.884
		23  1	4.652

node  2		 link	 weight	 bias 9.118
		1  0	0.979
		2  1	-22.309
		3  0	-4.321
		4  1	1.101
		5  0	-9.125
		6  1	-3.135
		7  0	0.0779999
		8  1	-12.69
		9  1	-24.052
		10  0	-5.869
		12  0	29.601
		13  1	-4.38
		14  0	-1.142
		15  0	-19.547
		16  0	-0.974
		17  1	-8.371
		18  0	-24.018
		19  1	9.443
		20  1	-17.378
		21  1	-26.372
		22  0	-4.785
		23  0	6.003

node  3		 link	 weight	 bias -2.734
		1  0	-15.815
		2  0	-14.583
		3  1	0.036
		4  1	-4.66
		5  0	-7.437
		6  1	-1.127
		7  1	-29.988
		8  1	-18.138
		9  1	-10.899
		10  1	-3.49
		12  0	-15.067
		13  0	0.344
		14  1	11.891
		15  1	-5.643
		16  0	-12.168
		17  1	-1.997
		18  1	-9.907
		19  0	-11.249
		20  0	-7.791
		21  0	-25.59
		22  0	5.774
		23  0	-3.693

node  4		 link	 weight	 bias -7.404
		1  1	-13.233
		2  0	-6.888
		3  1	2.068
		4  0	-11.858
		5  1	-41.092
		6  1	-22.176
		7  1	-22.552
		8  0	4.576
		9  0	-6.688
		10  0	-5.023
		12  1	-40.172
		13  0	-3.731
		14  1	12.85
		15  0	-0.64
		16  0	-18.071
		17  1	19.591
		18  1	-20.36
		19  1	-5.215
		20  0	-20.47
		21  0	8.293
		22  0	-2.359
		23  1	1.718

node  5		 link	 weight	 bias 9.906
		1  1	-9.591
		2  0	0.73
		3  1	-20.028
		4  1	-30.95
		5  0	0.899
		6  0	-21.623
		7  0	-6.272
		8  1	-2.27
		9  1	-7.131
		10  1	-24.479
		12  0	9.149
		13  0	-0.419
		14  1	-2.468
		15  1	-1.856
		16  1	-31.465
		17  0	-0.083
		18  0	7.9
		19  1	-15.28
		20  1	-8.039
		21  0	9.573
		22  0	-7.935
		23  0	-27.422

node  6		 link	 weight	 bias -2.61
		1  0	-13.606
		2  1	-0.419
		3  1	-4.974
		4  0	-10.389
		5  0	-8.374
		6  1	6.911
		7  1	-8.935
		8  1	-17.837
		9  1	7.752
		10  0	-0.176
		12  0	2.783
		13  1	-10.36
		14  0	-14.197
		15  1	-2.258
		16  0	-0.343
		17  1	4.723
		18  1	-25.129
		19  0	2.56
		20  1	1.29
		21  1	-12.452
		22  1	-2.016
		23  0	14.703


 Layer 5

node  1		 link	 weight	 bias 0.987
		1  0	0.081
		2  0	0.57
		3  0	-0.444
		4  0	-0.653
		5  1	-5.957
		6  0	-0.893
		7  0	-0.836
		8  0	0.594
		9  0	-0.434
		10  0	-0.941
		12  0	-0.871
		13  0	0.392
		14  0	-0.791
		15  1	0.057
		16  0	-0.742
		17  1	-1.882
		18  1	-4.322
		19  0	-0.637
		20  1	1.124
		21  0	0.92
		22  0	-0.089
		23  0	0.872
		24  0	0.168
		25  0	-0.435
		26  0	-0.654
		27  0	-0.216
		28  1	0.028
		29  0	-0.479


 Layer 2

node  1		 link	 weight	 bias -27.37
		1  1	-16.266
		2  0	-4.089
		3  1	12.36
		4  1	9.763
		5  0	-18.366
		6  1	-37.099
		7  1	5.195
		8  0	-29.75
		9  1	-12.681
		10  1	10.732

node  2		 link	 weight	 bias -11.047
		1  1	2.93
		2  1	-4.286
		3  1	6.176
		4  1	6.939
		5  0	-0.955
		6  0	-0.491
		7  0	-0.789
		8  0	0.621
		9  0	2.627
		10  1	-0.618

node  3		 link	 weight	 bias -19.551
		1  0	-1.694
		2  1	-7.63
		3  1	-0.794
		4  1	-1.467
		5  1	-23.649
		6  0	-7.167
		7  1	-14.742
		8  0	-12.108
		9  1	6.191
		10  1	1.695

node  4		 link	 weight	 bias -26.138
		1  1	-29.857
		2  1	-11.3
		3  0	-17.007
		4  0	-4.182
		5  0	-0.434
		6  1	-8.508
		7  1	-20.466
		8  1	-16.859
		9  1	13.361
		10  1	0.01

node  5		 link	 weight	 bias 21.572
		1  1	-5.071
		2  1	-3.224
		3  1	-40.735
		4  1	-9.744
		5  0	-30.408
		6  0	3.2
		7  1	-9.318
		8  0	3.042
		9  1	-24.827
		10  0	-1.624

node  6		 link	 weight	 bias -21.372
		1  1	-6.183
		2  0	3.477
		3  0	-10.36
		4  0	-17.722
		5  1	-12.315
		6  1	-15.012
		7  0	-33.748
		8  1	-8.223
		9  0	2.99
		10  1	-5.782


 Layer 3

node  1		 link	 weight	 bias 3.081
		1  1	-20.723
		2  0	17.005
		3  1	0.796
		4  0	-10.243
		5  0	8.115
		6  1	-4.666
		7  0	-1.009
		8  1	-16.345
		9  0	0.265
		10  0	-21.593
		12  0	0.305
		13  1	4.064
		14  0	4.497
		15  0	-3.88
		16  0	0.709
		17  1	-4.125

node  2		 link	 weight	 bias -19.82
		1  0	-10.557
		2  1	4.583
		3  1	0.395
		4  0	-30.143
		5  0	1.744
		6  1	-2.693
		7  0	-0.394
		8  0	-0.216
		9  1	3.765
		10  0	-10.698
		12  0	-0.443
		13  0	-11.91
		14  0	-2.125
		15  0	0.307
		16  1	-0.793
		17  0	-2.769

node  3		 link	 weight	 bias -29.623
		1  0	0.904
		2  1	-4.379
		3  0	-4.78
		4  0	2.711
		5  1	-24.451
		6  0	-23.326
		7  0	4.007
		8  0	-0.278
		9  0	-0.342
		10  0	-29.336
		12  1	-28.876
		13  0	7.707
		14  1	-45.303
		15  0	2.271
		16  1	-9.083
		17  1	-4.406

node  4		 link	 weight	 bias -36.166
		1  0	-12.498
		2  1	3.288
		3  1	-34.335
		4  0	0.19
		5  0	1.707
		6  1	-7.492
		7  1	-3.941
		8  0	-3.508
		9  0	3.428
		10  0	-7.04
		12  1	10.971
		13  1	-22.743
		14  1	-14.25
		15  1	-13.856
		16  1	-5.158
		17  1	-6.571

node  5		 link	 weight	 bias -24.425
		1  1	-10.663
		2  1	-4.615
		3  0	12.787
		4  0	8.456
		5  1	-5.862
		6  0	-2.836
		7  1	-27.252
		8  1	7.24
		9  0	-6.463
		10  0	-10.353
		12  1	-14.179
		13  0	1.248
		14  1	-1.325
		15  0	-17.849
		16  0	-8.595
		17  1	1.747

node  6		 link	 weight	 bias 5.259
		1  0	-0.156
		2  0	-10.437
		3  1	-0.062
		4  0	-11.482
		5  1	-1.457
		6  0	-28.517
		7  0	10.944
		8  0	-0.507
		9  0	-6.056
		10  0	0.159
		12  1	-16.836
		13  1	7.515
		14  0	-11.975
		15  0	5.095
		16  0	7.668
		17  0	-5.814


 Layer 4

node  1		 link	 weight	 bias -6.543
		1  0	3.56
		2  1	-16.866
		3  0	-1.826
		4  1	9.252
		5  1	-17.665
		6  1	4.331
		7  1	-7.616
		8  1	-10.765
		9  1	-9.969
		10  1	-2.896
		12  1	15.598
		13  0	-0.758
		14  1	-13.065
		15  0	-11.712
		16  0	-3.537
		17  1	1.002
		18  1	-1.923
		19  0	-0.349
		20  1	-37.177
		21  0	-2.034
		22  1	7.415
		23  1	-20.16

node  2		 link	 weight	 bias 19.772
		1  1	-32.793
		2  0	10.496
		3  0	-5.143
		4  1	-20.462
		5  0	5.881
		6  0	-19.042
		7  1	1.301
		8  0	-14.309
		9  1	-5.186
		10  0	5.857
		12  0	0.678
		13  1	-23.12
		14  1	-26.693
		15  0	-5.537
		16  1	4.216
		17  0	-12.829
		18  1	-12.28
		19  0	-7.509
		20  1	-2.539
		21  1	0.438
		22  1	0.689
		23  1	-4.941

node  3		 link	 weight	 bias 4.394
		1  0	-3.271
		2  1	0.728
		3  0	-0.124
		4  1	-5.199
		5  0	6.045
		6  1	-0.251
		7  0	0.345
		8  1	1.327
		9  1	1.588
		10  0	-0.625
		12  1	-10.713
		13  0	-36.541
		14  0	0.24
		15  1	-5.58
		16  1	-2.771
		17  1	-4.282
		18  0	5.028
		19  1	10.357
		20  0	-5.701
		21  1	-13.842
		22  1	19.518
		23  0	4.731

node  4		 link	 weight	 bias -1.389
		1  0	-0.457
		2  0	0.316
		3  0	-0.125
		4  1	-3.99
		5  0	-0.627
		6  0	1.101
		7  0	-0.738
		8  0	0.141
		9  0	0.527
		10  0	-0.307
		12  1	-0.256
		13  1	-0.794
		14  0	-0.678
		15  0	0.985
		16  0	-0.6
		17  0	0.887
		18  0	-0.543
		19  0	-0.657
		20  0	0.286
		21  0	0.955
		22  0	0.957
		23  0	0.411

node  5		 link	 weight	 bias 10.557
		1  0	-31.244
		2  0	-0.147
		3  1	7.187
		4  1	1.269
		5  0	-5.241
		6  0	2.405
		7  0	-22.735
		8  1	-47.473
		9  1	-6.667
		10  0	-1.363
		12  0	3.104
		13  0	-26.41
		14  1	-21.795
		15  1	8.863
		16  0	0.571
		17  0	-1.557
		18  1	-6.932
		19  1	-3.2
		20  1	-1.453
		21  1	-1.446
		22  1	-12.386
		23  1	2.383

node  6		 link	 weight	 bias -16.059
		1  1	-20.03
		2  1	18.259
		3  1	3.161
		4  1	-1.054
		5  0	-1.764
		6  0	1.756
		7  0	0.706
		8  1	1.314
		9  1	-12.801
		10  0	-2.235
		12  0	-8.459
		13  0	-0.563
		14  0	2.508
		15  0	0.327
		16  1	-4.464
		17  1	1.812
		18  0	-14.589
		19  0	-1.387
		20  0	-7.1
		21  1	-22.28
		22  1	-13.559
		23  1	7.765


 Layer 5

node  1		 link	 weight	 bias 0
		1  0	0.183
		2  0	0.873
		3  0	0.225
		4  0	-0.703
		5  0	0.457
		6  1	8.039
		7  0	0.798
		8  0	0.368
		9  0	-0.297
		10  0	0.091
		12  0	-0.981
		13  0	-0.547
		14  0	-0.487
		15  0	-0.884
		16  0	0.347
		17  0	-0.021
		18  0	-2.169
		19  1	0.1
		20  0	0.403
		21  1	-3.915
		22  1	1.369
		23  0	-0.82
		24  1	-4.951
		25  0	-0.304
		26  1	1.743
		27  1	6.203
		28  0	-0.261
		29  1	2.522
