
======================================================
Score	8.02938e+11
Z	0.000189648
alpha	-3.58203
betta	0.0464161
gamma	1.13544
Vx	-0.166457
Vy	0.11025
Vz	0.19626
engIng	0
cFuel	211
tfuel	214
======================================================

Initial Parametrs
rOa	{ 144 ; 30 ; -50 }

V	{ 10 ; 20 ; 20 }

w	{ -0.5 ; -0.5 ; -0.5 }

alpha	-0.35
betta	-0.35
gamma	-0.35
======================================================

 Layer 2

node  1		 link	 weight	 bias 2.264
		1  1	0.729
		2  0	0.28
		3  0	-0.33
		4  0	-0.431
		5  0	0.269
		6  0	-0.314
		7  0	0.09
		8  0	0.016
		9  0	0.071
		10  0	-0.00999999

node  2		 link	 weight	 bias -4.84
		1  0	0.244
		2  0	-0.404
		3  0	-0.208
		4  0	0.032
		5  1	-1.283
		6  0	-0.306
		7  0	-0.243
		8  0	0.02
		9  0	0.184
		10  1	-2.316

node  3		 link	 weight	 bias -2.207
		1  0	0.021
		2  0	0.053
		3  0	-0.45
		4  0	0.292
		5  0	0.17
		6  0	-0.277
		7  0	-0.392
		8  0	0.412
		9  0	-0.413
		10  0	-0.288

node  4		 link	 weight	 bias 3.218
		1  0	0.185
		2  0	0.262
		3  0	-0.284
		4  0	0.175
		5  0	-0.042
		6  0	0.263
		7  0	-0.243
		8  0	0.326
		9  0	-0.065
		10  0	0.343

node  5		 link	 weight	 bias 3.887
		1  0	0.242
		2  0	-0.11
		3  0	-0.254
		4  0	0.281
		5  0	-0.00999999
		6  0	0.488
		7  0	0.174
		8  0	0.274
		9  0	-0.262
		10  0	-0.279

node  6		 link	 weight	 bias -2.455
		1  0	-0.322
		2  0	0.056
		3  0	-0.066
		4  0	-0.169
		5  0	-0.451
		6  0	-0.07
		7  0	-0.261
		8  0	0.11
		9  0	0.335
		10  0	0.372

node  7		 link	 weight	 bias 0
		1  0	0.00599998
		2  0	-0.197
		3  0	0.361
		4  0	-0.445
		5  0	0.479
		6  0	0.261
		7  0	0.33
		8  0	-0.047
		9  0	0.221
		10  0	-0.326

node  8		 link	 weight	 bias 0
		1  0	0.365
		2  0	0.198
		3  0	-0.499
		4  0	0.298
		5  0	0.232
		6  0	-0.339
		7  0	-0.255
		8  0	0.176
		9  0	0.194
		10  0	-0.165


 Layer 3

node  1		 link	 weight	 bias 0
		1  0	0.219
		2  0	-0.4
		3  0	0.123
		4  0	-0.473
		5  0	0.073
		6  0	0.246
		7  0	-0.103
		8  0	-0.343
		9  0	-0.19
		10  0	0.357
		12  0	0.141
		13  0	0.305
		14  0	0.13
		15  0	-0.22
		16  0	-0.288
		17  0	-0.045
		18  0	0.36
		19  0	0.311

node  2		 link	 weight	 bias 2.458
		1  0	-0.319
		2  0	0.467
		3  0	0.281
		4  0	0.104
		5  0	-0.426
		6  1	3.024
		7  1	-3.107
		8  0	0.186
		9  0	0.33
		10  0	-0.222
		12  0	0.059
		13  0	0.217
		14  0	-0.119
		15  0	-0.168
		16  0	0.4
		17  0	0.00999999
		18  0	-0.129
		19  0	0.155

node  3		 link	 weight	 bias -2.222
		1  0	-0.313
		2  0	-0.177
		3  0	-0.24
		4  0	-0.315
		5  0	0.164
		6  0	0.441
		7  1	-4.131
		8  0	0.025
		9  0	-0.037
		10  0	-0.178
		12  1	-2.732
		13  1	-4.557
		14  0	0.257
		15  0	-0.327
		16  0	-0.355
		17  0	-0.246
		18  0	0.317
		19  0	-0.318

node  4		 link	 weight	 bias -2.77
		1  0	-0.122
		2  0	-0.051
		3  0	0.377
		4  0	-0.023
		5  0	-0.212
		6  0	-0.189
		7  0	0.213
		8  0	-0.08
		9  1	-0.169
		10  0	-0.00999999
		12  0	-0.37
		13  0	0.19
		14  0	-0.291
		15  0	-0.083
		16  0	0.011
		17  1	3.964
		18  1	-4.227
		19  1	-0.749

node  5		 link	 weight	 bias 1.946
		1  1	-5.389
		2  0	-0.138
		3  0	-0.122
		4  0	0.005
		5  0	0.369
		6  0	-0.138
		7  0	-0.481
		8  0	-0.087
		9  0	0.163
		10  0	0.23
		12  0	-0.411
		13  1	1.764
		14  0	-0.446
		15  0	-0.23
		16  0	0.075
		17  0	0.368
		18  0	-0.12
		19  0	-0.033

node  6		 link	 weight	 bias 0
		1  0	0.461
		2  0	-0.351
		3  0	-0.496
		4  0	0.171
		5  0	0.166
		6  0	0.282
		7  0	-0.268
		8  0	-0.39
		9  0	-0.481
		10  0	0.343
		12  0	-0.462
		13  0	-0.085
		14  0	-0.375
		15  0	0.041
		16  0	0.13
		17  0	0.162
		18  1	0.089
		19  0	-0.156

node  7		 link	 weight	 bias -0.0739998
		1  0	-6.864
		2  0	0.269
		3  1	4.635
		4  0	0.43
		5  0	0.132
		6  1	-1.867
		7  0	-0.475
		8  0	-0.291
		9  0	0.073
		10  0	0.251
		12  0	0.191
		13  0	-0.309
		14  0	0.349
		15  0	-0.032
		16  0	-0.016
		17  0	-0.266
		18  0	-0.396
		19  0	0.482

node  8		 link	 weight	 bias -3.176
		1  0	0.283
		2  0	0.083
		3  1	-0.117
		4  0	-0.26
		5  0	-0.482
		6  0	-0.398
		7  1	-0.581
		8  0	-0.221
		9  1	0.056
		10  0	0.124
		12  0	-0.071
		13  0	-0.41
		14  0	0.069
		15  0	-0.317
		16  0	-0.387
		17  0	0.113
		18  0	0.445
		19  0	-0.327


 Layer 4

node  1		 link	 weight	 bias -0.703
		1  0	-0.377
		2  0	-0.34
		3  0	-0.263
		4  0	-0.347
		5  0	-0.427
		6  0	-0.37
		7  1	-1.944
		8  0	-0.039
		9  0	-0.167
		10  0	0.142
		12  0	0.456
		13  0	0.263
		14  0	-0.5
		15  0	0.434
		16  0	0.245
		17  0	-0.426
		18  0	-0.181
		19  0	-0.337
		20  1	3.931
		21  0	-0.286
		22  0	0.232
		23  0	0.493
		24  0	0.38
		25  1	5.021
		26  0	0.474
		27  0	-0.349


 Layer 2

node  1		 link	 weight	 bias -1.002
		1  0	-0.234
		2  0	-0.486
		3  0	0.239
		4  0	0.274
		5  0	-0.044
		6  0	-0.298
		7  0	0.101
		8  0	0.00800002
		9  0	0.242
		10  0	0.209

node  2		 link	 weight	 bias -1.248
		1  0	0.11
		2  0	0.00400001
		3  0	-0.381
		4  0	0.192
		5  0	-0.168
		6  1	7.008
		7  0	0.424
		8  1	-0.28
		9  0	0.363
		10  0	0.219

node  3		 link	 weight	 bias -3.219
		1  0	-0.323
		2  0	0.13
		3  0	-0.161
		4  0	0.377
		5  0	0.163
		6  0	-0.141
		7  0	-0.075
		8  0	0.404
		9  0	-0.023
		10  0	-0.448

node  4		 link	 weight	 bias 0
		1  0	-0.121
		2  0	0.436
		3  0	-0.211
		4  0	-0.481
		5  0	-0.279
		6  0	-0.34
		7  0	-0.375
		8  0	0.131
		9  0	-0.435
		10  0	-0.432

node  5		 link	 weight	 bias -3.031
		1  0	-0.365
		2  0	-0.404
		3  1	1.118
		4  0	0.175
		5  0	-0.044
		6  0	0.208
		7  0	0.2
		8  0	-0.313
		9  0	-0.357
		10  0	-0.406

node  6		 link	 weight	 bias 0.605
		1  0	0.486
		2  0	0.467
		3  0	0.325
		4  0	-0.308
		5  0	0.478
		6  0	0.224
		7  0	-0.16
		8  1	7.227
		9  1	-1.415
		10  1	-0.316

node  7		 link	 weight	 bias -4.907
		1  0	-0.275
		2  0	-0.383
		3  0	-0.233
		4  0	0.319
		5  0	0.151
		6  0	-0.144
		7  0	0.223
		8  0	-0.5
		9  0	0.039
		10  0	0.02

node  8		 link	 weight	 bias -1.46
		1  1	-0.614
		2  0	-0.015
		3  0	-0.226
		4  0	-0.216
		5  0	0.263
		6  0	0.389
		7  0	0.154
		8  0	-0.141
		9  0	-0.397
		10  0	0.277


 Layer 3

node  1		 link	 weight	 bias 0.291
		1  0	-0.172
		2  1	-5.949
		3  0	0.41
		4  0	0.247
		5  0	0.066
		6  0	-0.015
		7  0	0.026
		8  0	0.251
		9  0	0.065
		10  0	0.242
		12  0	-0.458
		13  0	-0.332
		14  0	-0.166
		15  0	0.133
		16  0	0.332
		17  1	2.623
		18  1	2.6
		19  0	0.343

node  2		 link	 weight	 bias 1.431
		1  1	0.308
		2  0	0.207
		3  0	0.252
		4  0	-0.302
		5  0	-0.124
		6  0	-0.449
		7  0	0.17
		8  1	-0.125
		9  0	0.338
		10  0	0.005
		12  0	-0.072
		13  0	0.37
		14  0	0.168
		15  0	0.154
		16  0	-0.409
		17  1	2.385
		18  0	-0.316
		19  1	8.25

node  3		 link	 weight	 bias -3.034
		1  0	-0.356
		2  0	-0.162
		3  0	0.165
		4  0	-0.189
		5  0	-0.286
		6  0	-0.45
		7  0	0.208
		8  0	-0.065
		9  0	0.201
		10  1	0.156
		12  0	0.404
		13  0	0.069
		14  0	0.104
		15  0	-0.043
		16  0	-0.018
		17  0	0.405
		18  0	0.44
		19  0	-0.197

node  4		 link	 weight	 bias 0.79
		1  0	-0.492
		2  0	-0.236
		3  0	0.062
		4  0	0.183
		5  0	0.157
		6  0	-0.147
		7  1	1.086
		8  0	0.043
		9  0	0.298
		10  0	0.42
		12  0	-0.361
		13  0	0.217
		14  0	-0.458
		15  0	0.28
		16  0	0.433
		17  0	-0.33
		18  0	0.464
		19  0	-0.215

node  5		 link	 weight	 bias 0
		1  1	1.181
		2  0	-0.383
		3  0	-0.136
		4  0	0.417
		5  0	0.025
		6  0	-0.367
		7  0	0.057
		8  0	-0.424
		9  0	0.205
		10  0	0.397
		12  0	-0.076
		13  0	0.065
		14  0	0.196
		15  0	0.446
		16  0	0.31
		17  0	0.183
		18  0	-0.356
		19  0	-0.476

node  6		 link	 weight	 bias 2.478
		1  0	0.06
		2  0	-0.378
		3  0	0.436
		4  0	-0.187
		5  0	-0.425
		6  0	0.092
		7  1	-1.52
		8  0	0.407
		9  0	-0.236
		10  0	0.262
		12  0	0.366
		13  0	0.439
		14  0	-0.014
		15  0	-0.05
		16  0	0.07
		17  0	-0.061
		18  0	-0.078
		19  0	0.292

node  7		 link	 weight	 bias 0.177
		1  0	-0.192
		2  0	0.11
		3  1	0.368
		4  0	-0.024
		5  1	-0.402
		6  0	0.157
		7  0	-0.496
		8  0	-0.268
		9  0	-0.053
		10  0	-0.291
		12  0	0.029
		13  1	-2.561
		14  0	0.00800002
		15  0	-0.327
		16  0	-0.306
		17  0	0.214
		18  0	0.09
		19  0	-0.103

node  8		 link	 weight	 bias 0
		1  0	-0.341
		2  0	0.308
		3  0	-0.434
		4  0	-0.065
		5  0	-0.09
		6  0	-0.081
		7  0	-0.00299999
		8  0	0.267
		9  0	-0.363
		10  0	-0.464
		12  0	0.069
		13  0	-0.131
		14  0	-0.024
		15  0	0.289
		16  0	-0.113
		17  0	-0.137
		18  0	-0.229
		19  0	0.19


 Layer 4

node  1		 link	 weight	 bias -0.194
		1  0	0.239
		2  0	-0.454
		3  0	0.351
		4  1	0.854
		5  1	-0.00900006
		6  1	-0.927
		7  0	-0.199
		8  0	0.482
		9  0	0.092
		10  0	0.254
		12  0	0.227
		13  0	0.027
		14  0	0.125
		15  0	-0.029
		16  0	0.359
		17  1	-0.00400001
		18  0	-0.386
		19  0	0.288
		20  0	-0.13
		21  1	-0.297
		22  0	-0.193
		23  0	-0.376
		24  0	0.391
		25  0	-0.135
		26  0	-0.277
		27  1	2.042


 Layer 2

node  1		 link	 weight	 bias 0.073
		1  0	0.29
		2  0	0.426
		3  0	-0.367
		4  0	-0.057
		5  0	-0.025
		6  0	-0.024
		7  0	-0.103
		8  0	0.096
		9  0	0.088
		10  0	0.274

node  2		 link	 weight	 bias -0.0569999
		1  1	-0.257
		2  0	0.058
		3  1	2.063
		4  0	0.303
		5  0	-0.361
		6  0	-0.309
		7  1	-1.213
		8  1	-5.85
		9  0	0.194
		10  0	0.348

node  3		 link	 weight	 bias -1.714
		1  0	-0.358
		2  0	-0.388
		3  0	0.466
		4  1	-0.077
		5  0	-0.198
		6  0	-0.115
		7  0	-0.163
		8  0	-0.099
		9  0	-0.407
		10  0	0.397

node  4		 link	 weight	 bias 0
		1  0	0.363
		2  0	0.333
		3  0	-0.138
		4  0	-0.021
		5  1	-0.347
		6  0	-0.377
		7  0	-0.284
		8  0	-0.263
		9  0	0.364
		10  0	0.486

node  5		 link	 weight	 bias 0
		1  0	0.234
		2  0	0.305
		3  0	-0.358
		4  0	0.239
		5  0	0.149
		6  0	0.274
		7  0	0.089
		8  0	-0.423
		9  0	-0.37
		10  0	0.274

node  6		 link	 weight	 bias 0
		1  0	0.146
		2  0	0.296
		3  0	0.214
		4  0	-0.415
		5  0	-0.431
		6  1	1.211
		7  1	-0.226
		8  0	-0.295
		9  0	0.387
		10  0	0.382

node  7		 link	 weight	 bias -0.31
		1  0	-0.033
		2  0	0.122
		3  0	0.237
		4  0	0.486
		5  1	0.522
		6  0	-0.427
		7  0	0.056
		8  1	1.232
		9  0	-0.241
		10  1	0.78

node  8		 link	 weight	 bias 0
		1  0	0.344
		2  0	-0.081
		3  0	0.195
		4  0	0.42
		5  0	-0.022
		6  0	0.136
		7  0	-0.129
		8  0	0.361
		9  0	-0.055
		10  0	-0.454


 Layer 3

node  1		 link	 weight	 bias 1.804
		1  0	0.063
		2  1	3.61
		3  1	-1.378
		4  1	-2.915
		5  1	-1.337
		6  0	0.372
		7  0	-0.126
		8  0	0.126
		9  0	0.041
		10  0	0.295
		12  0	-0.111
		13  0	-0.433
		14  0	0.054
		15  0	0.146
		16  0	0.221
		17  0	-0.387
		18  0	-0.026
		19  0	-0.37

node  2		 link	 weight	 bias 0
		1  0	-0.29
		2  0	-0.389
		3  0	-0.16
		4  0	0.077
		5  0	0.439
		6  0	-0.274
		7  0	-0.342
		8  0	0.145
		9  0	0.314
		10  0	-0.278
		12  0	0.312
		13  0	-0.436
		14  0	-0.5
		15  0	0.277
		16  0	0.463
		17  0	-0.208
		18  0	-0.476
		19  0	0.244

node  3		 link	 weight	 bias 0
		1  0	0.005
		2  0	0.445
		3  0	-0.277
		4  0	-0.337
		5  0	-0.191
		6  0	0.209
		7  0	0.351
		8  0	-0.441
		9  0	-0.23
		10  0	-0.088
		12  1	-3.789
		13  0	0.337
		14  0	-0.371
		15  0	-0.353
		16  0	-0.473
		17  0	0.408
		18  0	0.499
		19  0	0.444

node  4		 link	 weight	 bias 1.304
		1  0	-0.331
		2  0	0.129
		3  0	0.299
		4  0	0.148
		5  0	0.333
		6  0	-0.00400001
		7  0	-0.473
		8  0	-0.222
		9  0	-0.275
		10  0	-0.455
		12  0	0.178
		13  0	0.44
		14  0	0.043
		15  0	-0.106
		16  0	0.199
		17  1	-0.498
		18  1	-9.995
		19  1	-0.163

node  5		 link	 weight	 bias 1.441
		1  0	-0.027
		2  0	-0.265
		3  0	-0.294
		4  0	-0.361
		5  0	-0.378
		6  0	-0.391
		7  0	-0.486
		8  1	2.808
		9  0	0.166
		10  0	0.424
		12  0	0.335
		13  0	-0.185
		14  0	0.497
		15  0	0.378
		16  0	-0.013
		17  0	-0.075
		18  0	0.423
		19  0	-0.038

node  6		 link	 weight	 bias 1.123
		1  0	0.119
		2  0	0.477
		3  0	-0.264
		4  0	-0.268
		5  0	0.235
		6  0	-0.088
		7  0	-0.247
		8  1	0.992
		9  0	0.236
		10  0	0.163
		12  0	-0.017
		13  0	0.115
		14  0	0.414
		15  0	-0.356
		16  0	-0.389
		17  0	0.38
		18  1	-0.186
		19  0	-0.464

node  7		 link	 weight	 bias -1.046
		1  0	-0.247
		2  0	-0.122
		3  0	-0.288
		4  0	0.089
		5  1	0.00300002
		6  0	0.074
		7  0	-0.077
		8  0	0.259
		9  1	-0.206
		10  0	-0.35
		12  0	-0.444
		13  0	0.458
		14  0	0.479
		15  0	-0.336
		16  0	-0.084
		17  1	-0.126
		18  0	-0.382
		19  0	-0.145

node  8		 link	 weight	 bias 0
		1  0	-0.07
		2  1	-4.418
		3  1	3.251
		4  0	0.43
		5  0	0.08
		6  0	0.143
		7  0	0.254
		8  0	-0.153
		9  0	0.412
		10  0	0.322
		12  0	-0.492
		13  1	1.479
		14  0	-0.298
		15  0	0.136
		16  0	0.046
		17  0	0.17
		18  0	0.244
		19  1	-0.245


 Layer 4

node  1		 link	 weight	 bias -0.0610001
		1  0	0.368
		2  1	-0.018
		3  0	-0.343
		4  0	0.038
		5  0	0.187
		6  0	-0.293
		7  0	-0.433
		8  1	4.077
		9  0	-0.491
		10  0	0.313
		12  0	0.236
		13  0	0.26
		14  0	0.427
		15  0	-0.09
		16  0	0.321
		17  0	0.323
		18  0	0.084
		19  0	0.019
		20  1	-0.276
		21  0	-0.382
		22  0	-0.287
		23  1	-0.297
		24  1	-1.484
		25  0	0.022
		26  1	-1.393
		27  0	0.481


 Layer 2

node  1		 link	 weight	 bias -2.52
		1  0	0.054
		2  0	0.036
		3  1	0.846
		4  0	0.116
		5  0	0.349
		6  0	0.081
		7  0	-0.364
		8  1	-1.044
		9  0	-0.444
		10  0	0.076

node  2		 link	 weight	 bias 0
		1  0	-0.311
		2  0	-0.215
		3  0	0.4
		4  0	-0.321
		5  0	0.304
		6  0	-0.391
		7  0	-0.326
		8  0	-0.482
		9  1	6.522
		10  0	0.442

node  3		 link	 weight	 bias 0
		1  0	-0.044
		2  0	-0.249
		3  0	0.026
		4  0	-0.397
		5  0	-0.418
		6  0	0.247
		7  0	0.249
		8  0	0.09
		9  0	-0.131
		10  0	-0.387

node  4		 link	 weight	 bias 0
		1  0	-0.171
		2  0	0.441
		3  0	-0.484
		4  0	-0.318
		5  0	-0.328
		6  0	0.47
		7  0	-0.41
		8  0	0.142
		9  0	-0.47
		10  0	-0.107

node  5		 link	 weight	 bias -1.049
		1  0	0.449
		2  0	-0.05
		3  0	0.207
		4  1	0.102
		5  0	0.458
		6  0	0.105
		7  0	0.274
		8  0	-0.179
		9  1	2.428
		10  0	-0.292

node  6		 link	 weight	 bias -1.541
		1  0	-0.392
		2  0	-0.035
		3  0	0.156
		4  0	0.034
		5  0	-0.059
		6  0	0.384
		7  0	-0.024
		8  0	-0.405
		9  1	0.327
		10  0	-0.332

node  7		 link	 weight	 bias 0
		1  1	-3.154
		2  0	-0.179
		3  0	0.12
		4  0	0.253
		5  1	2.056
		6  0	-0.207
		7  0	0.455
		8  0	0.248
		9  0	0.235
		10  0	-0.471

node  8		 link	 weight	 bias 1.145
		1  0	-0.054
		2  0	0.445
		3  0	-0.293
		4  0	0.331
		5  1	-1.63
		6  0	-0.15
		7  0	0.494
		8  1	0.275
		9  0	-0.017
		10  0	-0.086


 Layer 3

node  1		 link	 weight	 bias 0
		1  0	0.096
		2  0	-0.259
		3  1	0.711
		4  0	0.206
		5  0	0.033
		6  0	-0.458
		7  0	0.423
		8  0	-0.188
		9  1	0.179
		10  0	-0.045
		12  0	0.179
		13  0	0.097
		14  0	0.352
		15  0	0.101
		16  0	0.372
		17  0	-0.087
		18  0	-0.05
		19  0	-0.076

node  2		 link	 weight	 bias 3.053
		1  0	-0.179
		2  0	-0.279
		3  0	0.028
		4  0	-0.257
		5  0	0.178
		6  0	-0.015
		7  1	0.665
		8  0	-0.028
		9  0	0.104
		10  1	-4.709
		12  0	-0.079
		13  0	0.218
		14  0	0.304
		15  0	-0.355
		16  0	-0.128
		17  0	0.14
		18  0	-0.454
		19  0	0.379

node  3		 link	 weight	 bias 0
		1  0	0.065
		2  0	0.497
		3  0	-0.013
		4  0	0.483
		5  0	0.493
		6  0	-0.22
		7  0	0.000999987
		8  0	0.218
		9  0	-0.000999987
		10  0	-0.15
		12  0	-0.286
		13  0	-0.187
		14  0	-0.493
		15  0	0.183
		16  0	0.402
		17  0	-0.33
		18  0	-0.434
		19  0	0.04

node  4		 link	 weight	 bias 0
		1  0	-0.446
		2  0	-0.152
		3  1	0.072
		4  0	0.237
		5  0	0.039
		6  1	-0.624
		7  0	0.262
		8  1	-1.886
		9  0	0.236
		10  0	0.318
		12  0	-0.185
		13  0	-0.185
		14  1	-1.074
		15  1	4.143
		16  0	0.323
		17  1	0.093
		18  0	0.158
		19  0	-0.283

node  5		 link	 weight	 bias 0.741
		1  1	-1.799
		2  0	-0.47
		3  0	-0.466
		4  0	0.429
		5  0	0.135
		6  0	-0.108
		7  0	-0.369
		8  0	-0.337
		9  0	0.009
		10  0	0.203
		12  0	-0.133
		13  0	-0.236
		14  0	-0.174
		15  0	0.456
		16  0	-0.088
		17  1	0.498
		18  0	0.296
		19  0	-0.3

node  6		 link	 weight	 bias -1.29
		1  0	-0.26
		2  0	-0.196
		3  0	0.011
		4  0	0.274
		5  0	-0.315
		6  0	-0.475
		7  0	-0.483
		8  0	-0.045
		9  0	0.25
		10  0	-0.23
		12  0	-2.129
		13  0	0.194
		14  0	-0.304
		15  0	0.248
		16  0	-0.48
		17  0	-0.385
		18  0	0.038
		19  0	-0.452

node  7		 link	 weight	 bias 0
		1  0	-0.079
		2  0	0.263
		3  0	-0.175
		4  0	0.143
		5  1	-1.886
		6  0	-0.396
		7  0	-0.047
		8  0	-0.46
		9  1	8.394
		10  0	0.149
		12  0	-0.306
		13  0	-0.295
		14  0	0.041
		15  0	-0.38
		16  0	0.419
		17  0	-0.073
		18  1	-1.36
		19  1	5.02

node  8		 link	 weight	 bias -2.454
		1  0	0.195
		2  0	0.318
		3  0	0.308
		4  0	0.366
		5  0	0.411
		6  0	0.394
		7  0	0.223
		8  0	0.409
		9  0	-0.037
		10  0	-0.065
		12  0	-0.385
		13  0	0.128
		14  0	0.237
		15  0	0.396
		16  0	0.145
		17  0	-0.113
		18  0	0.249
		19  0	0.356


 Layer 4

node  1		 link	 weight	 bias 0
		1  1	0.0699998
		2  0	-0.295
		3  0	-0.451
		4  0	0.306
		5  0	0.249
		6  0	-0.074
		7  0	-0.299
		8  0	-0.097
		9  0	0.318
		10  0	0.133
		12  0	0.027
		13  0	0.034
		14  0	0.444
		15  0	0.413
		16  0	-0.312
		17  0	0.21
		18  0	0.222
		19  0	-0.09
		20  0	-0.091
		21  0	-0.376
		22  0	-0.432
		23  1	-0.278
		24  0	0.3
		25  0	0.339
		26  0	-0.46
		27  0	0.258
