
======================================================
Score	4.89114e+10
Z	0
alpha	-0.35
betta	-1.82703
gamma	-1.67497
Vx	-0.292171
Vy	-0.0121484
Vz	0.066668
engIng	0
cFuel	46
tfuel	190.817
======================================================

Initial Parametrs
rOa	{ 0 ; 0 ; -50 }

V	{ 10 ; 20 ; 20 }

w	{ -0.5 ; -0.5 ; -0.5 }

alpha	-0.35
betta	-0.35
gamma	-0.35
======================================================

 Layer 2

node  1		 link	 weight	 bias 1.407
		1  0	0.829
		2  0	-0.268
		3  0	0.327
		4  0	0.361
		5  0	-0.306
		6  0	0.158
		7  1	-3.779
		8  1	-7.982
		9  1	-1.36
		10  0	-0.721

node  2		 link	 weight	 bias -1.216
		1  0	0.153
		2  0	0.232
		3  0	11.828
		4  0	0.344
		5  0	-0.575
		6  0	0.909
		7  1	2.96
		8  0	0.573
		9  1	-4.848
		10  0	0.353

node  3		 link	 weight	 bias 1.514
		1  1	2.31
		2  1	-42.376
		3  0	0.853
		4  1	-1.797
		5  0	0.374
		6  0	0.575
		7  0	0.857
		8  0	0.952
		9  1	-4.735
		10  0	0.442

node  4		 link	 weight	 bias 0.103
		1  0	-0.944
		2  0	0.554
		3  0	-0.613
		4  0	0.11
		5  0	0.304
		6  1	-2.906
		7  1	6.942
		8  0	-4.851
		9  1	-1.333
		10  0	-0.82

node  5		 link	 weight	 bias 0.809
		1  0	0.334
		2  0	0.252
		3  0	-0.159
		4  0	0.087
		5  0	-0.118
		6  1	0.324
		7  1	-3.301
		8  0	-0.784
		9  1	-1.271
		10  0	-0.739

node  6		 link	 weight	 bias -0.322
		1  0	0.893
		2  0	0.849
		3  0	0.241
		4  0	-0.356
		5  0	0.532
		6  0	0.673
		7  0	-0.993
		8  0	0.467
		9  0	0.882
		10  0	-0.283


 Layer 3

node  1		 link	 weight	 bias 8.185
		1  0	-0.481
		2  1	-5.726
		3  0	-0.451
		4  0	-0.585
		5  1	0.373
		6  1	6.165
		7  0	0.22
		8  0	0.899
		9  0	0.84
		10  0	0.218
		12  1	-1.195
		13  0	-4.352
		14  1	3.92
		15  1	1.453
		16  1	-1.584
		17  0	0.742

node  2		 link	 weight	 bias 3.227
		1  0	-0.535
		2  0	-0.294
		3  0	-0.12
		4  1	-3.961
		5  0	0.534
		6  1	-0.408
		7  0	-0.27
		8  0	-0.35
		9  1	-0.634
		10  0	0.355
		12  0	-0.893
		13  0	0.905
		14  0	0.203
		15  0	0.328
		16  0	-0.778
		17  0	-0.566

node  3		 link	 weight	 bias 6.494
		1  1	-6.19
		2  0	2.756
		3  1	-2.623
		4  0	0.316
		5  0	0.262
		6  1	-0.355
		7  1	-4.588
		8  0	-0.348
		9  1	-7.846
		10  0	0.126
		12  1	3.145
		13  0	-0.464
		14  0	-0.131
		15  0	0.695
		16  1	-0.891
		17  0	0.293

node  4		 link	 weight	 bias 3.024
		1  0	-0.234
		2  1	-2.075
		3  0	-0.112
		4  0	-0.485
		5  0	0.421
		6  0	-0.062
		7  1	1.681
		8  0	-0.644
		9  0	-0.185
		10  1	2.28
		12  0	0.237
		13  0	0.62
		14  0	-0.254
		15  0	-10.008
		16  0	0.875
		17  1	0.292

node  5		 link	 weight	 bias 3.416
		1  0	0.166
		2  0	-0.4
		3  1	6.261
		4  0	0.089
		5  0	0.658
		6  1	0.313
		7  0	-0.264
		8  1	4.373
		9  0	-0.056
		10  1	-10.154
		12  0	-0.35
		13  0	0.295
		14  0	0.975
		15  1	-9.611
		16  0	-0.456
		17  1	2.814

node  6		 link	 weight	 bias -4.61
		1  0	0.184
		2  0	-0.614
		3  1	2.179
		4  0	0.805
		5  0	-0.777
		6  0	0.94
		7  0	-0.171
		8  1	6.817
		9  0	0.925
		10  0	0.984
		12  0	-0.629
		13  0	-0.068
		14  0	-3.918
		15  1	-3.291
		16  0	-0.75
		17  0	0.59


 Layer 4

node  1		 link	 weight	 bias -1.447
		1  0	0.689
		2  0	-0.426
		3  1	4.704
		4  0	0.613
		5  0	-2.491
		6  0	-0.144
		7  1	-0.846
		8  0	0.747
		9  0	-7.31
		10  0	0.897
		12  1	11.018
		13  0	0.674
		14  0	-0.755
		15  0	0.714
		16  0	-0.248
		17  0	-0.608
		18  0	0.254
		19  0	0.734
		20  1	1.358
		21  1	-10.906
		22  0	-0.422
		23  0	-0.394

node  2		 link	 weight	 bias 0.555
		1  1	0.617
		2  0	-0.367
		3  0	6.926
		4  0	-0.964
		5  1	-0.274
		6  1	-0.673
		7  0	0.238
		8  0	-0.02
		9  0	0.566
		10  1	0.724
		12  0	0.44
		13  1	6.671
		14  0	-0.508
		15  0	-0.916
		16  1	-1.083
		17  0	-0.802
		18  0	1.533
		19  1	-7.502
		20  0	0.845
		21  1	-5.976
		22  0	0.842
		23  0	-0.709

node  3		 link	 weight	 bias 0.7
		1  0	-0.671
		2  1	3.442
		3  1	-5.212
		4  0	0.552
		5  0	-4.543
		6  0	0.295
		7  1	11.326
		8  0	-0.937
		9  1	-0.296
		10  0	0.0779999
		12  0	0.573
		13  0	0.855
		14  0	-0.985
		15  0	0.217
		16  1	2.763
		17  0	0.196
		18  1	-1.635
		19  0	0.722
		20  0	0.033
		21  0	0.683
		22  0	-0.404
		23  1	-5.388

node  4		 link	 weight	 bias 2.164
		1  1	12.592
		2  0	-0.881
		3  1	-2.121
		4  0	0.193
		5  1	4.037
		6  0	0.585
		7  0	-0.844
		8  0	-0.171
		9  0	-0.987
		10  1	0.127
		12  0	-0.727
		13  0	0.58
		14  0	-2.796
		15  0	-0.948
		16  0	-0.295
		17  0	0.084
		18  0	-0.659
		19  0	0.247
		20  0	-0.906
		21  0	-0.093
		22  0	0.399
		23  1	-0.000999987

node  5		 link	 weight	 bias -0.277
		1  0	0.648
		2  0	0.633
		3  0	-0.505
		4  0	0.415
		5  0	-0.926
		6  0	-0.602
		7  0	-0.716
		8  0	-0.296
		9  0	-0.893
		10  1	-0.017
		12  0	-0.845
		13  0	0.789
		14  0	-0.275
		15  0	0.508
		16  0	-0.918
		17  0	-0.563
		18  0	-0.915
		19  0	-0.907
		20  0	-0.215
		21  0	-0.00999999
		22  0	0.224
		23  0	0.114

node  6		 link	 weight	 bias -3.895
		1  1	4.365
		2  0	-0.631
		3  0	-0.9
		4  0	-0.608
		5  0	-0.116
		6  1	-0.141
		7  1	-1.147
		8  0	-0.894
		9  0	-4.552
		10  0	0.219
		12  1	-1.865
		13  1	-15.802
		14  1	-1.678
		15  1	7.038
		16  0	-0.766
		17  0	-0.198
		18  0	0.892
		19  1	-2.27
		20  0	0.258
		21  0	-0.054
		22  1	-14.803
		23  0	-0.207


 Layer 5

node  1		 link	 weight	 bias -2.327
		1  1	-0.868
		2  0	-0.755
		3  0	0.896
		4  0	-0.589
		5  0	0.274
		6  1	0.401
		7  0	0.502
		8  0	-0.518
		9  0	0.602
		10  1	-0.369
		12  0	-0.7
		13  1	0.29
		14  1	0.762
		15  0	0.166
		16  1	1.929
		17  1	-7.149
		18  0	-0.632
		19  0	0.035
		20  0	-0.323
		21  0	-0.996
		22  0	0.953
		23  0	0.578
		24  0	-0.275
		25  0	0.522
		26  0	-0.186
		27  0	0.841
		28  1	7.68
		29  0	-0.109


 Layer 2

node  1		 link	 weight	 bias 0.763
		1  1	1.314
		2  0	-0.307
		3  1	-0.875
		4  1	-12.645
		5  0	-0.872
		6  0	0.923
		7  0	0.0470001
		8  0	-0.387
		9  0	0.755
		10  0	0.347

node  2		 link	 weight	 bias 2.798
		1  0	-0.546
		2  0	0.498
		3  0	0.654
		4  0	0.7
		5  0	0.255
		6  0	-0.786
		7  1	-0.808
		8  0	4.295
		9  0	0.191
		10  0	0.321

node  3		 link	 weight	 bias -1.064
		1  0	0.57
		2  0	-0.411
		3  0	-0.083
		4  0	-0.474
		5  1	6.765
		6  1	-0.691
		7  0	-0.046
		8  0	-0.579
		9  0	-0.362
		10  0	0.593

node  4		 link	 weight	 bias 0.562
		1  0	0.329
		2  0	-0.759
		3  0	-0.517
		4  0	0.462
		5  1	-1.457
		6  1	-2.519
		7  0	-0.282
		8  0	-0.114
		9  0	0.731
		10  0	0.937

node  5		 link	 weight	 bias -3.782
		1  0	0.252
		2  0	0.418
		3  0	-0.788
		4  0	-0.873
		5  0	0.972
		6  0	-0.998
		7  1	0.348
		8  0	0.167
		9  1	-1.354
		10  0	0.957

node  6		 link	 weight	 bias 3.837
		1  0	-0.353
		2  0	-0.551
		3  0	0.205
		4  0	0.81
		5  0	0.034
		6  1	-1.471
		7  0	-0.41
		8  0	-0.145
		9  0	-0.47
		10  1	5.088


 Layer 3

node  1		 link	 weight	 bias 5.728
		1  1	-1.74
		2  1	-6.634
		3  0	-0.382
		4  0	0.258
		5  0	-0.244
		6  0	0.162
		7  0	-0.221
		8  0	0.056
		9  1	-0.917
		10  0	-0.632
		12  0	-0.933
		13  1	0.546
		14  0	0.472
		15  1	6.667
		16  0	0.064
		17  0	-0.946

node  2		 link	 weight	 bias -0.683
		1  0	-0.488
		2  0	0.786
		3  0	0.579
		4  1	3.019
		5  0	-0.6
		6  0	0.233
		7  0	-0.848
		8  0	0.122
		9  0	-0.471
		10  0	0.37
		12  0	-0.129
		13  0	0.664
		14  1	3.929
		15  0	-0.19
		16  0	0.487
		17  0	-0.005

node  3		 link	 weight	 bias -2.97
		1  0	-0.907
		2  0	-0.146
		3  0	-0.73
		4  0	0.675
		5  0	-0.053
		6  0	-0.217
		7  0	-0.647
		8  0	0.164
		9  0	0.688
		10  0	-0.223
		12  1	-4.455
		13  0	-0.891
		14  0	0.136
		15  1	-7.392
		16  0	0.796
		17  1	5.888

node  4		 link	 weight	 bias -2.245
		1  0	-0.647
		2  0	-0.236
		3  0	0.425
		4  0	0.0930001
		5  0	0.684
		6  0	0.715
		7  0	0.744
		8  0	0.388
		9  0	0.039
		10  0	-0.084
		12  0	0.102
		13  0	-0.203
		14  0	-0.559
		15  0	0.052
		16  0	-0.601
		17  0	0.478

node  5		 link	 weight	 bias 3.556
		1  1	1.132
		2  0	-0.137
		3  0	0.879
		4  0	-0.64
		5  0	-3.203
		6  0	-0.698
		7  0	-0.024
		8  0	6.028
		9  0	-1.891
		10  1	8.66
		12  0	-0.669
		13  0	-0.409
		14  0	0.223
		15  1	-3.051
		16  0	-0.765
		17  0	0.343

node  6		 link	 weight	 bias -5.524
		1  1	0.384
		2  0	-0.744
		3  0	-0.04
		4  0	-0.834
		5  0	-0.1
		6  0	0.357
		7  0	0.521
		8  0	0.873
		9  1	5.134
		10  0	0.237
		12  0	-0.124
		13  1	1.4
		14  0	-0.1
		15  0	0.013
		16  0	0.878
		17  0	-0.00199997


 Layer 4

node  1		 link	 weight	 bias -6.063
		1  0	-0.566
		2  0	0.658
		3  0	-0.992
		4  0	-3.033
		5  1	-1.825
		6  1	0.996
		7  0	-0.882
		8  1	0.018
		9  0	-0.409
		10  0	0.693
		12  1	-14.996
		13  0	0.321
		14  0	-0.192
		15  1	4.941
		16  0	-0.746
		17  0	-0.593
		18  0	-0.02
		19  1	-4.482
		20  0	0.581
		21  0	-0.213
		22  0	0.329
		23  0	0.089

node  2		 link	 weight	 bias 2.18
		1  0	0.105
		2  0	-0.763
		3  0	-0.607
		4  1	-2.484
		5  1	-8.152
		6  0	-0.536
		7  1	-1.065
		8  0	-0.082
		9  0	0.73
		10  0	-0.486
		12  1	-3.895
		13  0	-0.451
		14  0	0.548
		15  0	-0.239
		16  0	0.995
		17  0	-0.671
		18  0	0.038
		19  1	-7.971
		20  0	0.682
		21  0	-0.761
		22  1	0.101
		23  0	-2.353

node  3		 link	 weight	 bias -0.793
		1  0	0.774
		2  0	-0.801
		3  0	-0.309
		4  0	0.768
		5  1	4.879
		6  0	-1.938
		7  0	-0.238
		8  1	-3.599
		9  0	0.00800002
		10  0	-0.599
		12  0	-0.563
		13  0	0.815
		14  1	2.719
		15  0	-0.94
		16  0	-0.089
		17  0	-0.315
		18  0	0.296
		19  0	-0.291
		20  1	-6.12
		21  0	0.768
		22  1	2.33
		23  0	-0.862

node  4		 link	 weight	 bias -7.904
		1  0	-0.214
		2  1	-1.342
		3  0	-0.918
		4  1	3.706
		5  1	4.686
		6  0	-0.241
		7  0	0.709
		8  1	-7.091
		9  0	0.776
		10  1	-7.988
		12  0	0.335
		13  0	-0.353
		14  1	-8.074
		15  0	0.652
		16  0	0.251
		17  1	-6.909
		18  1	2.617
		19  0	-0.798
		20  0	-0.678
		21  0	-0.515
		22  0	-0.205
		23  1	0.372

node  5		 link	 weight	 bias -1.686
		1  0	-0.162
		2  1	-3.002
		3  0	-1.854
		4  1	1.191
		5  0	0.663
		6  0	-0.42
		7  0	-0.612
		8  0	-0.749
		9  0	-0.727
		10  1	9.205
		12  0	-0.616
		13  0	0.752
		14  0	-0.949
		15  1	0.515
		16  1	0.577
		17  1	-6.001
		18  0	-0.807
		19  0	-0.738
		20  0	0.231
		21  0	-0.714
		22  1	-0.887
		23  1	0.801

node  6		 link	 weight	 bias -0.219
		1  0	0.93
		2  0	0.133
		3  0	0.572
		4  0	0.392
		5  0	-0.386
		6  0	0.766
		7  0	-0.279
		8  0	-0.766
		9  0	0.00399995
		10  0	0.664
		12  0	0.612
		13  0	0.906
		14  1	0.647
		15  0	0.713
		16  0	0.518
		17  0	-0.589
		18  0	0.761
		19  1	1.798
		20  0	0.388
		21  0	-11.902
		22  0	0.281
		23  0	0.097


 Layer 5

node  1		 link	 weight	 bias -0.038
		1  0	-0.214
		2  1	-0.32
		3  0	-0.699
		4  1	2.588
		5  0	-0.553
		6  1	-0.65
		7  0	-0.748
		8  0	-0.962
		9  0	0.468
		10  0	0.661
		12  0	-0.215
		13  0	0.856
		14  0	0.307
		15  0	1.903
		16  0	-0.412
		17  0	0.958
		18  0	-0.349
		19  0	0.231
		20  0	0.464
		21  0	-0.23
		22  0	0.922
		23  0	-0.014
		24  0	0.756
		25  0	0.237
		26  0	0.837
		27  0	-0.958
		28  0	0.474
		29  1	0.78


 Layer 2

node  1		 link	 weight	 bias -0.973
		1  1	-1.319
		2  0	-0.812
		3  0	0.252
		4  0	0.843
		5  0	-0.732
		6  0	-0.388
		7  0	-0.643
		8  1	-7.11
		9  0	-0.137
		10  0	0.409

node  2		 link	 weight	 bias 9.532
		1  0	0.372
		2  0	-0.144
		3  0	-0.302
		4  0	0.651
		5  0	0.656
		6  0	0.739
		7  0	0.962
		8  0	0.655
		9  0	0.798
		10  0	0.33

node  3		 link	 weight	 bias -0.658
		1  0	2.561
		2  0	0.086
		3  1	0.466
		4  0	-0.388
		5  0	-0.216
		6  1	-0.951
		7  0	-1.617
		8  0	0.071
		9  1	-0.799
		10  1	5.841

node  4		 link	 weight	 bias 3.049
		1  1	0.793
		2  0	0.831
		3  0	-0.542
		4  0	3.873
		5  0	0.361
		6  0	0.172
		7  0	0.685
		8  0	0.747
		9  0	0.596
		10  0	0.844

node  5		 link	 weight	 bias -1.135
		1  0	9.252
		2  1	4.181
		3  1	-3.071
		4  0	-0.515
		5  1	-6.524
		6  0	-0.719
		7  1	-1.871
		8  0	-2.069
		9  1	-0.841
		10  0	0.482

node  6		 link	 weight	 bias 0.403
		1  0	-0.656
		2  1	-4.064
		3  0	0.021
		4  0	0.108
		5  0	0.963
		6  0	-0.038
		7  0	-0.532
		8  0	0.617
		9  0	0.407
		10  0	-0.489


 Layer 3

node  1		 link	 weight	 bias -0.283
		1  1	3.503
		2  1	0.689
		3  0	0.049
		4  1	-1.033
		5  1	-4.804
		6  1	-3.367
		7  0	-0.704
		8  0	-0.078
		9  0	0.466
		10  0	-0.898
		12  0	-0.099
		13  0	-0.551
		14  1	-5.057
		15  1	-4.182
		16  1	1.779
		17  0	0.794

node  2		 link	 weight	 bias 2.453
		1  1	-10.496
		2  1	-14.852
		3  0	0.294
		4  0	-0.108
		5  0	-0.869
		6  0	0.719
		7  0	-0.102
		8  0	-0.33
		9  1	-0.293
		10  1	1.24
		12  0	-0.615
		13  0	0.795
		14  1	4.31
		15  0	-0.807
		16  0	-0.848
		17  1	-0.059

node  3		 link	 weight	 bias 0.929
		1  0	-0.676
		2  0	-3.111
		3  1	-7.294
		4  0	-0.941
		5  1	-1.235
		6  1	8.352
		7  1	-9.593
		8  0	-0.245
		9  0	0.665
		10  0	-6.892
		12  0	0.902
		13  0	-0.41
		14  0	-0.535
		15  0	-0.421
		16  0	0.534
		17  0	-0.273

node  4		 link	 weight	 bias -3.933
		1  1	4.187
		2  0	0.605
		3  0	0.458
		4  0	-0.665
		5  0	-0.11
		6  1	2.73
		7  0	-0.615
		8  0	-0.79
		9  0	-0.133
		10  1	3.967
		12  0	0.404
		13  0	1.912
		14  0	0.336
		15  0	0.399
		16  0	0.364
		17  0	0.236

node  5		 link	 weight	 bias 14.739
		1  1	3.985
		2  1	-0.066
		3  0	-0.536
		4  1	-2.03
		5  0	4.993
		6  0	0.122
		7  0	0.227
		8  0	0.253
		9  0	0.992
		10  0	0.417
		12  1	-2.082
		13  1	0.648
		14  0	0.749
		15  0	0.4
		16  1	2.61
		17  0	-0.083

node  6		 link	 weight	 bias -0.669
		1  0	-0.998
		2  0	0.35
		3  0	0.716
		4  0	0.822
		5  0	0.455
		6  0	-0.153
		7  0	0.58
		8  0	-0.077
		9  1	0.054
		10  0	-0.565
		12  1	2.834
		13  0	0.717
		14  0	0.467
		15  0	-0.275
		16  0	-0.051
		17  0	-0.429


 Layer 4

node  1		 link	 weight	 bias 0.235
		1  0	-0.813
		2  0	-0.757
		3  0	0.461
		4  0	-0.522
		5  0	5.444
		6  0	0.682
		7  1	2.763
		8  0	-0.889
		9  1	0.276
		10  0	-0.488
		12  0	0.45
		13  0	-0.449
		14  0	0.238
		15  0	0.076
		16  1	-0.78
		17  0	-0.385
		18  1	-2.762
		19  0	-0.786
		20  1	-0.987
		21  1	-0.531
		22  1	-3.049
		23  0	6.738

node  2		 link	 weight	 bias 10.171
		1  1	-0.114
		2  1	2.797
		3  1	-5.329
		4  0	0.016
		5  0	0.645
		6  0	0.809
		7  0	0.247
		8  0	-0.502
		9  0	-0.644
		10  0	0.903
		12  1	2.233
		13  0	0.108
		14  0	-0.616
		15  0	-0.751
		16  0	0.429
		17  0	-0.639
		18  0	0.958
		19  1	-2.609
		20  1	-1.681
		21  0	-0.38
		22  0	0.298
		23  0	-0.54

node  3		 link	 weight	 bias 2.247
		1  0	0.378
		2  0	-0.078
		3  0	-0.012
		4  0	3.657
		5  0	0.623
		6  0	0.352
		7  0	-0.466
		8  1	-0.567
		9  0	0.522
		10  0	0.747
		12  0	0.219
		13  0	0.626
		14  0	-0.676
		15  0	0.3
		16  0	0.64
		17  0	-0.02
		18  0	-0.124
		19  0	0.931
		20  1	0.577
		21  0	-2.42
		22  0	0.113
		23  0	-0.185

node  4		 link	 weight	 bias -0.709
		1  1	0.185
		2  0	0.299
		3  0	0.782
		4  0	-0.834
		5  0	0.326
		6  1	-6.488
		7  0	0.608
		8  0	0.021
		9  0	0.86
		10  0	0.752
		12  0	0.392
		13  0	-0.427
		14  0	-0.795
		15  0	-0.981
		16  0	0.357
		17  0	-0.335
		18  0	-0.542
		19  0	0.259
		20  0	0.949
		21  0	0.923
		22  0	-0.57
		23  0	0.562

node  5		 link	 weight	 bias -0.379
		1  0	0.716
		2  1	0.307
		3  0	1.399
		4  0	0.473
		5  0	0.138
		6  1	-4.874
		7  0	0.721
		8  0	-0.404
		9  0	0.215
		10  0	0.26
		12  0	0.901
		13  1	0.526
		14  1	2.389
		15  0	0.406
		16  0	0.593
		17  0	0.155
		18  0	0.414
		19  0	-0.746
		20  0	-0.154
		21  1	11.088
		22  0	-0.071
		23  0	0.829

node  6		 link	 weight	 bias 2.152
		1  1	4.747
		2  1	3.082
		3  0	-5.201
		4  0	-0.953
		5  0	-0.00300002
		6  0	-0.355
		7  1	-6.909
		8  0	-0.972
		9  0	-0.163
		10  1	0.951
		12  0	-0.615
		13  0	-0.656
		14  0	-0.266
		15  0	-0.188
		16  1	3.702
		17  0	-0.798
		18  1	-1.599
		19  0	-0.195
		20  0	-0.894
		21  1	-3.961
		22  0	-0.111
		23  0	0.144


 Layer 5

node  1		 link	 weight	 bias -1.085
		1  0	0.408
		2  0	-0.731
		3  0	-0.558
		4  0	-0.479
		5  1	-0.383
		6  0	0.274
		7  0	-0.188
		8  0	-0.582
		9  0	-0.174
		10  0	-0.966
		12  0	-0.296
		13  0	-0.706
		14  0	0.045
		15  0	-0.591
		16  0	-0.897
		17  1	-1.812
		18  0	0.692
		19  0	0.972
		20  0	0.539
		21  0	0.843
		22  0	-0.305
		23  0	0.954
		24  0	0.341
		25  0	0.323
		26  0	-0.257
		27  0	-0.539
		28  0	-0.863
		29  0	0.645


 Layer 2

node  1		 link	 weight	 bias -0.365
		1  0	0.366
		2  1	-0.347
		3  0	-0.962
		4  1	0.712
		5  0	-0.269
		6  0	0.072
		7  0	-0.707
		8  1	2.156
		9  0	0.096
		10  0	-0.271

node  2		 link	 weight	 bias -3.702
		1  0	0.086
		2  0	-0.955
		3  0	0.719
		4  0	0.62
		5  0	-0.587
		6  0	0.586
		7  0	0.907
		8  1	2.751
		9  0	-0.23
		10  1	-1.967

node  3		 link	 weight	 bias 3.109
		1  0	0.204
		2  0	-0.584
		3  1	1.792
		4  0	-0.515
		5  0	-0.208
		6  0	0.75
		7  0	-0.575
		8  0	0.51
		9  0	-0.026
		10  0	0.738

node  4		 link	 weight	 bias 0.463
		1  0	-0.807
		2  1	0.308
		3  1	5.118
		4  1	-9.184
		5  1	5.816
		6  0	0.817
		7  0	0.496
		8  0	0.688
		9  0	0.826
		10  1	4.454

node  5		 link	 weight	 bias -1.016
		1  1	-3.504
		2  0	-0.086
		3  1	-3.265
		4  1	-2.49
		5  0	0.26
		6  0	-0.539
		7  0	0.423
		8  1	-0.271
		9  0	0.399
		10  0	-0.025

node  6		 link	 weight	 bias -2.682
		1  1	-7.396
		2  0	-0.317
		3  0	-0.215
		4  1	5.238
		5  0	-0.993
		6  0	-0.313
		7  0	0.67
		8  1	-0.501
		9  1	-10.28
		10  1	4.809


 Layer 3

node  1		 link	 weight	 bias 0.008
		1  1	0.011
		2  1	-1.767
		3  0	-0.465
		4  0	-0.897
		5  1	-0.369
		6  0	-0.452
		7  1	2.049
		8  0	0.346
		9  1	-5.374
		10  0	-0.62
		12  0	-2.748
		13  0	0.822
		14  0	0.999
		15  0	0.813
		16  0	-0.133
		17  0	-0.246

node  2		 link	 weight	 bias -5.198
		1  0	-0.915
		2  0	0.773
		3  1	5.114
		4  0	-0.736
		5  1	3.819
		6  1	1.555
		7  0	-0.035
		8  0	-0.256
		9  0	0.514
		10  0	-0.213
		12  1	-4.783
		13  0	0.288
		14  1	0.129
		15  0	0.512
		16  0	-2.809
		17  1	-1.985

node  3		 link	 weight	 bias 11.236
		1  1	-0.567
		2  1	-4.554
		3  1	-7.691
		4  0	-0.413
		5  1	-4.523
		6  1	-2.326
		7  1	8.306
		8  0	0.825
		9  1	-3.609
		10  0	-0.706
		12  1	0.356
		13  1	7.333
		14  0	0.607
		15  0	-0.069
		16  1	-3.76
		17  0	0.04

node  4		 link	 weight	 bias -12.407
		1  0	0.585
		2  1	8.512
		3  0	-0.54
		4  0	-0.997
		5  1	-1.757
		6  0	0.757
		7  0	0.152
		8  1	-1.724
		9  1	-3.763
		10  0	-0.843
		12  0	0.111
		13  0	0.928
		14  0	0.013
		15  0	0.566
		16  0	-0.613
		17  0	-0.917

node  5		 link	 weight	 bias 0.442
		1  0	0.28
		2  0	0.831
		3  0	-0.162
		4  0	0.874
		5  1	2.595
		6  0	-0.211
		7  1	-2.512
		8  0	5.577
		9  0	0.885
		10  0	0.93
		12  0	0.608
		13  0	0.173
		14  0	-3.134
		15  0	0.419
		16  0	0.894
		17  0	-0.102

node  6		 link	 weight	 bias 5.287
		1  0	-0.859
		2  0	0.305
		3  0	0.341
		4  0	0.145
		5  1	-2.012
		6  0	-1.274
		7  0	4.488
		8  0	0.784
		9  0	0.567
		10  0	0.911
		12  1	1.356
		13  0	-0.57
		14  0	-0.407
		15  0	0.508
		16  0	0.96
		17  1	-0.549


 Layer 4

node  1		 link	 weight	 bias 0.71
		1  1	7.303
		2  0	-0.175
		3  0	-0.06
		4  0	-0.471
		5  0	-0.399
		6  0	0.099
		7  1	0.775
		8  0	0.111
		9  0	-0.618
		10  1	-3.142
		12  0	0.279
		13  0	-2.336
		14  0	0.672
		15  0	0.986
		16  0	-0.675
		17  0	0.621
		18  0	-0.32
		19  0	0.386
		20  1	-2.549
		21  1	-0.447
		22  0	0.878
		23  0	0.233

node  2		 link	 weight	 bias 0
		1  0	0.827
		2  0	0.838
		3  0	0.625
		4  0	-0.519
		5  0	-0.379
		6  0	-0.602
		7  0	0.742
		8  0	-0.096
		9  0	-0.431
		10  0	-0.413
		12  0	-0.031
		13  0	0.546
		14  0	0.64
		15  0	0.805
		16  0	0.2
		17  0	-0.665
		18  1	-0.03
		19  0	-0.134
		20  0	-0.277
		21  0	0.317
		22  0	-0.574
		23  0	0.545

node  3		 link	 weight	 bias 1.436
		1  0	-0.999
		2  0	-0.528
		3  0	0.234
		4  1	0.337
		5  0	-0.695
		6  1	2.631
		7  0	0.535
		8  1	-1.817
		9  1	-6.085
		10  0	0.409
		12  0	0.122
		13  0	-0.711
		14  1	1.378
		15  1	0.518
		16  0	-0.21
		17  1	0.942
		18  1	-4.343
		19  1	-4.668
		20  0	0.948
		21  0	-0.093
		22  0	-0.301
		23  0	0.317

node  4		 link	 weight	 bias 2.28
		1  1	-4.852
		2  1	-0.33
		3  1	1.094
		4  1	0.833
		5  0	0.608
		6  0	0.331
		7  0	-0.094
		8  0	0.909
		9  0	-0.608
		10  0	0.414
		12  0	0.557
		13  0	0.115
		14  0	-0.124
		15  1	-8.042
		16  1	0.198
		17  1	0.388
		18  0	-0.483
		19  0	-0.413
		20  0	-10.352
		21  1	-0.262
		22  0	-0.639
		23  0	0.837

node  5		 link	 weight	 bias -1.895
		1  0	-0.507
		2  0	-2.675
		3  1	2.445
		4  1	0.02
		5  0	-0.555
		6  0	-0.978
		7  0	0.791
		8  0	-0.958
		9  0	-0.24
		10  0	0.84
		12  1	-0.278
		13  0	-0.694
		14  0	2.35
		15  1	-2.144
		16  1	-6.382
		17  0	-0.588
		18  1	-7.222
		19  0	0.419
		20  0	-0.955
		21  1	-6.211
		22  1	2.726
		23  0	-0.643

node  6		 link	 weight	 bias -8.637
		1  1	3.888
		2  0	-2.41
		3  0	-0.679
		4  0	0.72
		5  0	0.839
		6  0	-0.116
		7  0	0.784
		8  1	1.766
		9  1	-4.295
		10  0	-5.454
		12  1	-1.451
		13  0	0.294
		14  0	-0.066
		15  0	0.657
		16  1	-3.016
		17  0	0.477
		18  1	-1.893
		19  1	5.044
		20  1	5.156
		21  0	0.895
		22  0	-0.124
		23  0	-0.906


 Layer 5

node  1		 link	 weight	 bias 1.566
		1  0	0.309
		2  0	0.941
		3  0	0.635
		4  0	0.612
		5  0	-0.067
		6  1	3.232
		7  0	-0.352
		8  0	0.824
		9  1	1.213
		10  0	-0.206
		12  0	-0.142
		13  0	-0.594
		14  0	-0.944
		15  0	-0.242
		16  1	-0.047
		17  0	0.00600004
		18  0	-0.894
		19  0	0.437
		20  0	-0.169
		21  0	-0.144
		22  0	-0.183
		23  0	0.116
		24  0	0.194
		25  1	-5.811
		26  0	-0.813
		27  0	0.479
		28  0	0.569
		29  0	0.398
