
======================================================
Score	5.25342e+11
Z	-18.5709
alpha	-0.0302315
betta	1.66152
gamma	-0.753074
Vx	-19.528
Vy	11.2472
Vz	3.81306
engIng	0
cFuel	323
tfuel	63
======================================================

Initial Parametrs
rOa	{ 199 ; 58 ; -50 }

V	{ 10 ; 20 ; 20 }

w	{ -0.5 ; -0.5 ; -0.5 }

alpha	-0.35
betta	-0.35
gamma	-0.35
======================================================

 Layer 2

node  1		 link	 weight	 bias 5.968
		1  1	6.373
		2  1	5.264
		3  0	-0.106
		4  0	0.173
		5  1	-1.02
		6  0	-0.119
		7  0	0.358
		8  0	-0.425
		9  0	0.00300002
		10  0	9.273

node  2		 link	 weight	 bias -1.013
		1  1	-4.603
		2  1	-1.676
		3  0	-0.433
		4  1	-4.109
		5  1	-0.298
		6  0	0.446
		7  0	-0.00900003
		8  0	0.366
		9  1	1.314
		10  0	-0.305

node  3		 link	 weight	 bias -4.377
		1  0	0.813
		2  0	-0.146
		3  0	0.269
		4  0	-4.474
		5  1	-0.281
		6  1	-0.369
		7  0	-0.322
		8  0	-0.341
		9  0	0.789
		10  0	0.635

node  4		 link	 weight	 bias -1.538
		1  0	0.042
		2  0	0.017
		3  1	-11.187
		4  0	-0.084
		5  0	-0.44
		6  0	-0.177
		7  0	-1.783
		8  1	3.603
		9  0	-0.363
		10  0	0.279

node  5		 link	 weight	 bias 1.821
		1  0	-0.462
		2  0	-0.488
		3  0	0.061
		4  0	-0.264
		5  0	0.292
		6  1	-2.409
		7  1	-0.468
		8  1	2.155
		9  1	2.348
		10  0	-0.066

node  6		 link	 weight	 bias 2.686
		1  0	-3.181
		2  0	-0.432
		3  0	-0.263
		4  1	-0.102
		5  0	-0.188
		6  1	0.032
		7  0	0.421
		8  1	-5.136
		9  0	3.112
		10  0	0.33


 Layer 3

node  1		 link	 weight	 bias -2.264
		1  0	-0.24
		2  0	-0.297
		3  1	-3.915
		4  1	-0.242
		5  0	-0.002
		6  0	5.887
		7  0	-0.387
		8  0	-0.479
		9  1	-8.272
		10  1	-3.604
		12  1	1.273
		13  1	5.895
		14  0	-0.121
		15  1	1.351
		16  0	-0.44
		17  1	0.849

node  2		 link	 weight	 bias -2.219
		1  0	0.758
		2  0	-0.205
		3  0	-0.449
		4  0	2.096
		5  0	-0.281
		6  1	-0.238999
		7  0	0.313
		8  1	-2.034
		9  0	-0.21
		10  0	-0.000999987
		12  0	0.24
		13  1	0.851
		14  0	0.015
		15  1	2.597
		16  1	-4.855
		17  0	0.243

node  3		 link	 weight	 bias -1.785
		1  1	2.119
		2  0	-0.403
		3  1	1.639
		4  0	0.397
		5  0	0.331
		6  0	-0.467
		7  0	-3.244
		8  1	-2.044
		9  1	0.363
		10  0	-0.0899999
		12  0	-0.248
		13  0	-0.292
		14  0	0.244
		15  1	4.804
		16  1	-2.498
		17  0	-0.359

node  4		 link	 weight	 bias 0.741
		1  1	1.913
		2  0	0.114
		3  0	0.496
		4  0	-0.00600001
		5  1	-4.679
		6  0	0.263
		7  0	-0.09
		8  0	-0.323
		9  1	1.565
		10  0	0.315
		12  0	-0.061
		13  1	-1.225
		14  0	-0.26
		15  0	-0.061
		16  1	-5.219
		17  0	0.219

node  5		 link	 weight	 bias 0.79
		1  1	-0.156
		2  0	0.376
		3  1	0.651
		4  0	-0.126
		5  0	-0.034
		6  0	0.465
		7  1	-2.894
		8  0	-0.116
		9  1	-4.345
		10  0	0.059
		12  0	-0.364
		13  0	-0.147
		14  0	0.343
		15  0	0.174
		16  1	-0.727
		17  0	-0.182

node  6		 link	 weight	 bias 0
		1  0	0.269
		2  1	-8.115
		3  1	-5.282
		4  1	-1.352
		5  1	4.074
		6  0	-0.18
		7  1	-0.377
		8  0	0.498
		9  0	0.005
		10  0	-0.019
		12  0	0.083
		13  0	0.676
		14  0	-0.109
		15  1	-0.144
		16  1	0.961
		17  1	1.963


 Layer 4

node  1		 link	 weight	 bias -2.029
		1  0	0.212
		2  0	-0.442
		3  1	-1.138
		4  0	-0.361
		5  0	-0.067
		6  1	2.962
		7  1	3.932
		8  1	-2.392
		9  0	-0.462
		10  0	0.203
		12  0	-0.29
		13  1	0.622001
		14  1	1.468
		15  0	3.862
		16  1	5.758
		17  0	-0.035
		18  0	0.195
		19  0	2.794
		20  1	-1.765
		21  1	5.721
		22  0	0.267
		23  0	-1.077

node  2		 link	 weight	 bias -2.522
		1  1	-1.515
		2  0	0.386
		3  0	0.121
		4  0	0.213
		5  0	-0.43
		6  1	0.183
		7  0	-0.028
		8  1	0.624
		9  0	0.016
		10  1	-0.547
		12  1	-0.987
		13  0	-0.113
		14  0	0.052
		15  0	0.107
		16  0	0.318
		17  1	-0.172
		18  0	-0.43
		19  1	-0.325
		20  0	4.595
		21  1	-1.369
		22  1	-9.084
		23  0	-0.063

node  3		 link	 weight	 bias -3.896
		1  0	-0.086
		2  0	-0.145
		3  1	-0.63
		4  0	0.494
		5  0	0.297
		6  0	0.392
		7  0	-0.474
		8  1	-6.215
		9  0	-0.144
		10  0	0.332
		12  0	-0.00600001
		13  1	1.795
		14  1	0.874
		15  0	-0.068
		16  1	0.194
		17  0	-0.349
		18  0	0.182
		19  0	0.00199997
		20  0	0.407
		21  1	-0.937
		22  0	0.441
		23  1	5.559

node  4		 link	 weight	 bias -5.816
		1  1	-0.468
		2  0	0.217
		3  0	-0.419
		4  0	-0.045
		5  0	0.197
		6  0	-0.378
		7  1	-4.732
		8  1	4.732
		9  1	-4.408
		10  0	-0.366
		12  0	0.408
		13  0	-0.172
		14  0	-0.254
		15  1	-2.352
		16  0	-0.402
		17  0	-0.25
		18  0	-0.236
		19  0	0.186
		20  1	2.69
		21  0	-0.414
		22  1	1.326
		23  0	0.262

node  5		 link	 weight	 bias 4.778
		1  1	-5.693
		2  0	0.222
		3  0	-0.369
		4  0	-0.407
		5  0	0.239
		6  0	-0.034
		7  1	2.02
		8  1	2.254
		9  0	-0.432
		10  0	0.436
		12  0	-3.64
		13  0	-0.331
		14  0	0.218
		15  1	-3.971
		16  0	0.267
		17  0	0.347
		18  0	0.156
		19  0	-0.493
		20  0	0.255
		21  0	0.355
		22  0	-0.132
		23  1	0.666

node  6		 link	 weight	 bias 0.039
		1  0	-0.011
		2  0	0.256
		3  1	-0.339
		4  1	3.752
		5  0	-0.414
		6  1	-0.262
		7  1	0.345
		8  1	-4.414
		9  1	-0.791
		10  0	0.381
		12  0	-0.083
		13  0	0.062
		14  1	-1.24
		15  1	1.304
		16  1	-3.217
		17  0	0.173
		18  0	-0.286
		19  0	-0.336
		20  1	-2.108
		21  0	-0.098
		22  1	2.196
		23  0	0.275


 Layer 5

node  1		 link	 weight	 bias 0
		1  0	0.187
		2  0	-0.203
		3  0	0.097
		4  1	0.383
		5  0	0.384
		6  1	0.298
		7  0	-0.196
		8  0	-0.221
		9  0	-0.18
		10  0	0.011
		12  0	0.012
		13  1	0.827
		14  0	-0.473
		15  0	-0.222
		16  1	2.221
		17  1	-1.214
		18  1	-0.834
		19  0	0.307
		20  0	-0.12
		21  0	-0.429
		22  0	-0.043
		23  1	-1.073
		24  1	-0.14
		25  1	5.408
		26  0	0.345
		27  0	0.315
		28  0	-0.355
		29  0	-0.325


 Layer 2

node  1		 link	 weight	 bias -0.251
		1  1	3.244
		2  0	-4.299
		3  1	0.143
		4  0	0.009
		5  1	-3.423
		6  0	-0.398
		7  1	0.775
		8  0	-0.201
		9  1	3.259
		10  0	0.126

node  2		 link	 weight	 bias -2.344
		1  0	-0.211
		2  0	-0.184
		3  0	2.902
		4  1	-0.515
		5  1	2.85
		6  0	-0.18
		7  1	1.714
		8  0	0.399
		9  0	-0.284
		10  0	0.234

node  3		 link	 weight	 bias 2.252
		1  0	0.119
		2  0	0.063
		3  0	0.384
		4  0	0.119
		5  0	0.025
		6  0	0.253
		7  0	-0.026
		8  0	0.204
		9  0	-0.269
		10  0	-0.083

node  4		 link	 weight	 bias 1.085
		1  0	0.161
		2  0	-3.388
		3  0	-0.293
		4  0	-0.079
		5  0	0.00800002
		6  0	0.497
		7  0	0.052
		8  0	0.351
		9  0	-0.45
		10  0	0.326

node  5		 link	 weight	 bias 0
		1  0	0.467
		2  1	7.769
		3  0	0.378
		4  0	0.417
		5  0	0.155
		6  0	-0.331
		7  1	-7.302
		8  1	-5.252
		9  0	-0.195
		10  0	-0.354

node  6		 link	 weight	 bias -2.653
		1  0	-0.349
		2  0	0.134
		3  0	-0.113
		4  0	0.119
		5  0	-0.262
		6  0	0.182
		7  0	-0.458
		8  1	-8.477
		9  1	-1.897
		10  0	-0.055


 Layer 3

node  1		 link	 weight	 bias 0.0539999
		1  0	-0.112
		2  0	0.21
		3  1	0.069
		4  1	-6.387
		5  0	-0.48
		6  0	0.542
		7  1	7.203
		8  0	0.037
		9  0	0.458
		10  1	-3.374
		12  1	-4.038
		13  1	4.399
		14  0	0.446
		15  0	-0.047
		16  1	-0.548
		17  1	-2.587

node  2		 link	 weight	 bias 0.00899982
		1  0	-0.475
		2  1	0.681
		3  0	0.213
		4  0	5.94
		5  1	-7.764
		6  0	0.358
		7  0	0.41
		8  1	2.278
		9  0	-0.399
		10  0	0.328
		12  0	0.42
		13  1	-1.43
		14  0	-0.477
		15  1	2.159
		16  0	0.0120001
		17  0	-0.046

node  3		 link	 weight	 bias 2.319
		1  0	0.07
		2  1	-0.216
		3  0	-0.117
		4  0	0.013
		5  0	-0.77
		6  1	-4.766
		7  1	-0.682
		8  0	0.337
		9  0	-0.379
		10  1	-7.024
		12  0	0.471
		13  1	-3.105
		14  0	0.319
		15  0	-0.177
		16  0	0.321
		17  0	0.34

node  4		 link	 weight	 bias 6.338
		1  1	0.718
		2  0	0.27
		3  1	-0.898
		4  0	-0.204
		5  0	0.176
		6  1	-4.167
		7  0	0.467
		8  1	-1.856
		9  0	0.331
		10  0	-0.116
		12  0	-0.407
		13  0	0.498
		14  0	-2.816
		15  0	0.035
		16  0	-0.335
		17  0	0.184

node  5		 link	 weight	 bias 2.237
		1  1	0.188
		2  1	1.604
		3  1	-0.616
		4  0	-0.476
		5  0	-0.067
		6  0	0.34
		7  0	0.274
		8  0	0.311
		9  0	0.387
		10  0	0.423
		12  1	0.8
		13  1	-0.117
		14  1	2.869
		15  1	-1.852
		16  0	-0.434
		17  0	-1.27

node  6		 link	 weight	 bias 0.887
		1  0	-0.459
		2  0	-0.198
		3  1	-8.918
		4  0	-0.207
		5  1	-0.497
		6  0	0.341
		7  0	-0.446
		8  0	0.277
		9  0	0.471
		10  0	-0.397
		12  1	-0.812
		13  0	-1.642
		14  1	5.433
		15  0	-0.327
		16  0	-0.485
		17  1	3.044


 Layer 4

node  1		 link	 weight	 bias 0
		1  0	0.063
		2  0	-0.085
		3  0	0.00700003
		4  1	1.937
		5  0	0.053
		6  1	1.848
		7  1	-0.32
		8  0	0.257
		9  0	0.87
		10  0	-0.029
		12  0	0.43
		13  0	0.376
		14  1	-3.258
		15  0	0.327
		16  1	-0.034
		17  0	0.081
		18  0	-0.388
		19  0	-0.392
		20  0	-0.127
		21  0	0.213
		22  1	-0.588
		23  1	-1.415

node  2		 link	 weight	 bias -5.231
		1  0	-1.5
		2  0	-0.472
		3  1	7.276
		4  0	-0.368
		5  0	-0.044
		6  1	4.587
		7  0	-0.203
		8  1	0.961
		9  0	0.121
		10  0	0.089
		12  1	1.812
		13  0	-1.254
		14  1	-1.608
		15  0	-0.206
		16  0	-0.314
		17  0	-0.427
		18  0	-0.386
		19  0	-0.496
		20  0	-0.02
		21  1	-1.384
		22  1	-0.217
		23  1	0.265

node  3		 link	 weight	 bias 4.622
		1  1	0.143
		2  1	-2.861
		3  1	3.651
		4  0	-0.411
		5  0	-0.022
		6  0	-0.494
		7  1	0.347
		8  0	-0.283
		9  0	-0.46
		10  0	0.211
		12  0	0.367
		13  1	1.577
		14  0	-0.073
		15  0	0.184
		16  1	-2.254
		17  0	-0.065
		18  0	0.353
		19  0	-0.407
		20  1	-0.734
		21  1	-1.822
		22  0	0.247
		23  0	0.075

node  4		 link	 weight	 bias -5.415
		1  0	0.355
		2  0	0.06
		3  0	0.346
		4  1	-0.313
		5  0	0.089
		6  0	-0.472
		7  0	-0.311
		8  1	-0.0639999
		9  0	-0.226
		10  0	0.258
		12  0	0.116
		13  0	0.214
		14  0	-0.159
		15  0	0.358
		16  1	2.266
		17  0	-0.095
		18  0	-0.278
		19  0	0.159
		20  1	-1.453
		21  0	0.178
		22  0	0.025
		23  0	0.12

node  5		 link	 weight	 bias -5.086
		1  0	9.857
		2  0	0.171
		3  1	-4.919
		4  0	-0.391
		5  0	-0.458
		6  0	0.31
		7  0	0.328
		8  0	-0.057
		9  0	0.349
		10  1	0.898
		12  0	0.266
		13  0	-0.492
		14  0	0.073
		15  0	-0.473
		16  0	-0.136
		17  0	-0.46
		18  1	-7.915
		19  0	0.414
		20  1	0.332
		21  0	-6.307
		22  0	-0.481
		23  0	0.401

node  6		 link	 weight	 bias -3.614
		1  0	-0.298
		2  0	1.881
		3  0	-0.365
		4  1	2.077
		5  1	-5.22
		6  0	-0.233
		7  0	-0.114
		8  0	0.138
		9  1	-3.657
		10  0	-0.059
		12  1	0.505
		13  0	-0.465
		14  0	0.359
		15  1	-2.565
		16  0	0.203
		17  0	0.428
		18  0	-0.077
		19  0	0.404
		20  1	-4.165
		21  1	1.294
		22  0	0.318
		23  0	4.004


 Layer 5

node  1		 link	 weight	 bias 3.601
		1  0	-0.124
		2  0	-0.093
		3  0	-0.113
		4  0	0.458
		5  1	-0.904
		6  0	0.186
		7  1	2.945
		8  0	-0.214
		9  0	0.026
		10  0	0.359
		12  0	-0.056
		13  0	0.388
		14  0	0.458
		15  0	0.372
		16  0	-0.47
		17  0	0.39
		18  0	0.179
		19  1	2.852
		20  1	0.46
		21  0	-0.168
		22  0	-0.3
		23  0	0.29
		24  1	11.599
		25  0	-0.269
		26  1	-0.734
		27  0	0.467
		28  1	-0.243
		29  0	0.095


 Layer 2

node  1		 link	 weight	 bias 2.416
		1  0	0.048
		2  1	2.403
		3  0	0.39
		4  0	0.336
		5  0	0.125
		6  0	0.238
		7  0	-0.00400001
		8  0	-0.076
		9  1	10.212
		10  0	-0.4

node  2		 link	 weight	 bias 0.38
		1  0	-3.795
		2  0	0.407
		3  0	-0.495
		4  1	-1.457
		5  0	0.058
		6  1	-2.805
		7  0	0.064
		8  1	1.423
		9  0	-0.363
		10  0	0.091

node  3		 link	 weight	 bias 0.793
		1  1	-0.572
		2  0	5.268
		3  1	0.241
		4  0	0.342
		5  1	-2.796
		6  1	-0.637
		7  0	-0.171
		8  0	0.041
		9  0	0.102
		10  1	-9.185

node  4		 link	 weight	 bias -0.378
		1  0	0.398
		2  1	-0.622
		3  0	-0.466
		4  0	-1.672
		5  0	-0.395
		6  1	5.034
		7  1	-8.677
		8  1	-0.252
		9  0	-0.287
		10  1	3.075

node  5		 link	 weight	 bias -1.845
		1  0	0.295
		2  1	4.355
		3  0	-0.249
		4  0	-0.00799999
		5  0	-0.495
		6  1	-3.296
		7  1	-2.972
		8  0	0.084
		9  1	1.932
		10  1	2.009

node  6		 link	 weight	 bias -3.613
		1  1	0.66
		2  1	-4.671
		3  1	0.042
		4  1	0.448
		5  0	-0.021
		6  1	3.838
		7  0	-0.065
		8  1	0.573
		9  0	-0.033
		10  0	-0.353


 Layer 3

node  1		 link	 weight	 bias -1.018
		1  0	-0.438
		2  1	-1.467
		3  0	-0.366
		4  0	-2.839
		5  0	0.165
		6  1	0.244
		7  0	0.162
		8  0	0.211
		9  1	-5.155
		10  0	0.351
		12  0	0.368
		13  0	-0.444
		14  1	6.442
		15  0	-0.185
		16  1	1.665
		17  1	-0.541

node  2		 link	 weight	 bias -7.955
		1  0	0.155
		2  0	-2.39
		3  1	7.115
		4  1	-0.668
		5  0	-0.291
		6  0	0.12
		7  0	-0.109
		8  1	6.483
		9  1	9.322
		10  0	0.093
		12  1	-3.474
		13  0	0.258
		14  1	3.976
		15  0	0.427
		16  1	-3.65
		17  0	-0.189

node  3		 link	 weight	 bias -9.732
		1  0	-0.344
		2  0	-0.273
		3  0	0.419
		4  1	-4.457
		5  0	-0.379
		6  1	3.839
		7  0	-3.865
		8  1	-1.707
		9  0	0.238
		10  1	-5.237
		12  1	4.878
		13  0	0.413
		14  0	-0.085
		15  0	0.369
		16  0	0.306
		17  1	-2.143

node  4		 link	 weight	 bias -0.295
		1  0	-0.353
		2  1	-0.556
		3  0	-0.253
		4  0	-1.713
		5  1	2.168
		6  0	-0.337
		7  0	-5.585
		8  1	-0.219
		9  1	5.995
		10  1	1.373
		12  0	-2.325
		13  0	-0.236
		14  0	-0.288
		15  1	-4.113
		16  1	-2.133
		17  0	-0.165

node  5		 link	 weight	 bias -1.902
		1  1	1.64
		2  0	-0.119
		3  0	-2.683
		4  1	-2.549
		5  1	-0.25
		6  0	-0.431
		7  0	-0.17
		8  1	0.0510001
		9  0	0.197
		10  0	0.384
		12  0	0.432
		13  1	-0.756
		14  1	-2.492
		15  1	1.349
		16  0	-0.472
		17  0	0.343

node  6		 link	 weight	 bias -1.07
		1  0	-0.009
		2  0	-0.301
		3  0	-0.021
		4  0	0.381
		5  1	-6.345
		6  0	-0.265
		7  0	1.319
		8  1	-0.0370001
		9  0	0.743
		10  0	-0.303
		12  1	5.562
		13  0	-0.116
		14  1	0.379
		15  0	0.155
		16  0	-0.184
		17  0	-0.148


 Layer 4

node  1		 link	 weight	 bias 5.597
		1  1	0.0609999
		2  1	-1.889
		3  0	-1.438
		4  0	-0.341
		5  1	1.996
		6  1	0.213
		7  0	0.117
		8  0	0.175
		9  0	0.223
		10  0	-0.045
		12  0	0.292
		13  1	4.53
		14  0	2.219
		15  0	0.267
		16  0	0.072
		17  0	0.044
		18  0	-0.089
		19  1	-1.499
		20  0	-0.486
		21  0	-0.274
		22  0	-0.466
		23  1	-6.074

node  2		 link	 weight	 bias -2.312
		1  0	-0.441
		2  0	-0.36
		3  1	-1.459
		4  0	0.177
		5  0	-0.294
		6  0	-0.3
		7  1	-3.998
		8  0	-0.195
		9  0	-0.00299999
		10  0	-0.023
		12  0	0.312
		13  0	0.223
		14  0	-0.374
		15  1	-2.688
		16  0	-0.386
		17  0	0.066
		18  1	6.829
		19  0	0.256
		20  0	0.025
		21  1	-8.372
		22  0	0.44
		23  0	-0.437

node  3		 link	 weight	 bias 3.966
		1  0	0.443
		2  0	-0.352
		3  1	1.736
		4  0	-0.313
		5  0	-0.096
		6  0	-0.496
		7  1	-2.543
		8  1	1.009
		9  1	-5.993
		10  0	-2.331
		12  0	0.075
		13  0	-0.038
		14  0	0.011
		15  0	-0.433
		16  0	-0.089
		17  1	1.169
		18  0	-3.084
		19  0	-0.025
		20  0	-0.152
		21  0	0.016
		22  0	-0.191
		23  1	-3.901

node  4		 link	 weight	 bias -3.049
		1  0	-0.367
		2  0	-0.242
		3  0	0.13
		4  0	-0.101
		5  1	-0.674
		6  0	-0.648
		7  0	0.038
		8  0	0.078
		9  0	0.266
		10  1	0.088
		12  0	-0.135
		13  0	-0.329
		14  0	0.183
		15  0	0.177
		16  0	0.434
		17  0	0.48
		18  0	-0.169
		19  0	-1.57
		20  1	-6.334
		21  0	0.678
		22  1	-0.243
		23  1	10.952

node  5		 link	 weight	 bias 2.467
		1  0	-0.207
		2  0	-0.198
		3  0	-2.039
		4  0	-0.121
		5  0	-0.169
		6  0	-0.482
		7  1	-1.218
		8  0	-0.414
		9  1	-2.786
		10  0	0.00300002
		12  0	0.406
		13  0	0.479
		14  0	0.286
		15  0	-0.209
		16  1	-0.161
		17  0	-0.407
		18  1	1.566
		19  0	0.324
		20  1	3.472
		21  1	-1.818
		22  0	-0.188
		23  0	-0.054

node  6		 link	 weight	 bias -1.122
		1  0	-0.181
		2  0	0.338
		3  1	0.377
		4  0	0.218
		5  0	-0.25
		6  0	-0.22
		7  0	0.341
		8  0	0.04
		9  0	-0.434
		10  1	-0.963
		12  1	-1.518
		13  1	2.271
		14  0	0.136
		15  0	-0.341
		16  0	0.072
		17  0	-0.049
		18  1	-5.304
		19  0	0.024
		20  0	-0.475
		21  0	0.186
		22  0	0.05
		23  0	0.071


 Layer 5

node  1		 link	 weight	 bias -0.944
		1  1	-0.045
		2  0	-0.106
		3  0	0.084
		4  0	-0.153
		5  0	-0.111
		6  0	0.386
		7  0	-0.442
		8  1	0.647
		9  0	-0.151
		10  0	0.211
		12  0	-0.08
		13  0	-0.275
		14  0	0.432
		15  0	0.014
		16  0	-0.257
		17  0	0.209
		18  0	-0.323
		19  0	0.281
		20  0	-0.214
		21  0	0.444
		22  0	-0.403
		23  0	-0.269
		24  0	0.097
		25  0	0.359
		26  0	-0.281
		27  0	-0.397
		28  0	0.175
		29  0	-0.322


 Layer 2

node  1		 link	 weight	 bias -1.62
		1  0	-0.616
		2  0	0.305
		3  0	-0.472
		4  0	0.224
		5  1	3.386
		6  1	-7.377
		7  0	0.447
		8  0	-0.419
		9  0	0.482
		10  0	0.136

node  2		 link	 weight	 bias 1.611
		1  0	0.317
		2  0	0.03
		3  1	-9.406
		4  1	-6.977
		5  1	1.479
		6  0	-0.06
		7  1	-3.469
		8  1	-0.608
		9  0	0.417
		10  0	-5.252

node  3		 link	 weight	 bias -1.214
		1  0	0.223
		2  0	5.6
		3  0	0.498
		4  1	5.667
		5  0	0.374
		6  0	0.18
		7  1	-5.986
		8  0	0.327
		9  0	-3.954
		10  1	7.048

node  4		 link	 weight	 bias -1.024
		1  0	0.341
		2  1	-0.691
		3  1	0.058
		4  0	-0.489
		5  0	-0.377
		6  1	5.77
		7  1	-2.916
		8  0	0.047
		9  1	-1.701
		10  0	0.452

node  5		 link	 weight	 bias -2.471
		1  1	-0.374
		2  0	-0.434
		3  1	-0.892
		4  0	-2.079
		5  0	0.359
		6  0	0.424
		7  1	0.316
		8  1	-3.185
		9  0	-0.358
		10  0	0.052

node  6		 link	 weight	 bias -0.372
		1  0	-0.179
		2  1	-11.054
		3  1	2.096
		4  0	0.34
		5  0	0.051
		6  1	4.659
		7  0	0.116
		8  0	-0.068
		9  0	0.345
		10  1	-2.263


 Layer 3

node  1		 link	 weight	 bias -1.09
		1  1	-3.583
		2  0	-0.153
		3  1	-1.509
		4  0	0.423
		5  1	-2.096
		6  1	-0.551
		7  0	2.34
		8  1	2.168
		9  1	0.135
		10  0	-0.479
		12  0	0.075
		13  0	-0.118
		14  0	-0.262
		15  0	0.359
		16  1	5.085
		17  0	0.352

node  2		 link	 weight	 bias 1.498
		1  0	0.127
		2  0	0.258
		3  0	0.029
		4  0	-0.122
		5  0	-0.417
		6  1	0.262
		7  1	1.683
		8  1	-1.678
		9  1	0.912
		10  0	0.022
		12  0	-0.365
		13  0	0.22
		14  1	-0.926
		15  0	-0.321
		16  0	-0.135
		17  0	-0.184

node  3		 link	 weight	 bias -3.476
		1  1	-2.473
		2  0	-0.209
		3  0	-0.491
		4  0	-0.034
		5  0	-0.406
		6  0	0.281
		7  0	0.49
		8  0	-0.033
		9  1	2.418
		10  0	-0.403
		12  0	0.155
		13  1	3.481
		14  1	-3.235
		15  1	0.757999
		16  0	0.266
		17  0	-0.967

node  4		 link	 weight	 bias 0.268
		1  0	0.026
		2  0	-0.199
		3  0	0.257
		4  0	0.22
		5  0	0.147
		6  0	-0.453
		7  0	0.294
		8  1	-0.746
		9  1	-2.126
		10  0	0.314
		12  0	-0.126
		13  0	-0.396
		14  1	-0.011
		15  0	-0.011
		16  0	-0.087
		17  0	-0.315

node  5		 link	 weight	 bias -0.344
		1  0	-0.229
		2  0	-0.261
		3  1	-0.644
		4  1	5.31
		5  0	-0.104
		6  1	-1.756
		7  0	-0.135
		8  0	0.477
		9  0	0.497
		10  1	-8.17
		12  0	-0.277
		13  1	-0.0390002
		14  0	-0.276
		15  0	-0.289
		16  1	-5.709
		17  0	0.026

node  6		 link	 weight	 bias 6.102
		1  0	0.278
		2  0	0.312
		3  0	0.03
		4  0	0.493
		5  0	0.009
		6  0	0.023
		7  0	-0.439
		8  0	0.042
		9  1	0.334
		10  0	-0.094
		12  0	0.021
		13  0	0.171
		14  0	0.316
		15  1	0.425
		16  0	-3.631
		17  1	-0.201


 Layer 4

node  1		 link	 weight	 bias 2.131
		1  1	-2.982
		2  0	-0.298
		3  0	-0.499
		4  0	0.229
		5  0	-0.373
		6  0	0.126
		7  1	-2.565
		8  0	-0.398
		9  0	0.00800002
		10  0	-0.343
		12  0	-0.397
		13  0	-0.151
		14  0	-0.282
		15  0	0.014
		16  1	-2.575
		17  0	-0.472
		18  1	-6.718
		19  0	-0.308
		20  0	0.00400001
		21  0	0.228
		22  0	-0.142
		23  0	-0.279

node  2		 link	 weight	 bias 3.428
		1  0	-0.267
		2  1	-2.668
		3  0	-0.169
		4  0	-0.08
		5  0	0.398
		6  1	-0.056
		7  1	-4.823
		8  0	0.433
		9  1	3.202
		10  1	-3.28
		12  1	-3.789
		13  1	-5.346
		14  0	0.198
		15  1	-1.826
		16  0	3.313
		17  1	-3.429
		18  1	2.111
		19  0	-0.351
		20  1	-0.951
		21  0	0.042
		22  0	2.658
		23  0	0.009

node  3		 link	 weight	 bias -0.328
		1  0	-0.123
		2  0	-0.461
		3  0	-1.244
		4  1	-1.788
		5  0	-0.174
		6  1	-6.354
		7  1	-1.594
		8  0	0.43
		9  0	0.237
		10  1	1.221
		12  0	0.391
		13  0	0.499
		14  1	-0.333
		15  1	3.787
		16  1	-1.132
		17  0	0.278
		18  0	0.475
		19  1	1.242
		20  0	-0.071
		21  0	0.723
		22  1	-2.703
		23  0	0.335

node  4		 link	 weight	 bias 0.858
		1  0	-0.217
		2  0	-3.49
		3  0	0.02
		4  0	-0.315
		5  0	-0.216
		6  1	-0.324
		7  0	-0.416
		8  1	-2.422
		9  0	-0.217
		10  0	-1.933
		12  0	0.447
		13  0	0.074
		14  1	1.294
		15  0	0.149
		16  1	-7.244
		17  0	-0.436
		18  0	0.058
		19  0	-2.351
		20  1	-4.324
		21  1	-5.859
		22  0	0.606
		23  1	-1.834

node  5		 link	 weight	 bias -2.119
		1  0	-1.365
		2  0	0.005
		3  1	1.482
		4  1	-5.314
		5  0	-0.05
		6  1	-2.968
		7  1	1.774
		8  1	6.956
		9  0	0.197
		10  0	0.138
		12  0	-0.317
		13  0	0.399
		14  0	-0.138
		15  1	-4.501
		16  1	-0.108
		17  1	2.813
		18  0	-0.316
		19  0	-0.379
		20  0	-0.327
		21  0	-0.383
		22  0	0.342
		23  0	0.157

node  6		 link	 weight	 bias 3.792
		1  1	-0.236
		2  0	2.886
		3  0	-0.158
		4  0	1.108
		5  0	-3.494
		6  0	0.195
		7  0	-4.456
		8  1	-2.396
		9  0	0.43
		10  1	-0.803999
		12  1	-7.572
		13  1	0.26
		14  0	-0.332
		15  0	-0.043
		16  1	1.7
		17  1	1.12
		18  0	-0.165
		19  1	0.972
		20  1	-2.485
		21  0	0.361
		22  0	0.313
		23  1	-7.296


 Layer 5

node  1		 link	 weight	 bias -0.255
		1  1	0.0890002
		2  0	-0.002
		3  0	-0.421
		4  0	0.379
		5  1	-0.0799999
		6  1	0.595
		7  0	0.408
		8  0	0.137
		9  1	0.294
		10  0	-0.07
		12  0	0.297
		13  0	0.005
		14  0	0.486
		15  0	-0.382
		16  0	-0.403
		17  0	-0.164
		18  0	0.14
		19  0	-0.173
		20  1	0.193
		21  0	-0.439
		22  0	0.254
		23  0	0.291
		24  0	0.219
		25  0	-0.36
		26  0	0.255
		27  0	0.061
		28  1	0.42
		29  0	-0.192
