
======================================================
Score	1.01583e+10
Z	0
alpha	2.1542
betta	-0.949496
gamma	-2.15983
Vx	-2.65783
Vy	-0.116526
Vz	-0.032223
engIng	0
cFuel	166
tfuel	215.716
======================================================

Initial Parametrs
rOa	{ 0 ; 0 ; -50 }

V	{ 10 ; 20 ; 20 }

w	{ -0.5 ; -0.5 ; -0.5 }

alpha	-0.35
betta	-0.35
gamma	-0.35
======================================================

 Layer 2

node  1		 link	 weight	 bias -22.759
		1  0	-14.051
		2  1	-13.005
		3  1	8.106
		4  0	-5.91
		5  0	-8.238
		6  1	-10.299
		7  0	-2.586
		8  0	-1.546
		9  0	-1.902
		10  0	0.518

node  2		 link	 weight	 bias -16.938
		1  1	11.646
		2  1	-26.095
		3  0	-7.854
		4  0	10.483
		5  0	-15.786
		6  1	-3.026
		7  0	12.081
		8  0	-6.016
		9  0	2.494
		10  1	-7.484

node  3		 link	 weight	 bias -17.943
		1  1	1.887
		2  1	-1.848
		3  0	0.377
		4  1	-8.337
		5  1	-2.309
		6  1	-0.991
		7  0	-6.028
		8  1	-10.206
		9  1	-1.4
		10  0	-6.106

node  4		 link	 weight	 bias -2.178
		1  1	8.618
		2  0	0.423
		3  0	-2.345
		4  1	-7.77
		5  1	-12.109
		6  1	6.796
		7  0	19.689
		8  0	-3.345
		9  1	-9.251
		10  0	4.157

node  5		 link	 weight	 bias -1.782
		1  1	-7.029
		2  0	-0.835
		3  0	1.056
		4  1	-3.639
		5  1	-1.241
		6  1	-6.109
		7  0	7.689
		8  0	-14.267
		9  1	-38.936
		10  1	-5.534

node  6		 link	 weight	 bias -13.488
		1  1	5.164
		2  1	-14.989
		3  1	3.269
		4  1	-24.391
		5  1	-15.251
		6  1	-16.975
		7  0	-11.376
		8  0	0.699
		9  0	8.07
		10  1	-1.255


 Layer 3

node  1		 link	 weight	 bias -38.632
		1  0	-3.073
		2  0	0.25
		3  1	-27.688
		4  1	-17.031
		5  0	-6.168
		6  0	-2.465
		7  0	1.656
		8  1	-2.136
		9  1	-2.035
		10  0	-17.175
		12  1	0.645
		13  0	-7.274
		14  1	-14.646
		15  1	-5.246
		16  0	8.636
		17  1	-0.238

node  2		 link	 weight	 bias -28.161
		1  0	1.457
		2  0	-15.365
		3  1	-30.599
		4  0	-0.195
		5  1	9.112
		6  1	10.185
		7  1	-8.913
		8  1	-4.126
		9  1	6.516
		10  1	1.544
		12  0	-4.981
		13  0	-11.698
		14  1	0.47
		15  0	-3.191
		16  0	-5.554
		17  0	4.849

node  3		 link	 weight	 bias -19.692
		1  1	-18.717
		2  0	-7.025
		3  0	5.459
		4  1	-7.605
		5  1	18.286
		6  1	-1.849
		7  0	-14.398
		8  0	-0.301
		9  1	12.745
		10  0	-10.653
		12  1	4.191
		13  0	-1.3
		14  0	6.36
		15  0	-8.876
		16  1	19.217
		17  0	-8.443

node  4		 link	 weight	 bias -0.123
		1  1	-4.989
		2  1	-30.648
		3  0	-4.744
		4  1	-18.963
		5  1	-53.362
		6  0	-12.718
		7  1	-14.071
		8  0	0.403
		9  0	-8.102
		10  0	1.639
		12  0	-9.664
		13  0	0.271
		14  0	1.732
		15  0	-3.056
		16  0	-26.954
		17  1	0.905

node  5		 link	 weight	 bias 7.553
		1  0	-10.032
		2  1	-23.288
		3  1	9.332
		4  0	-3.99
		5  0	-0.139
		6  1	-20.085
		7  0	1.87
		8  1	-1.734
		9  1	-3.263
		10  0	-7.162
		12  1	-19.603
		13  0	-4.889
		14  0	-19.009
		15  0	0.916
		16  0	3.839
		17  1	-13.512

node  6		 link	 weight	 bias 5.913
		1  1	8.476
		2  1	7.959
		3  1	-2.693
		4  1	1.956
		5  1	3.013
		6  0	-18.037
		7  0	-3.312
		8  1	-13.959
		9  1	3.787
		10  1	-10.549
		12  0	-4.161
		13  0	30.084
		14  0	-10.068
		15  0	0.692
		16  0	-1.852
		17  0	4.683


 Layer 4

node  1		 link	 weight	 bias -11.788
		1  1	-3.757
		2  0	0.853
		3  0	-10.308
		4  0	-19.052
		5  1	-20.106
		6  0	-9.004
		7  0	-17.948
		8  1	7.199
		9  1	1.553
		10  1	-14.49
		12  0	0.318
		13  0	-9.299
		14  1	-13.488
		15  0	0.687
		16  0	-15.548
		17  1	-11.082
		18  1	5.074
		19  1	11.39
		20  0	-10.222
		21  0	-6.037
		22  1	-15.602
		23  1	-24.105

node  2		 link	 weight	 bias -18.706
		1  0	-2.586
		2  1	-25.062
		3  0	-0.428
		4  1	-8.866
		5  0	3.307
		6  1	-12.93
		7  0	-4.391
		8  0	-3.383
		9  1	-0.548
		10  1	-1.935
		12  0	0.39
		13  0	-3.025
		14  0	-1.479
		15  0	-11.816
		16  1	-1.644
		17  0	-0.132
		18  1	0.482
		19  0	-11.114
		20  1	-0.435
		21  0	-0.124
		22  0	-14.806
		23  0	4.374

node  3		 link	 weight	 bias -27.469
		1  0	3.092
		2  0	-10.426
		3  1	3.022
		4  0	-0.401
		5  1	3.819
		6  0	2.118
		7  0	-5.92
		8  1	2.973
		9  1	-12.915
		10  1	-0.991
		12  1	-1.607
		13  1	-7.72
		14  1	-31.735
		15  1	-10.034
		16  0	-12.046
		17  1	-24.935
		18  0	0.349
		19  1	-34.956
		20  0	-7.026
		21  0	-23.827
		22  0	3.184
		23  0	-12.751

node  4		 link	 weight	 bias -4.608
		1  1	-3.27
		2  1	8.818
		3  0	-3.761
		4  0	-0.436
		5  1	-2.54
		6  0	-12.019
		7  0	-5.261
		8  1	-15.024
		9  1	-15.871
		10  0	-0.565
		12  0	-4.93
		13  0	-17.007
		14  0	0.995
		15  0	-37.766
		16  0	-1.84
		17  0	-0.744
		18  0	-21.023
		19  0	4.631
		20  1	-1.145
		21  1	1.879
		22  1	-0.149
		23  0	-7.345

node  5		 link	 weight	 bias 2.83
		1  0	-1.319
		2  0	25.04
		3  0	-5.529
		4  1	-1.896
		5  0	0.051
		6  0	3.485
		7  1	-12.204
		8  0	-2.335
		9  1	11.462
		10  0	-18.535
		12  0	-19.188
		13  1	-3.895
		14  0	11.875
		15  0	0.25
		16  1	-5.743
		17  0	-6.02
		18  0	4.654
		19  0	0.838
		20  1	-0.655
		21  1	-7.749
		22  1	-8.333
		23  1	7.636

node  6		 link	 weight	 bias -3.213
		1  1	-2.832
		2  0	4.919
		3  0	-16.094
		4  0	-19.221
		5  1	-7.641
		6  0	-4.865
		7  1	-22.404
		8  1	-0.692
		9  0	-0.534
		10  1	-14.282
		12  1	-1.308
		13  1	15.91
		14  1	-27.218
		15  1	-1.789
		16  1	14.96
		17  1	6.034
		18  1	-25.368
		19  0	7.963
		20  0	-24.588
		21  1	1.919
		22  1	-15.483
		23  1	-15.574


 Layer 5

node  1		 link	 weight	 bias 0.007
		1  0	-0.299
		2  0	0.742
		3  0	-0.71
		4  0	0.15
		5  0	-0.26
		6  0	-0.05
		7  0	0.142
		8  0	0.059
		9  1	-0.768
		10  0	-0.285
		12  0	0.0700001
		13  0	-0.732
		14  0	-6.329
		15  0	-0.342
		16  0	0.839
		17  0	0.386
		18  0	0.335
		19  0	-0.323
		20  0	0.495
		21  0	-0.726
		22  0	0.824
		23  0	0.609
		24  0	-0.425
		25  1	-0.029
		26  0	0.041
		27  0	-0.809
		28  0	0.641
		29  0	0.423


 Layer 2

node  1		 link	 weight	 bias -6.144
		1  1	1.159
		2  1	-26.213
		3  1	14.807
		4  0	2.554
		5  1	-10.233
		6  0	-10.964
		7  1	-7.037
		8  0	-0.502
		9  0	6.784
		10  1	-14.198

node  2		 link	 weight	 bias 3.553
		1  0	0.673
		2  0	-0.929
		3  0	-2.774
		4  1	-6.313
		5  1	-0.276
		6  1	-3.19
		7  0	-0.791
		8  0	0.127
		9  0	-0.027
		10  0	1.898

node  3		 link	 weight	 bias 3.739
		1  0	0.213
		2  1	-17.483
		3  1	-4.345
		4  1	0.114
		5  1	-5.133
		6  0	-6.749
		7  0	6.488
		8  0	-4.484
		9  1	-6.123
		10  1	-7.633

node  4		 link	 weight	 bias 14.426
		1  1	-19.313
		2  1	13.917
		3  0	-8.179
		4  1	-9.461
		5  0	3.473
		6  0	-7.003
		7  1	2.274
		8  1	-30.202
		9  1	-22.133
		10  1	-37.967

node  5		 link	 weight	 bias -30.182
		1  0	4.603
		2  0	12.918
		3  1	-13.539
		4  0	-27.594
		5  1	5.537
		6  1	-8.587
		7  1	-17.121
		8  1	1.228
		9  0	-0.33
		10  1	-12.333

node  6		 link	 weight	 bias -19.815
		1  0	-10.281
		2  1	-6.085
		3  1	-0.635
		4  1	0.267
		5  1	3.742
		6  1	-34.247
		7  0	-16.472
		8  1	-6.045
		9  0	-11.355
		10  0	-8.668


 Layer 3

node  1		 link	 weight	 bias 7.687
		1  1	-21.988
		2  0	-1.403
		3  0	15.363
		4  1	-5.024
		5  1	-11.548
		6  1	-8.949
		7  1	-46.709
		8  1	-30.78
		9  1	-11.226
		10  0	-0.863
		12  0	-23.556
		13  0	-7.135
		14  1	-18.885
		15  1	-10.249
		16  1	-17.13
		17  1	-10.259

node  2		 link	 weight	 bias -5.749
		1  1	-1.336
		2  0	2.137
		3  1	-0.718
		4  0	-4.613
		5  1	1.951
		6  0	10.639
		7  0	-1.176
		8  0	9.92
		9  1	-6.107
		10  0	0.929
		12  1	10.82
		13  0	-9.185
		14  1	-12.001
		15  0	-11.583
		16  1	-21.145
		17  1	7.116

node  3		 link	 weight	 bias 18.001
		1  1	-7.268
		2  0	-0.827
		3  1	0.85
		4  0	19.737
		5  1	-0.427
		6  0	-19.184
		7  0	-0.674
		8  0	0.959
		9  1	4.181
		10  0	-19.283
		12  0	-6.563
		13  0	-10.272
		14  1	-10.901
		15  0	-5.746
		16  0	-12.087
		17  0	-0.034

node  4		 link	 weight	 bias -31.308
		1  0	0.258
		2  0	-26.922
		3  0	-12.199
		4  0	3.483
		5  0	1.887
		6  0	-7.035
		7  1	-9.037
		8  0	-2.622
		9  1	-2.065
		10  0	-11.919
		12  0	6.189
		13  0	3.755
		14  1	2.55
		15  0	-2.82
		16  1	4.81
		17  1	-12.991

node  5		 link	 weight	 bias 18.62
		1  1	0.258
		2  0	-0.833
		3  0	17.236
		4  0	-7.313
		5  1	-18.145
		6  0	-12.203
		7  0	-7.981
		8  0	-17.05
		9  0	-0.221
		10  0	12.581
		12  0	-24.569
		13  1	-2.51
		14  1	-1.597
		15  1	-4.769
		16  0	-4.445
		17  0	6.995

node  6		 link	 weight	 bias 10.919
		1  1	-15.793
		2  0	5.494
		3  0	6.667
		4  1	1.465
		5  1	-9.52
		6  0	2.488
		7  0	6.717
		8  0	11.732
		9  0	-10.908
		10  1	7.573
		12  0	-3.982
		13  1	-1.046
		14  0	1.512
		15  0	0.224
		16  0	2.452
		17  1	6.456


 Layer 4

node  1		 link	 weight	 bias -21.576
		1  0	-3.883
		2  0	-0.704
		3  1	4.375
		4  0	0.274
		5  0	-3.533
		6  1	-12.656
		7  1	-9.024
		8  0	-9.235
		9  1	3.776
		10  1	-17.924
		12  0	-0.234
		13  0	-13.398
		14  0	-8.143
		15  1	-6.057
		16  0	-18.678
		17  0	-11.407
		18  0	-5.563
		19  1	-7.726
		20  1	-11.114
		21  0	-3.62
		22  0	-9.826
		23  1	3.702

node  2		 link	 weight	 bias -20.513
		1  1	-7.204
		2  1	-12.951
		3  1	1.792
		4  0	-1.697
		5  1	7.658
		6  1	-0.304
		7  0	-32.612
		8  1	0.136
		9  1	28.311
		10  1	16.982
		12  0	-16.238
		13  1	9.62
		14  1	28.711
		15  1	-7.229
		16  1	17.399
		17  1	-22.483
		18  1	-13.271
		19  1	-20.21
		20  1	-27.71
		21  0	7.592
		22  1	-20.355
		23  1	-5.384

node  3		 link	 weight	 bias -22.014
		1  1	0.14
		2  0	-22.841
		3  1	-25.906
		4  0	-2.986
		5  1	0.1
		6  0	-0.168
		7  0	3.695
		8  1	-5.236
		9  0	-18.872
		10  1	-1.041
		12  0	0.924
		13  0	14.999
		14  0	-0.513
		15  0	-8.304
		16  1	-34.243
		17  0	13.397
		18  1	-17.164
		19  0	-0.12
		20  1	5.322
		21  1	-6.149
		22  0	-0.336
		23  0	2.314

node  4		 link	 weight	 bias -6.054
		1  1	1.437
		2  1	3.439
		3  1	-9.037
		4  1	-10.727
		5  0	-39.749
		6  0	-6.866
		7  0	-13.579
		8  0	-27.634
		9  1	-1.929
		10  0	1.034
		12  1	-18.727
		13  1	0.648
		14  0	-0.727
		15  1	-6.216
		16  0	-4.116
		17  0	-32.649
		18  1	-14.09
		19  1	-0.803
		20  0	-4.893
		21  0	-12.269
		22  0	-1.276
		23  1	-11.911

node  5		 link	 weight	 bias -15.807
		1  0	-14.23
		2  0	-0.091
		3  0	-11.596
		4  1	-39.607
		5  0	-26.309
		6  0	-20.766
		7  1	-8.434
		8  1	12.072
		9  0	-26.538
		10  1	-20.235
		12  1	-22.736
		13  1	-2.29
		14  0	2.223
		15  0	3.743
		16  0	-2.116
		17  1	5.29
		18  1	-1.596
		19  1	-0.306
		20  0	-0.728
		21  1	1.982
		22  1	-4.844
		23  1	21.49

node  6		 link	 weight	 bias -31.683
		1  1	-9.14
		2  1	1.568
		3  1	-0.93
		4  1	-2.241
		5  1	-3.343
		6  0	-10.273
		7  1	18.706
		8  0	8.99
		9  1	16.988
		10  1	-12.887
		12  1	-24.495
		13  1	-19.009
		14  0	-30.16
		15  0	-1.673
		16  0	0.307
		17  0	-17.316
		18  0	-18.051
		19  1	1.816
		20  1	-0.568
		21  0	23.765
		22  1	2.685
		23  0	-1.887


 Layer 5

node  1		 link	 weight	 bias 1.178
		1  0	-0.952
		2  0	0.569
		3  0	-0.424
		4  1	6.109
		5  1	-5.485
		6  0	0.767
		7  0	0.259
		8  0	-0.402
		9  0	0.276
		10  1	-0.333
		12  1	-4.34
		13  1	-1.329
		14  0	-0.393
		15  1	0.925
		16  0	-0.384
		17  0	-0.461
		18  0	0.572
		19  0	0.856
		20  0	0.395
		21  1	-3.498
		22  0	-0.076
		23  0	0.783
		24  0	-0.269
		25  1	-4.986
		26  0	0.7
		27  0	0.635
		28  0	-0.695
		29  0	-0.483


 Layer 2

node  1		 link	 weight	 bias 7.327
		1  0	0.609
		2  1	-15.578
		3  1	9.501
		4  0	0.646
		5  0	0.892
		6  0	-0.777
		7  1	-6.189
		8  0	-1.624
		9  1	-2.524
		10  1	-2.12

node  2		 link	 weight	 bias -15.836
		1  1	-5.684
		2  0	2.745
		3  0	-5.525
		4  0	-9.516
		5  0	-2.658
		6  0	0.9
		7  1	-24.3
		8  1	-11.748
		9  0	-17.034
		10  1	-17.502

node  3		 link	 weight	 bias 3.504
		1  1	-16.157
		2  0	2.871
		3  1	-2.281
		4  1	-23.747
		5  1	-17.995
		6  0	-1.891
		7  1	-25.252
		8  0	-17.071
		9  0	-0.381
		10  1	-10.5

node  4		 link	 weight	 bias -7.215
		1  0	-19.032
		2  1	-4.996
		3  1	-10.311
		4  1	-20.208
		5  0	-5.873
		6  1	-28.98
		7  1	-7.096
		8  1	-6.452
		9  0	3.642
		10  1	1.11

node  5		 link	 weight	 bias 3.022
		1  1	0.981
		2  1	-13.825
		3  1	-6.141
		4  1	-5.009
		5  1	-1.41
		6  0	3.568
		7  1	-0.052
		8  0	11.019
		9  0	-12.085
		10  0	0.06

node  6		 link	 weight	 bias -6.51
		1  0	-14.384
		2  1	-4.399
		3  0	3.567
		4  0	-5.078
		5  1	-28.188
		6  0	2.3
		7  0	-9.126
		8  0	0.686
		9  1	-11.761
		10  0	-15.983


 Layer 3

node  1		 link	 weight	 bias 0.32
		1  0	0.976
		2  0	-0.893
		3  0	0.61
		4  1	-0.575
		5  1	-6.883
		6  0	0.8
		7  0	0.383
		8  0	0.476
		9  0	-0.703
		10  0	-0.714
		12  1	-1.993
		13  1	-3.298
		14  1	0.626
		15  1	1.451
		16  0	-0.725
		17  0	-0.761

node  2		 link	 weight	 bias -11.148
		1  1	-20.854
		2  1	-18.067
		3  1	-4.786
		4  1	-32.895
		5  0	9.536
		6  0	2.675
		7  1	-12.087
		8  1	-0.215
		9  0	-10.115
		10  0	9.869
		12  0	-25.005
		13  0	2.041
		14  0	-16.773
		15  1	-5.855
		16  0	-9.789
		17  0	9.692

node  3		 link	 weight	 bias -0.813
		1  1	0.088
		2  1	0.882
		3  1	-25.397
		4  0	1.129
		5  0	-8.154
		6  1	1.009
		7  1	-15.174
		8  1	-30.194
		9  1	3.489
		10  1	-5.205
		12  1	-30.237
		13  0	-0.975
		14  0	-0.175
		15  1	2.925
		16  0	4.101
		17  1	-13.177

node  4		 link	 weight	 bias -21.418
		1  0	0.602
		2  0	1.72
		3  0	2.108
		4  0	-0.149
		5  0	-22.124
		6  0	-5.551
		7  1	-12.358
		8  0	-4.213
		9  0	19.525
		10  1	-21.85
		12  0	-17.123
		13  0	-3.927
		14  1	-17.237
		15  0	-0.52
		16  1	-18.885
		17  0	-0.72

node  5		 link	 weight	 bias -12.462
		1  1	0.726
		2  1	-18.323
		3  1	3.903
		4  0	-5.522
		5  0	24.112
		6  0	32.133
		7  1	-0.402
		8  1	-9.193
		9  1	-0.782
		10  1	-6.778
		12  0	7.278
		13  0	-14.973
		14  0	-19.58
		15  1	3.134
		16  1	-13.089
		17  1	-12.64

node  6		 link	 weight	 bias 12.396
		1  1	-11.481
		2  0	-13.518
		3  0	-0.063
		4  0	-27.15
		5  1	7.484
		6  1	10.122
		7  1	-3.001
		8  1	-8.264
		9  1	-7.226
		10  1	-15.083
		12  1	6.11
		13  1	-15.785
		14  1	10.435
		15  1	10.448
		16  1	6.725
		17  0	-0.25


 Layer 4

node  1		 link	 weight	 bias -5.936
		1  1	-45.389
		2  0	2.927
		3  0	-2.758
		4  1	-0.13
		5  0	5.381
		6  0	-2.362
		7  0	-6.006
		8  0	10.134
		9  0	-0.855
		10  0	10.812
		12  1	-6.978
		13  1	-9.561
		14  0	-14.637
		15  1	-9.801
		16  1	-25.512
		17  0	2.967
		18  1	-8.991
		19  1	-0.292
		20  0	-8.04
		21  1	0.769
		22  0	3.884
		23  0	6.847

node  2		 link	 weight	 bias 6.497
		1  0	0.979
		2  1	-21.405
		3  0	-4.321
		4  1	-5.76
		5  1	-10.685
		6  0	-1.609
		7  0	0.0779999
		8  1	-12.699
		9  1	-24.052
		10  0	-5.869
		12  1	29.267
		13  1	-8.039
		14  0	-1.142
		15  0	-19.547
		16  0	-0.136
		17  1	-11.739
		18  0	-24.018
		19  1	9.806
		20  1	-17.525
		21  1	-25.894
		22  0	-4.785
		23  0	6.003

node  3		 link	 weight	 bias -3.943
		1  0	-15.815
		2  0	-14.583
		3  1	0.758
		4  1	-4.86
		5  0	-7.437
		6  0	-1.757
		7  1	-31.195
		8  1	-18.662
		9  1	-10.711
		10  1	-1.031
		12  1	-13.805
		13  0	0.344
		14  1	12.797
		15  0	-2.748
		16  1	-10.18
		17  1	-1.037
		18  1	-9.805
		19  0	-11.249
		20  0	-7.791
		21  0	-25.59
		22  0	5.774
		23  0	-3.693

node  4		 link	 weight	 bias -9.565
		1  1	-15.613
		2  0	-6.888
		3  1	5.675
		4  1	-13.882
		5  0	-41.092
		6  1	-24.066
		7  1	-21.668
		8  0	4.576
		9  0	-6.688
		10  0	-5.023
		12  1	-39.795
		13  0	-3.731
		14  1	12.028
		15  1	3.716
		16  0	-18.071
		17  1	18.999
		18  1	-21.19
		19  1	-7.665
		20  1	-20.47
		21  0	8.293
		22  0	-2.359
		23  1	0.569

node  5		 link	 weight	 bias 9.968
		1  1	-11.494
		2  0	0.73
		3  1	-21.522
		4  1	-34.594
		5  0	0.899
		6  0	-21.623
		7  1	-7.112
		8  0	-0.032
		9  1	-8.917
		10  1	-28.484
		12  0	9.149
		13  0	-0.419
		14  1	-1.639
		15  1	-3.16
		16  1	-30.027
		17  0	-0.083
		18  0	7.9
		19  1	-14.404
		20  1	-7.261
		21  1	10.23
		22  0	-7.935
		23  0	-27.422

node  6		 link	 weight	 bias -4.986
		1  0	-13.606
		2  1	-1.655
		3  1	-7.689
		4  0	-10.389
		5  0	-8.374
		6  1	5.097
		7  1	-8.511
		8  1	-16.817
		9  1	8.715
		10  0	-0.176
		12  0	2.783
		13  1	-5.583
		14  0	-14.197
		15  1	-2.288
		16  0	-0.343
		17  1	4.371
		18  1	-23.406
		19  0	2.56
		20  0	2.179
		21  1	-11.726
		22  1	-0.398
		23  1	16.847


 Layer 5

node  1		 link	 weight	 bias 0.987
		1  0	0.081
		2  0	0.57
		3  0	-0.444
		4  0	-0.653
		5  1	-6.66
		6  0	-0.893
		7  0	-0.836
		8  0	0.594
		9  1	-0.434
		10  0	-0.941
		12  0	-0.871
		13  0	0.392
		14  0	-0.791
		15  1	-0.086
		16  0	-0.742
		17  1	-2.006
		18  1	-4.885
		19  0	-0.637
		20  1	1.568
		21  0	0.92
		22  0	-0.089
		23  0	0.872
		24  0	0.168
		25  1	-0.285
		26  0	-0.654
		27  1	-0.216
		28  1	0.56
		29  0	-0.479


 Layer 2

node  1		 link	 weight	 bias -27.492
		1  1	-14.815
		2  0	-4.089
		3  1	12.36
		4  1	9.785
		5  0	-18.366
		6  1	-32.574
		7  1	7.175
		8  0	-29.75
		9  1	-19.863
		10  1	8.491

node  2		 link	 weight	 bias -13.552
		1  0	2.93
		2  1	-2.423
		3  1	4.779
		4  1	4.914
		5  0	-0.955
		6  0	-0.491
		7  0	-0.789
		8  0	0.621
		9  0	2.627
		10  1	-0.622

node  3		 link	 weight	 bias -19.551
		1  0	-1.694
		2  1	-7.754
		3  1	-5.252
		4  0	-1.467
		5  1	-20.612
		6  0	-7.167
		7  1	-18.005
		8  0	-9.899
		9  1	3.9
		10  0	2.768

node  4		 link	 weight	 bias -27.169
		1  1	-30.83
		2  1	-14.108
		3  0	-17.007
		4  0	-4.182
		5  0	-0.434
		6  1	-11.007
		7  1	-23.843
		8  1	-18.95
		9  1	9.347
		10  1	-0.25

node  5		 link	 weight	 bias 21.572
		1  1	-5.571
		2  1	-4.491
		3  1	-38.808
		4  1	-9.744
		5  0	-30.408
		6  0	3.2
		7  0	-8.585
		8  1	3.042
		9  0	-24.827
		10  0	-1.624

node  6		 link	 weight	 bias -22.535
		1  1	-6.086
		2  0	3.477
		3  0	-10.36
		4  0	-17.722
		5  1	-10.407
		6  1	-11.046
		7  0	-33.748
		8  1	-7.163
		9  0	2.99
		10  1	-8.2


 Layer 3

node  1		 link	 weight	 bias 7.938
		1  1	-18.561
		2  0	17.005
		3  0	0.796
		4  0	-10.243
		5  0	8.115
		6  1	-4.128
		7  0	-1.009
		8  1	-13.655
		9  0	0.265
		10  0	-21.593
		12  0	0.305
		13  1	4.064
		14  0	4.497
		15  0	-3.88
		16  0	0.709
		17  1	-9.295

node  2		 link	 weight	 bias -21.89
		1  0	-10.557
		2  1	4.028
		3  1	-0.279
		4  0	-30.143
		5  0	1.744
		6  1	0.058
		7  0	-0.394
		8  0	-0.216
		9  1	8.174
		10  0	-10.698
		12  0	-0.443
		13  0	-11.91
		14  0	-2.125
		15  0	0.307
		16  1	-0.63
		17  0	-2.769

node  3		 link	 weight	 bias -29.623
		1  0	0.904
		2  1	-3.551
		3  1	-4.78
		4  1	-1.393
		5  1	-28.231
		6  0	-23.326
		7  0	4.007
		8  0	-0.278
		9  0	-0.342
		10  1	-27.336
		12  1	-31.45
		13  0	7.707
		14  1	-44.59
		15  1	3.218
		16  1	-7.023
		17  1	-7.959

node  4		 link	 weight	 bias -36.166
		1  0	-12.498
		2  1	4.429
		3  1	-34.096
		4  0	0.19
		5  0	1.707
		6  1	-5.543
		7  1	-5.508
		8  0	-3.508
		9  0	3.428
		10  0	-7.04
		12  1	15.312
		13  1	-21.911
		14  0	-15.409
		15  1	-13.286
		16  0	-4.091
		17  1	-7.643

node  5		 link	 weight	 bias -24.425
		1  1	-10.663
		2  1	-7.532
		3  0	12.787
		4  0	8.456
		5  1	-9.554
		6  0	-2.836
		7  1	-27.252
		8  1	10.046
		9  0	-6.463
		10  0	-10.353
		12  1	-13.483
		13  0	1.248
		14  1	2.258
		15  0	-17.849
		16  0	-8.595
		17  1	0.162

node  6		 link	 weight	 bias 6.902
		1  0	-0.156
		2  0	-10.437
		3  1	-0.156
		4  0	-11.482
		5  1	-5.05
		6  0	-28.517
		7  0	10.944
		8  0	-0.507
		9  0	-6.056
		10  0	0.159
		12  1	-19.585
		13  1	10.556
		14  0	-11.975
		15  1	3.537
		16  0	7.668
		17  0	-5.814


 Layer 4

node  1		 link	 weight	 bias -7.978
		1  0	3.56
		2  1	-21.001
		3  0	-1.826
		4  1	5.659
		5  1	-20.79
		6  1	2.492
		7  1	-7.984
		8  1	-8.184
		9  1	-15.68
		10  1	-3.045
		12  1	16.301
		13  0	-0.758
		14  1	-19.155
		15  0	-11.712
		16  0	-3.537
		17  1	-3.022
		18  1	0.363
		19  0	-0.349
		20  1	-37.484
		21  0	-2.034
		22  1	6.828
		23  1	-20.16

node  2		 link	 weight	 bias 19.653
		1  1	-29.563
		2  1	12.84
		3  0	-5.143
		4  1	-19.375
		5  0	5.881
		6  0	-19.042
		7  1	-3.141
		8  0	-14.309
		9  1	-7.75
		10  0	5.857
		12  1	0.678
		13  1	-21.635
		14  1	-23.375
		15  0	-5.537
		16  1	6.752
		17  1	-14.102
		18  1	-12.28
		19  0	-7.509
		20  1	-3.245
		21  1	-0.072
		22  1	1.49
		23  1	-6.063

node  3		 link	 weight	 bias 5.804
		1  0	-3.271
		2  0	-0.466
		3  0	-0.124
		4  0	-5.483
		5  0	6.045
		6  1	3.073
		7  0	0.345
		8  1	3.619
		9  1	0.481
		10  0	-0.625
		12  1	-12.209
		13  0	-36.541
		14  1	-1.363
		15  1	-3.807
		16  1	-6.523
		17  1	-2.94
		18  0	5.028
		19  0	11.766
		20  0	-5.701
		21  1	-15.077
		22  1	22.809
		23  0	4.731

node  4		 link	 weight	 bias -1.389
		1  0	-0.457
		2  0	0.316
		3  0	-0.125
		4  1	-5.376
		5  0	-0.627
		6  0	1.101
		7  0	-0.738
		8  0	0.141
		9  1	-0.544
		10  0	-0.307
		12  1	1.844
		13  0	-0.794
		14  0	-0.678
		15  0	0.985
		16  0	-0.6
		17  0	0.887
		18  0	-0.543
		19  0	-0.657
		20  0	0.286
		21  0	0.955
		22  0	0.957
		23  0	0.411

node  5		 link	 weight	 bias 8.792
		1  0	-31.244
		2  0	-0.147
		3  1	4.156
		4  1	-0.765
		5  0	-5.241
		6  0	2.405
		7  1	-22.557
		8  1	-46.4
		9  1	-9.626
		10  0	-1.363
		12  0	3.104
		13  0	-26.41
		14  1	-26.33
		15  1	8.863
		16  0	0.571
		17  0	-1.557
		18  0	-7.175
		19  1	-6.706
		20  1	2.243
		21  1	-3.913
		22  1	-12.855
		23  1	0.642

node  6		 link	 weight	 bias -14.012
		1  1	-19.961
		2  1	19.167
		3  1	0.691
		4  1	-4.215
		5  0	-1.764
		6  0	1.756
		7  0	0.706
		8  1	1.384
		9  1	-13.31
		10  0	-2.235
		12  0	-8.459
		13  0	-0.563
		14  0	2.508
		15  0	0.327
		16  0	-5.008
		17  1	2.606
		18  0	-14.589
		19  0	-1.387
		20  0	-7.1
		21  1	-21.565
		22  1	-14.208
		23  1	11.794


 Layer 5

node  1		 link	 weight	 bias 0
		1  0	0.183
		2  0	0.873
		3  0	0.225
		4  0	-0.703
		5  0	0.457
		6  1	10.143
		7  0	0.798
		8  0	0.368
		9  0	-0.297
		10  0	0.091
		12  0	-0.981
		13  0	-0.547
		14  0	-0.487
		15  0	-0.884
		16  0	0.347
		17  1	-0.021
		18  0	-2.169
		19  1	-1.155
		20  0	0.403
		21  1	-3.271
		22  1	3.036
		23  0	-0.82
		24  1	-4.951
		25  0	-0.304
		26  0	1.743
		27  1	1.871
		28  0	-0.261
		29  1	4.102
