
======================================================
Score	3.86793e+10
Z	-54.9831
alpha	-0.825776
betta	-0.75768
gamma	-1.68952
Vx	0.896325
Vy	20
Vz	20
engIng	1
cFuel	70
tfuel	0
======================================================

Initial Parametrs
rOa	{ 173 ; 93 ; -50 }

V	{ 10 ; 20 ; 20 }

w	{ -0.5 ; -0.5 ; -0.5 }

alpha	-0.35
betta	-0.35
gamma	-0.35
======================================================

 Layer 2

node  1		 link	 weight	 bias -1.963
		1  0	-0.00799999
		2  1	2.375
		3  1	-2.141
		4  0	-0.07
		5  0	0.247
		6  1	-0.592
		7  0	0.036
		8  1	-1.156
		9  0	0.156
		10  1	-0.278

node  2		 link	 weight	 bias 0.146
		1  0	0.436
		2  0	0.06
		3  0	0.443
		4  0	0.391
		5  0	-0.018
		6  0	0.26
		7  0	-0.44
		8  0	0.311
		9  0	0.015
		10  0	-0.443

node  3		 link	 weight	 bias -1.509
		1  0	0.394
		2  0	0.041
		3  1	-4.007
		4  0	0.056
		5  0	0.137
		6  0	0.073
		7  0	0.465
		8  1	-7.252
		9  0	-0.054
		10  0	0.301

node  4		 link	 weight	 bias 6.291
		1  0	-4.329
		2  0	0.042
		3  1	-0.647
		4  0	0.073
		5  0	-0.126
		6  0	-0.059
		7  0	0.369
		8  0	-0.163
		9  0	-0.061
		10  0	-0.193

node  5		 link	 weight	 bias 4.53
		1  0	-0.197
		2  0	0.044
		3  1	-1.023
		4  0	-0.223
		5  0	-0.19
		6  0	-0.257
		7  0	-0.075
		8  0	-0.119
		9  0	0.494
		10  1	0.283

node  6		 link	 weight	 bias -0.329
		1  0	0.357
		2  0	0.088
		3  0	0.425
		4  0	0.334
		5  0	0.483
		6  0	-0.057
		7  0	-0.144
		8  0	-0.085
		9  0	0.218
		10  0	0.219

node  7		 link	 weight	 bias 3.059
		1  0	-0.153
		2  0	-0.1
		3  0	-0.39
		4  1	-0.575
		5  0	0.069
		6  0	-0.386
		7  0	-0.446
		8  0	0.403
		9  0	0.421
		10  0	0.436

node  8		 link	 weight	 bias 0
		1  0	-0.251
		2  0	0.408
		3  0	0.383
		4  0	0.156
		5  0	0.166
		6  0	-0.492
		7  0	0.442
		8  0	0.306
		9  0	0.072
		10  1	5.213


 Layer 3

node  1		 link	 weight	 bias -0.48
		1  1	4.277
		2  0	0.182
		3  0	0.288
		4  0	-0.459
		5  0	0.177
		6  1	3.51
		7  0	0.174
		8  0	0.437
		9  0	0.376
		10  1	-0.423
		12  0	-0.178
		13  0	0.00400001
		14  0	-0.408
		15  0	0.431
		16  0	0.393
		17  1	1.124
		18  0	-0.387
		19  0	-0.125

node  2		 link	 weight	 bias 0.395
		1  0	-0.157
		2  0	-0.118
		3  0	0.212
		4  1	-0.165
		5  0	-0.074
		6  0	0.467
		7  0	0.331
		8  0	-0.439
		9  0	0.009
		10  0	-0.027
		12  0	-0.135
		13  0	-0.032
		14  1	-3.721
		15  0	0.00800002
		16  0	0.188
		17  0	0.388
		18  0	0.299
		19  0	0.22

node  3		 link	 weight	 bias -2.113
		1  0	-0.471
		2  0	0.486
		3  0	-0.327
		4  0	0.3
		5  0	-0.328
		6  0	-0.35
		7  0	0.365
		8  0	-0.13
		9  0	-0.253
		10  0	0.401
		12  1	2.765
		13  0	-0.289
		14  0	0.088
		15  0	-0.287
		16  0	-0.479
		17  1	-0.389
		18  0	-0.141
		19  0	0.439

node  4		 link	 weight	 bias 0
		1  0	-0.412
		2  0	0.00999999
		3  0	-0.414
		4  0	0.107
		5  0	-0.075
		6  0	-0.278
		7  0	-0.067
		8  0	0.341
		9  0	0.295
		10  0	-0.221
		12  0	-0.319
		13  1	-0.249
		14  0	-0.263
		15  0	-0.145
		16  0	0.051
		17  0	0.162
		18  0	-0.328
		19  0	0.245

node  5		 link	 weight	 bias -2.143
		1  0	-0.23
		2  0	-0.233
		3  0	0.242
		4  0	-0.343
		5  0	-0.272
		6  1	-0.927
		7  0	0.434
		8  0	-0.383
		9  1	7.512
		10  0	-0.018
		12  0	0.154
		13  0	-0.427
		14  1	-0.188
		15  0	-0.156
		16  0	0.307
		17  1	1.634
		18  0	0.437
		19  0	-0.47

node  6		 link	 weight	 bias 0.062
		1  0	-0.387
		2  0	-0.394
		3  0	0.00400001
		4  0	-0.12
		5  0	0.236
		6  1	1.237
		7  0	-0.254
		8  0	0.017
		9  0	0.411
		10  1	0.771
		12  0	-0.109
		13  0	0.038
		14  0	-0.149
		15  1	0.981
		16  0	-0.483
		17  0	0.227
		18  0	0.373
		19  0	-0.305

node  7		 link	 weight	 bias -5.464
		1  0	-0.159
		2  0	-0.443
		3  0	-0.286
		4  0	0.291
		5  1	-1.367
		6  0	-0.386
		7  0	-0.011
		8  0	0.344
		9  0	-0.233
		10  0	0.104
		12  0	0.401
		13  0	-0.191
		14  1	-0.071
		15  0	0.372
		16  0	-0.417
		17  0	-0.142
		18  0	0.268
		19  1	-1.214

node  8		 link	 weight	 bias -2.859
		1  0	0.06
		2  1	0.11
		3  0	-0.222
		4  0	-0.356
		5  1	-1.274
		6  0	0.348
		7  1	-0.244
		8  0	-0.163
		9  0	0.06
		10  0	0.472
		12  1	-0.109
		13  0	0.29
		14  0	0.324
		15  0	0.358
		16  0	-0.039
		17  0	-0.491
		18  0	0.461
		19  0	0.215


 Layer 4

node  1		 link	 weight	 bias 0
		1  0	-0.456
		2  0	-0.28
		3  0	0.345
		4  0	0.236
		5  0	-0.259
		6  0	0.104
		7  1	-1.576
		8  0	0.451
		9  0	0.223
		10  0	-0.099
		12  0	0.201
		13  0	0.072
		14  0	0.452
		15  0	-0.384
		16  0	-0.155
		17  1	0.547
		18  0	-0.125
		19  0	-0.376
		20  0	0.459
		21  1	0.145
		22  0	0.361
		23  1	0.833
		24  0	-0.264
		25  0	-0.296
		26  0	-0.45
		27  0	-0.162


 Layer 2

node  1		 link	 weight	 bias 3.331
		1  0	0.236
		2  0	0.465
		3  0	-0.315
		4  0	0.19
		5  0	0.311
		6  0	-0.268
		7  0	-0.224
		8  0	-0.249
		9  0	-0.166
		10  0	-0.347

node  2		 link	 weight	 bias 0.479
		1  0	-0.000999987
		2  0	-0.224
		3  0	0.389
		4  0	0.163
		5  0	0.246
		6  1	-2.504
		7  0	0.07
		8  0	0.154
		9  0	-0.028
		10  0	-0.041

node  3		 link	 weight	 bias 0
		1  0	0.025
		2  0	0.086
		3  0	0.101
		4  0	0.143
		5  0	0.0999999
		6  1	-0.147
		7  0	0.106
		8  0	-0.208
		9  0	0.391
		10  0	0.488

node  4		 link	 weight	 bias 1.385
		1  0	0.454
		2  0	0.174
		3  0	0.146
		4  0	0.013
		5  0	-0.152
		6  0	-0.254
		7  1	4.184
		8  0	-0.213
		9  1	-3.019
		10  1	-1.811

node  5		 link	 weight	 bias -1.575
		1  1	0.524
		2  1	1.243
		3  0	0.257
		4  1	-0.616
		5  0	-0.312
		6  0	-0.444
		7  0	0.094
		8  0	0.49
		9  1	-8.538
		10  0	-0.175

node  6		 link	 weight	 bias -5.018
		1  0	-0.368
		2  1	-0.182
		3  0	0.307
		4  0	-0.213
		5  0	0.479
		6  0	-0.404
		7  0	0.242
		8  1	-2.116
		9  0	0.305
		10  0	0.116

node  7		 link	 weight	 bias -1.909
		1  0	-0.478
		2  0	-0.39
		3  0	-0.756
		4  1	-0.137
		5  0	-0.351
		6  0	1.855
		7  0	-0.389
		8  0	0.031
		9  0	-0.104
		10  1	4.654

node  8		 link	 weight	 bias -0.0680001
		1  0	-0.023
		2  0	0.00800002
		3  0	-0.315
		4  0	-0.077
		5  0	-0.337
		6  0	-0.083
		7  0	-0.022
		8  0	-0.168
		9  0	0.49
		10  0	-0.387


 Layer 3

node  1		 link	 weight	 bias -0.176
		1  0	-0.158
		2  0	-0.16
		3  0	0.124
		4  0	-0.218
		5  0	-0.285
		6  0	0.259
		7  1	-9.106
		8  0	-0.313
		9  0	-0.032
		10  0	0.482
		12  0	-0.114
		13  0	-0.125
		14  0	-0.302
		15  1	-1.729
		16  0	-0.131
		17  0	-0.187
		18  1	1.308
		19  0	0.247

node  2		 link	 weight	 bias -3.632
		1  0	-0.03
		2  0	-0.12
		3  1	4.665
		4  0	-0.438
		5  0	-0.023
		6  0	0.456
		7  1	3.379
		8  0	-0.445
		9  1	0.107
		10  0	-0.322
		12  0	0.095
		13  0	-0.485
		14  0	0.107
		15  0	-0.288
		16  0	-0.442
		17  0	-0.392
		18  1	-0.46
		19  0	-0.347

node  3		 link	 weight	 bias -0.413
		1  0	-0.398
		2  0	-0.009
		3  0	-0.00600001
		4  0	-0.185
		5  0	-0.03
		6  0	0.32
		7  0	0.445
		8  1	0.217
		9  0	0.381
		10  0	0.156
		12  0	-0.379
		13  0	-0.169
		14  0	0.178
		15  0	-0.292
		16  0	0.278
		17  0	0.034
		18  0	0.025
		19  0	0.455

node  4		 link	 weight	 bias -0.0469999
		1  0	-0.396
		2  0	-0.204
		3  0	0.087
		4  1	-0.34
		5  1	1.165
		6  1	6.288
		7  0	-0.011
		8  0	-0.3
		9  0	-0.009
		10  1	-0.0749997
		12  0	0.236
		13  0	0.486
		14  0	0.037
		15  0	0.017
		16  0	0.418
		17  0	1.994
		18  1	-0.126
		19  0	-0.31

node  5		 link	 weight	 bias -0.192
		1  0	0.142
		2  1	0.169
		3  1	9.566
		4  0	0.298
		5  0	0.154
		6  0	-0.293
		7  0	0.344
		8  1	-5.348
		9  0	-0.173
		10  0	2.414
		12  1	-0.681
		13  0	-0.109
		14  0	0.377
		15  0	-0.253
		16  1	3.091
		17  0	0.023
		18  0	0.153
		19  1	-7.845

node  6		 link	 weight	 bias -0.351
		1  0	-0.445
		2  0	0.156
		3  1	-2.338
		4  0	0.434
		5  0	0.00599998
		6  0	-0.325
		7  0	-0.274
		8  0	0.194
		9  0	-0.284
		10  1	-0.641
		12  1	-3.579
		13  1	-6.749
		14  1	-2.231
		15  0	-0.014
		16  0	-0.386
		17  0	0.272
		18  0	0.34
		19  0	0.18

node  7		 link	 weight	 bias 2.318
		1  0	-0.104
		2  0	0.329
		3  0	-0.465
		4  1	1.22
		5  1	0.253
		6  1	3.756
		7  1	-1.935
		8  0	-0.148
		9  0	0.023
		10  0	-0.041
		12  0	-0.173
		13  0	-0.109
		14  0	-0.091
		15  0	-0.0029996
		16  1	-0.767
		17  0	0.395
		18  0	-0.385
		19  1	-0.896

node  8		 link	 weight	 bias 0.228
		1  1	-0.043
		2  0	0.005
		3  0	-0.355
		4  0	0.443
		5  0	4.448
		6  0	0.264
		7  0	0.255
		8  0	0.174
		9  0	0.422
		10  0	0.226
		12  0	0.084
		13  0	-2.33
		14  0	-0.081
		15  0	0.267
		16  1	-5.824
		17  0	0.258
		18  1	-2.419
		19  0	0.469


 Layer 4

node  1		 link	 weight	 bias -1.791
		1  0	0.438
		2  0	0.058
		3  0	-0.153
		4  0	-0.292
		5  0	-0.164
		6  0	-0.024
		7  0	0.47
		8  0	0.398
		9  0	0.227
		10  0	0.068
		12  0	0.479
		13  0	0.297
		14  1	-3.172
		15  0	-0.144
		16  1	1.751
		17  0	-0.084
		18  0	-0.204
		19  1	-0.511
		20  0	-0.377
		21  0	-0.485
		22  0	-0.244
		23  1	-1.722
		24  0	0.029
		25  1	-0.296
		26  1	0.496
		27  0	-0.435


 Layer 2

node  1		 link	 weight	 bias 1.813
		1  0	-0.242
		2  1	-2.945
		3  0	-0.287
		4  0	0.13
		5  0	-0.00600001
		6  1	0.303
		7  0	-0.114
		8  1	0.019
		9  0	-0.047
		10  1	-0.62

node  2		 link	 weight	 bias -0.442
		1  0	-0.181
		2  0	0.191
		3  0	-0.458
		4  0	-0.497
		5  1	-0.446
		6  0	-0.176
		7  0	-0.471
		8  0	0.203
		9  0	-0.046
		10  1	1.552

node  3		 link	 weight	 bias 1.559
		1  0	-0.026
		2  0	-0.435
		3  0	-0.08
		4  0	-0.446
		5  0	-0.083
		6  1	0.014
		7  1	1.644
		8  0	0.392
		9  0	-0.286
		10  0	-0.323

node  4		 link	 weight	 bias 0.631
		1  0	-0.455
		2  1	-0.362
		3  0	-0.414
		4  0	0.024
		5  1	1.5
		6  1	-3.34
		7  0	-0.342
		8  0	0.306
		9  0	0.193
		10  1	-1.562

node  5		 link	 weight	 bias -0.0109999
		1  0	0.435
		2  0	-0.168
		3  0	0.263
		4  0	0.322
		5  0	-0.39
		6  0	-0.056
		7  0	-0.272
		8  0	-0.037
		9  0	0.256
		10  0	0.472

node  6		 link	 weight	 bias -0.0150001
		1  0	-0.00999999
		2  0	0.00999999
		3  0	-0.213
		4  0	-0.076
		5  0	-0.435
		6  1	0.487
		7  0	0.062
		8  0	-0.326
		9  0	0.221
		10  0	0.369

node  7		 link	 weight	 bias -6.242
		1  0	-0.108
		2  0	0.34
		3  0	0.382
		4  0	-0.164
		5  0	0.198
		6  1	6.445
		7  1	2.577
		8  0	0.033
		9  0	0.477
		10  0	-0.29

node  8		 link	 weight	 bias 0.147
		1  0	0.273
		2  0	-0.159
		3  0	-0.39
		4  0	0.493
		5  0	-0.484
		6  0	0.00800002
		7  0	-0.257
		8  0	-0.447
		9  0	-0.11
		10  0	0.454


 Layer 3

node  1		 link	 weight	 bias -5.323
		1  0	0.161
		2  0	0.293
		3  0	0.429
		4  0	-0.314
		5  0	-0.26
		6  0	0.482
		7  0	-0.359
		8  0	-0.15
		9  0	-0.46
		10  0	-0.225
		12  0	0.362
		13  0	-0.368
		14  0	0.364
		15  1	1.531
		16  0	0.016
		17  0	-0.139
		18  0	-0.456
		19  0	0.479

node  2		 link	 weight	 bias -1.724
		1  0	-0.18
		2  0	0.044
		3  0	-0.412
		4  1	4.07
		5  0	0.374
		6  0	-0.051
		7  0	0.481
		8  0	-0.188
		9  0	0.247
		10  0	-0.064
		12  0	0.173
		13  0	0.389
		14  0	0.273
		15  0	-0.031
		16  1	0.844
		17  0	-0.357
		18  0	0.158
		19  0	-0.117

node  3		 link	 weight	 bias -1.066
		1  0	0.18
		2  0	0.08
		3  0	-0.062
		4  0	0.217
		5  0	-0.158
		6  1	0.454
		7  1	0.59
		8  0	0.347
		9  1	3.228
		10  0	-0.271
		12  0	0.08
		13  0	0.275
		14  0	-0.036
		15  0	0.049
		16  0	-0.032
		17  1	0.007
		18  0	0.16
		19  0	0.494

node  4		 link	 weight	 bias -0.93
		1  1	-4.269
		2  1	-0.5
		3  0	-0.168
		4  0	0.343
		5  0	0.114
		6  0	-0.132
		7  0	-0.00799999
		8  0	0.128
		9  0	-0.396
		10  0	0.018
		12  0	-0.201
		13  0	0.159
		14  1	-2.196
		15  0	0.469
		16  0	-0.152
		17  0	0.023
		18  0	-0.263
		19  0	0.128

node  5		 link	 weight	 bias 0
		1  1	2.986
		2  0	-0.197
		3  0	-0.358
		4  0	0.054
		5  0	-0.491
		6  0	0.185
		7  0	-0.154
		8  0	0.176
		9  1	2.497
		10  0	-0.478
		12  0	0.04
		13  0	0.281
		14  0	0.367
		15  0	0.297
		16  0	0.315
		17  0	-0.306
		18  0	0.214
		19  1	-3.55

node  6		 link	 weight	 bias 0
		1  0	-0.172
		2  0	-0.045
		3  0	0.239
		4  0	0.263
		5  0	0.086
		6  0	-0.025
		7  0	1.752
		8  0	0.00800002
		9  0	0.021
		10  0	0.313
		12  1	-2.304
		13  0	-0.274
		14  0	0.401
		15  0	0.192
		16  0	-0.463
		17  1	2.46
		18  0	0.186
		19  0	0.165

node  7		 link	 weight	 bias -0.937
		1  0	-0.239
		2  0	0.26
		3  0	0.284
		4  1	-1.025
		5  0	0.346
		6  0	0.031
		7  0	0.448
		8  0	-0.015
		9  1	-3.556
		10  0	-0.351
		12  0	-0.111
		13  0	0.12
		14  0	-0.201
		15  1	-5.673
		16  0	0.068
		17  0	-0.221
		18  1	-5.907
		19  0	0.402

node  8		 link	 weight	 bias 0.364
		1  0	-0.093
		2  0	0.448
		3  0	-0.133
		4  0	0.051
		5  0	-0.301
		6  1	4.064
		7  0	-0.454
		8  0	-0.462
		9  0	-0.351
		10  0	-0.236
		12  0	0.429
		13  0	0.467
		14  0	0.239
		15  0	-0.033
		16  0	0.323
		17  0	0.217
		18  1	-3.515
		19  0	-0.14


 Layer 4

node  1		 link	 weight	 bias 0
		1  0	-0.338
		2  0	-0.163
		3  0	0.167
		4  0	-0.358
		5  0	-0.211
		6  0	0.204
		7  0	-0.056
		8  1	2.16
		9  0	-0.381
		10  0	-0.27
		12  1	0.016
		13  0	0.356
		14  1	1.553
		15  0	0.162
		16  0	-0.327
		17  0	-0.431
		18  1	0.032
		19  0	-0.064
		20  0	-0.188
		21  0	0.155
		22  0	-0.358
		23  0	0.141
		24  0	-0.455
		25  0	0.423
		26  0	0.432
		27  0	0.268


 Layer 2

node  1		 link	 weight	 bias 1.627
		1  0	0.4
		2  0	0.441
		3  0	-0.07
		4  0	-0.31
		5  0	0.153
		6  0	-0.285
		7  1	3.826
		8  0	0.203
		9  0	0.174
		10  0	0.414

node  2		 link	 weight	 bias -1.162
		1  0	-0.204
		2  0	-0.057
		3  0	0.196
		4  0	-0.238
		5  0	-0.057
		6  0	0.021
		7  0	-0.017
		8  0	0.105
		9  0	0.166
		10  0	-0.086

node  3		 link	 weight	 bias 1.198
		1  0	-0.285
		2  0	0.116
		3  0	-0.057
		4  0	0.014
		5  0	0.057
		6  0	0.324
		7  0	-0.468
		8  0	0.15
		9  0	-0.446
		10  0	0.308

node  4		 link	 weight	 bias -2.225
		1  0	0.197
		2  0	0.388
		3  0	0.369
		4  0	-0.347
		5  0	-0.376
		6  0	0.278
		7  0	-0.421
		8  0	-0.259
		9  1	1.656
		10  0	-0.348

node  5		 link	 weight	 bias -4.548
		1  0	0.122
		2  0	-0.164
		3  0	-0.121
		4  0	-0.471
		5  0	-0.37
		6  0	0.308
		7  0	-0.012
		8  0	-0.094
		9  0	-0.089
		10  0	-0.452

node  6		 link	 weight	 bias -0.27
		1  0	0.051
		2  0	-0.007
		3  0	0.028
		4  0	-0.398
		5  0	0.271
		6  1	2.235
		7  0	-0.155
		8  0	-0.485
		9  0	-3.057
		10  0	-0.266

node  7		 link	 weight	 bias -1.4
		1  0	-0.359
		2  0	-0.401
		3  0	0.478
		4  0	-0.4
		5  0	-0.013
		6  1	-2.948
		7  0	0.075
		8  0	-0.239
		9  1	-0.339
		10  0	-0.296

node  8		 link	 weight	 bias 2.454
		1  1	-4.164
		2  1	-9.46
		3  0	0.462
		4  0	-0.089
		5  0	0.27
		6  0	0.039
		7  0	-0.072
		8  0	-0.081
		9  0	-0.00600001
		10  1	-0.132


 Layer 3

node  1		 link	 weight	 bias -1.214
		1  0	-0.000999987
		2  0	0.074
		3  1	-2.741
		4  0	-0.086
		5  0	0.296
		6  1	-0.435
		7  0	0.462
		8  0	-0.47
		9  0	-0.392
		10  0	-0.255
		12  0	0.065
		13  0	-0.146
		14  1	-0.393
		15  0	0.079
		16  0	0.053
		17  0	-3.088
		18  0	0.293
		19  0	0.043

node  2		 link	 weight	 bias -3.478
		1  0	0.194
		2  1	7.265
		3  0	0.143
		4  1	1.649
		5  0	-0.273
		6  0	0.15
		7  0	0.083
		8  0	-0.061
		9  0	0.425
		10  0	-0.187
		12  0	0.017
		13  0	0.213
		14  0	0.244
		15  0	-0.253
		16  0	-0.48
		17  0	-0.471
		18  0	0.108
		19  0	-0.434

node  3		 link	 weight	 bias 2.741
		1  0	-0.012
		2  0	0.223
		3  0	0.038
		4  0	-0.052
		5  0	0.353
		6  0	0.375
		7  0	-0.188
		8  0	-0.059
		9  0	0.16
		10  0	-0.443
		12  0	0.097
		13  0	-0.011
		14  0	-0.236
		15  0	-0.44
		16  0	-0.062
		17  0	0.414
		18  0	-0.497
		19  0	-0.406

node  4		 link	 weight	 bias 0.02
		1  0	-4.252
		2  1	-2.1
		3  0	-0.455
		4  0	0.498
		5  0	-0.049
		6  0	0.291
		7  0	-0.359
		8  0	0.061
		9  1	0.637
		10  0	0.222
		12  0	-0.206
		13  0	-0.161
		14  1	0.092
		15  0	-0.297
		16  0	-0.25
		17  1	5.337
		18  0	0.159
		19  0	0.05

node  5		 link	 weight	 bias -1.807
		1  0	0.455
		2  1	2.539
		3  1	-7.165
		4  0	-0.118
		5  0	0.475
		6  0	0.449
		7  0	0.317
		8  0	0.494
		9  0	-0.363
		10  0	0.073
		12  0	-0.197
		13  0	-0.034
		14  0	-0.128
		15  0	-0.444
		16  0	-0.086
		17  0	-0.318
		18  1	0.498
		19  0	-0.176

node  6		 link	 weight	 bias 1.056
		1  0	0.071
		2  0	0.359
		3  0	-0.476
		4  0	-0.025
		5  0	0.178
		6  0	-0.354
		7  0	-0.461
		8  0	-0.32
		9  0	-0.185
		10  1	3.785
		12  0	0.083
		13  0	0.107
		14  0	0.194
		15  0	-0.274
		16  0	0.179
		17  0	-0.451
		18  0	0.301
		19  0	-0.363

node  7		 link	 weight	 bias -3.59
		1  0	0.044
		2  1	1.898
		3  0	0.475
		4  0	0.048
		5  0	0.08
		6  0	0.155
		7  0	-0.183
		8  0	-0.329
		9  0	0.096
		10  0	0.421
		12  1	-2.813
		13  0	0.157
		14  0	-0.096
		15  0	-1.559
		16  1	3.139
		17  0	0.178
		18  0	-0.067
		19  0	0.389

node  8		 link	 weight	 bias -1.836
		1  0	-0.095
		2  1	3.523
		3  1	-5.773
		4  0	-0.377
		5  0	-0.152
		6  0	-0.093
		7  1	-1.71
		8  0	-0.196
		9  0	0.054
		10  0	0.19
		12  0	0.199
		13  1	-0.963
		14  1	-4.688
		15  0	-0.395
		16  0	0.265
		17  0	-0.109
		18  0	-0.365
		19  0	-0.486


 Layer 4

node  1		 link	 weight	 bias 0.939
		1  1	0.171
		2  0	0.167
		3  0	0.429
		4  1	-0.615
		5  1	-4.331
		6  0	0.257
		7  0	0.497
		8  0	0.425
		9  0	0.348
		10  0	-0.124
		12  0	0.039
		13  0	0.466
		14  0	0.005
		15  0	-0.074
		16  0	0.393
		17  0	-0.335
		18  0	-0.005
		19  0	0.471
		20  0	-0.451
		21  0	0.399
		22  0	-0.285
		23  0	0.42
		24  0	-0.183
		25  0	-0.321
		26  0	0.311
		27  0	0.427
