
======================================================
Score	9.06181e+11
Z	0
alpha	-0.35
betta	-0.702001
gamma	-0.702001
Vx	-3.81248
Vy	20
Vz	20
engIng	1
cFuel	8
tfuel	0
======================================================

Initial Parametrs
rOa	{ 0 ; 0 ; -50 }

V	{ 10 ; 20 ; 20 }

w	{ -0.5 ; -0.5 ; -0.5 }

alpha	-0.35
betta	-0.35
gamma	-0.35
======================================================

 Layer 2

node  1		 link	 weight	 bias -1.17
		1  0	-0.527
		2  0	0.623
		3  0	0.128
		4  0	0.786
		5  0	-0.431
		6  0	-0.556
		7  0	-0.421
		8  0	-0.25
		9  0	-0.282
		10  0	-0.946

node  2		 link	 weight	 bias -1.893
		1  0	-0.976
		2  0	-0.287
		3  1	1.635
		4  0	-0.541
		5  0	0.81
		6  0	0.961
		7  0	0.779
		8  0	0.899
		9  0	-0.648
		10  0	-0.673

node  3		 link	 weight	 bias 0
		1  0	-0.908
		2  0	-0.076
		3  0	0.294
		4  0	0.319
		5  0	-0.119
		6  1	-0.21
		7  0	0.371
		8  0	0.49
		9  0	0.546
		10  0	0.821

node  4		 link	 weight	 bias 2.415
		1  0	0.836
		2  0	0.337
		3  0	-0.503
		4  0	-0.408
		5  0	-0.698
		6  0	0.872
		7  1	-5.392
		8  0	0.448
		9  0	-0.551
		10  1	-3.593

node  5		 link	 weight	 bias -2.054
		1  0	0.554
		2  0	-0.027
		3  0	0.363
		4  1	-0.588
		5  0	-0.064
		6  0	0.044
		7  0	-0.406
		8  0	-0.371
		9  0	0.784
		10  0	-0.623

node  6		 link	 weight	 bias 1.086
		1  1	2.279
		2  1	-5.591
		3  0	0.981
		4  0	-0.774
		5  1	-2.46
		6  0	-0.25
		7  0	0.538
		8  1	3.729
		9  0	0.477
		10  0	-0.39


 Layer 3

node  1		 link	 weight	 bias -2.338
		1  0	-0.718
		2  1	-4.959
		3  0	-0.35
		4  0	0.858
		5  0	-0.651
		6  0	-0.404
		7  0	-0.591
		8  0	-0.761
		9  0	-0.589
		10  1	-0.957
		12  1	-3.149
		13  0	0.98
		14  1	-1.793
		15  0	-0.298
		16  0	0.00600004
		17  0	-0.291

node  2		 link	 weight	 bias 1.197
		1  0	-0.084
		2  0	-0.486
		3  0	0.411
		4  0	-0.845
		5  0	0.686
		6  0	0.918
		7  0	-0.812
		8  0	-0.614
		9  0	-0.469
		10  0	-0.629
		12  0	-0.37
		13  0	0.49
		14  0	-0.609
		15  0	0.642
		16  0	-0.716
		17  1	-0.107

node  3		 link	 weight	 bias -6.117
		1  0	-0.907
		2  0	-0.257
		3  0	-0.127
		4  0	0.667
		5  1	1.164
		6  0	-0.68
		7  0	0.788
		8  0	-0.748
		9  0	0.872
		10  0	0.495
		12  1	-2.457
		13  0	0.024
		14  0	-0.397
		15  0	-0.832
		16  0	0.104
		17  0	0.834

node  4		 link	 weight	 bias 2.06
		1  0	-1.714
		2  0	-0.254
		3  0	-0.857
		4  1	2.912
		5  0	0.603
		6  1	-3.365
		7  0	0.465
		8  0	-0.425
		9  0	-0.00999999
		10  0	0.852
		12  0	0.441
		13  0	-0.691
		14  0	0.54
		15  0	-0.483
		16  0	-0.959
		17  0	-0.207

node  5		 link	 weight	 bias -3.545
		1  0	0.703
		2  0	-0.477
		3  0	-0.342
		4  1	-0.659
		5  0	0.352
		6  0	-0.686
		7  0	-0.775
		8  0	0.832
		9  0	-0.201
		10  1	4.906
		12  1	6.683
		13  0	-0.289
		14  0	-0.355
		15  0	0.915
		16  0	-0.786
		17  1	7.218

node  6		 link	 weight	 bias 0
		1  0	-0.341
		2  0	0.313
		3  0	0.752
		4  0	-0.49
		5  0	-0.28
		6  0	0.532
		7  0	-0.983
		8  0	-0.244
		9  0	-2.23
		10  0	0.508
		12  0	-0.187
		13  0	0.613
		14  0	-0.033
		15  0	-0.816
		16  1	-1.942
		17  0	0.832


 Layer 4

node  1		 link	 weight	 bias 0.967
		1  0	0.892
		2  0	-0.736
		3  0	-0.57
		4  1	-1.29
		5  0	-0.995
		6  0	0.896
		7  0	0.048
		8  0	0.28
		9  0	-0.328
		10  0	0.944
		12  0	0.783
		13  0	0.649
		14  0	-0.362
		15  1	0.529
		16  0	0.0599999
		17  0	-0.92
		18  1	-2.397
		19  0	-0.899
		20  0	-0.131
		21  0	0.022
		22  0	0.766
		23  0	-0.095

node  2		 link	 weight	 bias 0.639
		1  1	4.921
		2  0	0.514
		3  0	-0.943
		4  0	-0.385
		5  0	0.964
		6  0	0.104
		7  0	0.573
		8  0	0.3
		9  0	-0.441
		10  0	-0.668
		12  0	-0.122
		13  0	0.436
		14  0	-0.613
		15  0	0.814
		16  0	-0.099
		17  1	-2.127
		18  0	0.311
		19  0	0.341
		20  0	-0.919
		21  1	-0.975
		22  1	-0.315
		23  0	-0.943

node  3		 link	 weight	 bias 2.442
		1  0	0.775
		2  0	0.084
		3  0	0.765
		4  0	-0.617
		5  0	0.676
		6  0	0.173
		7  0	0.095
		8  0	-0.00800002
		9  0	0.672
		10  0	-0.339
		12  0	0.666
		13  1	0.232
		14  0	-0.91
		15  0	0.131
		16  0	-0.442
		17  0	-0.373
		18  0	0.738
		19  0	0.744
		20  0	-0.312
		21  0	0.797
		22  0	-0.016
		23  1	-3.378

node  4		 link	 weight	 bias -0.029
		1  0	-0.339
		2  0	-0.042
		3  0	0.764
		4  0	0.334
		5  0	-0.103
		6  0	-0.112
		7  0	0.517
		8  1	1.828
		9  0	-0.52
		10  0	-0.236
		12  0	0.686
		13  0	-0.416
		14  0	0.995
		15  0	0.432
		16  0	-0.76
		17  0	-0.86
		18  1	-2.884
		19  1	5.203
		20  0	0.852
		21  0	0.795
		22  0	-0.96
		23  0	0.866

node  5		 link	 weight	 bias -0.178
		1  0	-0.128
		2  0	0.875
		3  0	-0.654
		4  0	-0.231
		5  1	0.037
		6  0	0.031
		7  0	0.794
		8  0	-0.589
		9  0	0.271
		10  0	-0.634
		12  1	1.665
		13  0	-0.164
		14  1	-0.396
		15  0	0.778
		16  0	0.119
		17  0	-0.365
		18  0	0.834
		19  0	0.062
		20  0	-0.37
		21  0	0.514
		22  0	-0.713
		23  0	0.666

node  6		 link	 weight	 bias 0.818
		1  0	0.439
		2  0	0.773
		3  0	-0.756
		4  0	0.996
		5  0	-0.876
		6  0	-0.603
		7  1	2.071
		8  0	0.398
		9  0	-0.384
		10  0	-0.152
		12  0	-0.324
		13  0	0.096
		14  0	0.571
		15  0	0.152
		16  0	0.789
		17  0	0.847
		18  1	2.419
		19  0	0.072
		20  0	-0.654
		21  0	-0.332
		22  0	0.715
		23  0	-0.67


 Layer 5

node  1		 link	 weight	 bias 0.092
		1  0	0.262
		2  0	-0.074
		3  0	-0.245
		4  0	-0.117
		5  0	0.621
		6  0	0.146
		7  0	0.534
		8  0	-0.875
		9  1	-0.638
		10  0	0.757
		12  0	-0.097
		13  0	0.994
		14  0	0.324
		15  0	-0.579
		16  0	-0.213
		17  0	-0.19
		18  0	-0.62
		19  0	0.955
		20  0	-0.591
		21  0	0.975
		22  0	-0.285
		23  0	0.272
		24  0	-0.305
		25  0	0.412
		26  0	0.262
		27  0	0.216
		28  1	-0.287
		29  0	0.199


 Layer 2

node  1		 link	 weight	 bias -3.541
		1  0	-0.32
		2  0	0.966
		3  0	-0.03
		4  0	0.599
		5  0	-0.513
		6  0	-0.227
		7  0	-0.307
		8  0	-0.289
		9  1	2.21
		10  0	-0.927

node  2		 link	 weight	 bias 3.63
		1  0	-0.965
		2  0	-0.993
		3  0	0.555
		4  1	1.375
		5  1	3.953
		6  0	-0.44
		7  0	-0.263
		8  0	-0.532
		9  0	-0.671
		10  0	0.275

node  3		 link	 weight	 bias 2.707
		1  0	0.418
		2  0	0.257
		3  0	0.353
		4  0	-0.102
		5  0	-0.793
		6  0	-0.958
		7  0	-0.602
		8  1	-1.279
		9  0	-0.693
		10  0	-0.187

node  4		 link	 weight	 bias 0
		1  0	-0.16
		2  0	0.962
		3  0	-0.049
		4  0	0.796
		5  0	0.874
		6  0	-0.962
		7  0	0.549
		8  0	0.188
		9  0	0.471
		10  0	0.496

node  5		 link	 weight	 bias -1.305
		1  0	0.832
		2  0	-0.706
		3  0	0.376
		4  0	0.236
		5  1	0.169
		6  1	-2.055
		7  0	-1
		8  0	-0.129
		9  0	-0.935
		10  0	-0.085

node  6		 link	 weight	 bias -4.231
		1  0	0.648
		2  0	0.59
		3  0	0.621
		4  0	-0.549
		5  0	0.16
		6  1	-0.684
		7  0	0.545
		8  0	-0.005
		9  0	0.794
		10  0	0.869


 Layer 3

node  1		 link	 weight	 bias -2.904
		1  0	0.362
		2  0	0.0880001
		3  1	-0.00100004
		4  0	0.869
		5  0	0.00399995
		6  0	-0.3
		7  0	0.81
		8  1	-8.295
		9  0	0.034
		10  0	-0.355
		12  0	0.227
		13  1	4.113
		14  1	0.712
		15  0	0.302
		16  0	-0.65
		17  0	0.741

node  2		 link	 weight	 bias 0
		1  1	2.962
		2  0	0.749
		3  0	0.967
		4  0	0.73
		5  0	-0.179
		6  0	0.875
		7  1	0.527
		8  0	0.75
		9  1	-1.054
		10  1	-0.546
		12  0	-0.758
		13  1	0.603
		14  0	0.228
		15  0	0.242
		16  1	2.804
		17  0	0.877

node  3		 link	 weight	 bias -2.491
		1  1	-4.027
		2  0	0.497
		3  0	-0.712
		4  0	-0.804
		5  0	0.728
		6  1	0.116
		7  0	-0.073
		8  0	-0.759
		9  0	0.499
		10  0	-0.88
		12  0	0.076
		13  1	0.883
		14  0	0.358
		15  1	-0.505
		16  1	0.145
		17  0	0.471

node  4		 link	 weight	 bias 0
		1  0	0.00199997
		2  0	0.539
		3  0	0.085
		4  0	-0.156
		5  0	-0.000999987
		6  0	0.987
		7  0	-0.111
		8  0	0.816
		9  0	0.603
		10  0	0.435
		12  0	0.821
		13  0	-0.664
		14  0	-0.869
		15  0	0.296
		16  0	0.579
		17  0	-0.27

node  5		 link	 weight	 bias -1.317
		1  0	0.66
		2  1	1.862
		3  0	0.818
		4  0	-0.143
		5  0	-0.472
		6  0	-0.392
		7  0	-0.374
		8  0	0.556
		9  0	-0.08
		10  1	0.451
		12  0	0.993
		13  0	0.645
		14  0	0.957
		15  0	0.987
		16  0	-0.044
		17  0	0.397

node  6		 link	 weight	 bias 0.42
		1  0	0.415
		2  0	0.005
		3  1	1.324
		4  0	-0.00599998
		5  0	-0.915
		6  1	0.601
		7  0	-0.896
		8  0	-0.865
		9  1	-0.818
		10  0	0.476
		12  0	0.913
		13  0	-0.672
		14  0	0.673
		15  0	-0.943
		16  0	-0.951
		17  0	-0.268


 Layer 4

node  1		 link	 weight	 bias 3.978
		1  1	-1.629
		2  0	0.667
		3  0	-0.926
		4  0	-0.713
		5  0	0.922
		6  0	-0.143
		7  0	-0.357
		8  0	0.879
		9  0	0.0650001
		10  1	-2.408
		12  0	0.235
		13  0	0.75
		14  0	0.633
		15  0	-0.946
		16  1	8.134
		17  0	-0.018
		18  0	-0.482
		19  0	-0.046
		20  1	-4.194
		21  0	-0.167
		22  0	-0.172
		23  0	0.113

node  2		 link	 weight	 bias 0
		1  0	-0.101
		2  0	-0.672
		3  0	-0.25
		4  0	-0.269
		5  0	1.739
		6  0	0.905
		7  0	0.917
		8  0	-0.039
		9  0	0.331
		10  0	-1.823
		12  0	0.671
		13  0	0.49
		14  0	0.134
		15  0	-0.316
		16  0	0.119
		17  0	-0.404
		18  0	0.051
		19  0	-0.517
		20  1	0.776
		21  1	0.786
		22  0	-0.696
		23  0	-0.757

node  3		 link	 weight	 bias -2.711
		1  0	0.469
		2  0	0.483
		3  1	-7.336
		4  0	-0.569
		5  0	0.399
		6  0	0.493
		7  0	0.00100005
		8  0	-0.64
		9  0	0.575
		10  0	0.478
		12  0	-0.959
		13  0	0.836
		14  0	0.953
		15  1	0.122
		16  0	-0.856
		17  0	0.37
		18  1	-0.703
		19  0	-0.113
		20  0	0.227
		21  1	-0.424
		22  0	0.485
		23  0	-2.013

node  4		 link	 weight	 bias 0.784
		1  0	0.821
		2  0	-0.607
		3  0	-0.712
		4  0	-0.143
		5  0	0.215
		6  0	-0.241
		7  1	0.714
		8  1	1.706
		9  0	-0.597
		10  0	0.566
		12  0	-0.795
		13  0	0.288
		14  1	0.135
		15  0	-0.514
		16  0	0.9
		17  0	0.031
		18  0	-0.121
		19  0	-0.761
		20  0	0.649
		21  1	-2.391
		22  0	-0.907
		23  0	-0.511

node  5		 link	 weight	 bias 0
		1  0	-0.131
		2  0	0.415
		3  0	-0.422
		4  1	1.368
		5  0	-0.573
		6  0	0.11
		7  0	0.747
		8  0	0.936
		9  0	0.921
		10  0	-0.386
		12  0	-0.506
		13  0	0.268
		14  0	-0.447
		15  1	-2.504
		16  1	0.544
		17  0	-0.229
		18  0	-0.753
		19  1	0.74
		20  0	-0.97
		21  0	-0.133
		22  0	0.579
		23  1	0.405

node  6		 link	 weight	 bias -1.85
		1  0	0.675
		2  0	-0.469
		3  0	-0.633
		4  0	0.747
		5  1	-4.81
		6  0	0.335
		7  0	-0.908
		8  0	0.858
		9  0	-0.023
		10  0	-0.903
		12  0	0.358
		13  0	-0.884
		14  0	-0.633
		15  0	0.897
		16  0	0.918
		17  0	0.719
		18  0	-0.837
		19  0	-0.719
		20  0	0.45
		21  0	0.356
		22  0	3.774
		23  0	0.907


 Layer 5

node  1		 link	 weight	 bias -2.088
		1  0	-0.093
		2  0	0.259
		3  0	0.35
		4  0	-0.385
		5  0	0.0369999
		6  0	-0.282
		7  0	0.79
		8  0	-0.516
		9  0	-0.548
		10  0	-1.204
		12  0	0.398
		13  0	-0.491
		14  0	-0.255
		15  0	-0.153
		16  0	-0.157
		17  0	-0.891
		18  0	-0.383
		19  0	0.437
		20  0	-0.176
		21  1	5.587
		22  0	-0.817
		23  0	0.578
		24  0	0.322
		25  0	-0.696
		26  0	-0.066
		27  0	-0.043
		28  1	0.488
		29  0	0.49


 Layer 2

node  1		 link	 weight	 bias 2.316
		1  0	-0.404
		2  0	0.143
		3  0	-0.571
		4  0	-0.046
		5  0	-0.339
		6  0	0.069
		7  1	-0.415
		8  0	0.324
		9  1	1.777
		10  0	0.403

node  2		 link	 weight	 bias 3.826
		1  1	0.157
		2  0	0.671
		3  0	0.971
		4  0	-0.755
		5  0	0.518
		6  1	5.601
		7  0	0.054
		8  0	0.0829999
		9  0	0.882
		10  0	-0.251

node  3		 link	 weight	 bias -3.048
		1  0	-0.806
		2  0	-0.811
		3  0	-0.491
		4  0	-0.896
		5  0	0.763
		6  0	0.517
		7  0	-0.602
		8  0	0.616
		9  0	0.912
		10  0	0.267

node  4		 link	 weight	 bias 2.162
		1  0	-0.611
		2  0	-0.527
		3  0	0.514
		4  0	0.869
		5  0	-0.475
		6  0	0.297
		7  0	-0.33
		8  0	-0.686
		9  0	-0.86
		10  0	0.722

node  5		 link	 weight	 bias -6.158
		1  1	-0.392
		2  0	0.96
		3  0	-0.502
		4  0	0.953
		5  0	0.617
		6  0	0.226
		7  0	0.989
		8  0	0.739
		9  0	0.541
		10  0	0.401

node  6		 link	 weight	 bias -2.124
		1  0	0.642
		2  0	0.825
		3  0	0.443
		4  0	0.989
		5  0	0.914
		6  0	-0.442
		7  1	-0.72
		8  0	0.353
		9  0	0.45
		10  1	3.516


 Layer 3

node  1		 link	 weight	 bias 0
		1  0	0.015
		2  0	0.395
		3  0	0
		4  0	-0.666
		5  1	-0.554
		6  0	0.853
		7  0	-0.858
		8  0	0.0700001
		9  0	0.428
		10  0	0.268
		12  0	0.718
		13  0	0.96
		14  0	0.566
		15  0	0.979
		16  0	-0.849
		17  0	0.064

node  2		 link	 weight	 bias -4.394
		1  0	-0.348
		2  0	0.367
		3  0	-0.764
		4  0	0.644
		5  1	4.266
		6  0	0.114
		7  0	-0.583
		8  0	0.689
		9  0	-0.244
		10  0	0.39
		12  0	0.076
		13  0	-0.497
		14  0	0.77
		15  0	-0.094
		16  1	1.707
		17  0	-0.485

node  3		 link	 weight	 bias -0.391
		1  0	0.813
		2  0	0.98
		3  0	0.445
		4  0	0.438
		5  0	0.526
		6  0	-0.967
		7  0	0.659
		8  0	0.84
		9  0	0.926
		10  0	0.346
		12  0	-0.399
		13  0	-0.347
		14  0	-1.931
		15  0	0.912
		16  0	0.458
		17  0	-0.905

node  4		 link	 weight	 bias -1.289
		1  0	-0.451
		2  0	-0.07
		3  0	-0.67
		4  0	0.975
		5  0	-0.455
		6  1	2.163
		7  1	-0.223
		8  0	-0.738
		9  0	-0.296
		10  0	-0.00999999
		12  1	0.941
		13  0	0.795
		14  0	0.214
		15  1	-0.323
		16  0	-0.206
		17  0	0.566

node  5		 link	 weight	 bias -0.022
		1  0	0.486
		2  0	-0.562
		3  0	0.496
		4  1	0.958
		5  0	-0.017
		6  0	-0.859
		7  0	0.963
		8  0	0.265
		9  0	-0.58
		10  0	0.482
		12  0	0.848
		13  0	-0.61
		14  0	-0.847
		15  0	0.119
		16  0	-0.871
		17  0	-0.799

node  6		 link	 weight	 bias -0.198
		1  1	0.112
		2  1	4.223
		3  0	-0.369
		4  0	-0.137
		5  0	0.953
		6  0	-0.141
		7  0	0.706
		8  1	-6.312
		9  0	0.936
		10  0	0.307
		12  0	0.182
		13  0	-0.968
		14  0	0.388
		15  0	-0.343
		16  1	-4.471
		17  0	0.88


 Layer 4

node  1		 link	 weight	 bias -0.769
		1  0	-0.336
		2  1	-8.009
		3  0	-0.348
		4  0	-0.265
		5  1	0.179
		6  1	3.21
		7  0	-0.171
		8  0	0.295
		9  0	-0.067
		10  0	-0.378
		12  0	0.035
		13  0	-0.451
		14  0	0.056
		15  0	0.097
		16  0	0.956
		17  0	0.983
		18  0	0.967
		19  1	-0.654
		20  0	0.305
		21  0	0.901
		22  0	-0.497
		23  0	-0.869

node  2		 link	 weight	 bias -3.258
		1  0	0.82
		2  0	0.663
		3  1	-3.066
		4  0	-0.344
		5  0	0.015
		6  1	-1.352
		7  0	-0.663
		8  0	-0.052
		9  0	-0.834
		10  0	-0.101
		12  0	-0.335
		13  0	-0.181
		14  0	0.528
		15  0	0.952
		16  0	0.685
		17  0	-0.031
		18  0	-0.986
		19  0	-0.248
		20  0	0.308
		21  0	0.78
		22  0	0.284
		23  0	3.94

node  3		 link	 weight	 bias 1.088
		1  0	0.366
		2  0	0.942
		3  0	0.9
		4  0	-0.906
		5  1	-0.722
		6  0	-0.144
		7  0	0.942
		8  0	0.679
		9  0	-0.128
		10  0	0.077
		12  0	-0.687
		13  0	-0.666
		14  0	-0.932
		15  0	-0.78
		16  0	0.528
		17  0	-0.847
		18  0	-0.11
		19  0	-0.699
		20  0	-0.406
		21  0	-0.67
		22  1	0.901
		23  1	3.65

node  4		 link	 weight	 bias -7.053
		1  0	0.86
		2  0	-0.444
		3  1	0.768
		4  1	-4.902
		5  0	-0.076
		6  1	0.084
		7  0	0.991
		8  1	-6.983
		9  0	0.611
		10  0	0.552
		12  0	0.815
		13  0	-0.611
		14  0	-0.33
		15  1	-2.683
		16  0	0.675
		17  0	0.137
		18  1	-2.12
		19  0	-0.427
		20  0	-0.213
		21  0	-0.219
		22  0	-0.587
		23  0	0.718

node  5		 link	 weight	 bias 2.154
		1  0	0.016
		2  0	-0.92
		3  0	0.877
		4  0	0.31
		5  0	0.88
		6  0	-0.177
		7  0	-0.542
		8  1	-5.8
		9  0	0.44
		10  1	-0.58
		12  0	0.277
		13  0	-0.571
		14  0	0.392
		15  0	1.913
		16  0	0.3
		17  0	-0.187
		18  0	-0.79
		19  0	0.957
		20  0	-0.781
		21  0	0.513
		22  0	0.225
		23  0	-0.828

node  6		 link	 weight	 bias 0.629
		1  0	-0.697
		2  0	0.17
		3  0	-0.432
		4  0	0.096
		5  0	0.885
		6  0	0.309
		7  0	0.319
		8  0	0.278
		9  0	-0.769
		10  0	0.33
		12  0	0.601
		13  0	-0.465
		14  0	-0.727
		15  1	-0.437
		16  0	1.23
		17  0	-0.517
		18  0	0.194
		19  0	0.955
		20  0	-0.779
		21  0	-0.076
		22  0	0.703
		23  0	0.839


 Layer 5

node  1		 link	 weight	 bias -0.46
		1  0	0.483
		2  0	0.605
		3  0	-0.463
		4  0	-0.288
		5  0	0.509
		6  1	-4.075
		7  0	-0.677
		8  0	-0.567
		9  0	-0.353
		10  0	0.297
		12  0	-0.784
		13  0	-0.207
		14  1	0.328
		15  0	0.028
		16  0	0.538
		17  0	-0.945
		18  0	0.893
		19  0	-0.692
		20  0	-0.68
		21  0	-0.755
		22  1	0.464
		23  0	0.486
		24  0	-0.811
		25  0	0.983
		26  0	0.255
		27  0	0.363
		28  0	0.043
		29  1	-1.898


 Layer 2

node  1		 link	 weight	 bias -1.833
		1  0	-0.292
		2  0	0.916
		3  0	0.678
		4  1	-0.566
		5  0	0.621
		6  0	0.117
		7  0	0.577
		8  0	0.179
		9  0	-0.041
		10  0	-0.288

node  2		 link	 weight	 bias 0
		1  0	0.075
		2  0	-0.501
		3  0	-0.144
		4  0	-0.287
		5  0	-0.848
		6  1	-0.778
		7  1	-5.697
		8  0	0.211
		9  0	-0.684
		10  0	0.514

node  3		 link	 weight	 bias -1.225
		1  0	-0.245
		2  0	0.163
		3  0	0.641
		4  0	0.824
		5  0	0.874
		6  0	0.785
		7  0	0.436
		8  1	4.618
		9  0	-0.67
		10  1	7.746

node  4		 link	 weight	 bias -0.706
		1  1	-0.526
		2  0	-0.81
		3  1	-1.583
		4  0	-0.649
		5  0	-0.174
		6  1	0.182
		7  0	-0.773
		8  0	0.0420001
		9  0	-0.569
		10  1	1.829

node  5		 link	 weight	 bias 0
		1  0	-0.693
		2  1	0.643
		3  0	-0.349
		4  0	-0.838
		5  1	-1.807
		6  0	-0.856
		7  0	0.685
		8  1	-0.106
		9  0	-0.596
		10  1	0.068

node  6		 link	 weight	 bias -0.051
		1  0	-0.164
		2  0	0.554
		3  0	-0.368
		4  0	-0.15
		5  1	-0.081
		6  0	-0.273
		7  1	1.598
		8  0	-0.635
		9  1	0.636
		10  0	0.433


 Layer 3

node  1		 link	 weight	 bias 0
		1  0	-0.859
		2  0	-0.947
		3  0	-0.325
		4  0	-0.704
		5  0	0.372
		6  0	-0.573
		7  0	-0.479
		8  0	-0.478
		9  0	0.701
		10  0	0.514
		12  0	0.659
		13  0	-0.87
		14  0	0.289
		15  0	0.186
		16  0	-0.988
		17  1	2.315

node  2		 link	 weight	 bias 0.882
		1  0	-0.792
		2  0	0.439
		3  1	-2.317
		4  0	-0.145
		5  0	-0.223
		6  0	-0.024
		7  0	-0.02
		8  0	0.371
		9  0	0.824
		10  0	-0.115
		12  0	-0.167
		13  0	0.676
		14  0	0.431
		15  0	0.599
		16  0	0.228
		17  0	-0.574

node  3		 link	 weight	 bias -1.078
		1  0	3.01
		2  1	0.347
		3  0	-0.353
		4  0	-0.451
		5  1	-0.982
		6  0	0.364
		7  0	0.527
		8  0	-0.099
		9  1	-1.421
		10  0	-0.776
		12  0	0.466
		13  0	-0.661
		14  0	0.033
		15  0	-0.895
		16  0	-0.76
		17  0	-0.369

node  4		 link	 weight	 bias 2.289
		1  0	-0.438
		2  0	-0.539
		3  0	0.735
		4  0	-0.54
		5  0	-0.196
		6  0	-0.581
		7  1	5.414
		8  0	0.0650001
		9  0	-0.273
		10  1	0.192
		12  0	-0.621
		13  1	0.1
		14  0	-0.911
		15  0	-0.638
		16  0	0.216
		17  0	0.746

node  5		 link	 weight	 bias -0.616
		1  0	-0.239
		2  1	-5.808
		3  0	2.815
		4  0	-0.597
		5  0	0.367
		6  0	-0.405
		7  0	0.484
		8  0	-0.768
		9  0	0.805
		10  0	0.377
		12  0	-0.102
		13  0	-0.807
		14  0	-1
		15  0	-0.925
		16  0	0.414
		17  0	0.699

node  6		 link	 weight	 bias -2.994
		1  1	-1.684
		2  0	0.986
		3  0	-0.601
		4  0	0.601
		5  0	-0.807
		6  0	-0.889
		7  1	-0.33
		8  1	0.714
		9  0	-0.616
		10  0	0.068
		12  1	-5.473
		13  0	-0.629
		14  0	-0.137
		15  1	-2.911
		16  0	0.969
		17  0	0.062


 Layer 4

node  1		 link	 weight	 bias 2.906
		1  0	-0.88
		2  0	0.346
		3  0	-0.949
		4  0	-0.23
		5  0	0.794
		6  0	0.143
		7  0	-0.539
		8  0	-0.987
		9  1	8.185
		10  0	0.619
		12  0	-0.666
		13  0	0.517
		14  0	0.806
		15  0	0.933
		16  1	0.359
		17  0	0.427
		18  0	-0.47
		19  0	0.567
		20  1	-2.232
		21  0	-0.012
		22  0	0.166
		23  0	-0.944

node  2		 link	 weight	 bias -0.947
		1  0	-0.707
		2  0	-0.105
		3  1	-5.095
		4  0	0.796
		5  0	0.332
		6  1	-7.517
		7  0	-0.202
		8  0	0.976
		9  0	0.578
		10  0	0.22
		12  0	-0.751
		13  0	0.664
		14  0	0.521
		15  0	0.645
		16  1	4.654
		17  0	-0.878
		18  0	0.321
		19  1	5.533
		20  0	-0.672
		21  0	0.381
		22  0	-0.212
		23  0	-0.024

node  3		 link	 weight	 bias 0
		1  0	0.716
		2  0	-0.908
		3  0	0.614
		4  0	0.812
		5  0	0.166
		6  0	-0.859
		7  0	0.996
		8  1	0.132
		9  0	0.705
		10  0	0.781
		12  0	0.0930001
		13  1	0.848
		14  1	-2.135
		15  0	-0.332
		16  0	-0.402
		17  0	-0.898
		18  0	-0.781
		19  0	-0.029
		20  0	-0.81
		21  0	0.213
		22  0	0.644
		23  0	0.949

node  4		 link	 weight	 bias 0.097
		1  0	-0.253
		2  0	-0.633
		3  0	-0.783
		4  0	-0.41
		5  0	0.481
		6  1	-0.704
		7  0	0.795
		8  0	0.957
		9  0	0.918
		10  0	-0.513
		12  0	0.313
		13  0	-0.371
		14  0	0.793
		15  0	-0.257
		16  1	-0.559
		17  0	1.089
		18  0	-0.054
		19  0	-0.339
		20  0	-0.854
		21  0	-0.57
		22  0	0.431
		23  0	-0.532

node  5		 link	 weight	 bias -0.317
		1  1	4.17
		2  0	0.94
		3  0	0.958
		4  0	0.554
		5  0	0.813
		6  0	-0.563
		7  0	0.132
		8  0	-0.328
		9  0	0.898
		10  1	9.793
		12  0	-0.045
		13  0	0.887
		14  0	0.375
		15  0	0.676
		16  0	-0.685
		17  0	0.239
		18  0	0.305
		19  0	-0.09
		20  0	-0.583
		21  0	0.364
		22  1	0.555
		23  0	-0.939

node  6		 link	 weight	 bias 2.938
		1  0	-0.354
		2  0	-0.317
		3  0	-0.077
		4  0	-0.28
		5  0	0.153
		6  0	-0.972
		7  0	-0.823
		8  1	0.355
		9  0	0.531
		10  1	5.616
		12  0	0.997
		13  1	-1.368
		14  0	0.574
		15  1	-2.759
		16  0	-0.038
		17  0	-0.153
		18  0	-0.832
		19  0	-0.837
		20  0	-0.343
		21  0	-0.851
		22  0	-0.173
		23  0	0.016


 Layer 5

node  1		 link	 weight	 bias 0
		1  0	0.426
		2  0	0.932
		3  0	-0.23
		4  0	0.364
		5  0	-0.281
		6  0	0.916
		7  0	0.533
		8  0	-0.06
		9  1	0.838
		10  0	0.407
		12  0	0.371
		13  0	0.064
		14  0	0.188
		15  0	-0.913
		16  1	-0.00400001
		17  0	0.741
		18  0	-0.07
		19  0	-0.292
		20  0	0.335
		21  0	-0.272
		22  0	-0.891
		23  0	-0.385
		24  0	-0.361
		25  0	0.874
		26  1	0.403
		27  1	-0.514
		28  0	0.148
		29  0	0.998
