
======================================================
Score	9.41667e+10
Z	-39.8815
alpha	-0.192778
betta	-0.428401
gamma	-1.734
Vx	-17.154
Vy	20
Vz	20
engIng	1
cFuel	199
tfuel	0
======================================================

Initial Parametrs
rOa	{ 94 ; 132 ; -50 }

V	{ 10 ; 20 ; 20 }

w	{ -0.5 ; -0.5 ; -0.5 }

alpha	-0.35
betta	-0.35
gamma	-0.35
======================================================

 Layer 2

node  1		 link	 weight	 bias -1.617
		1  0	1.708
		2  0	-0.581
		3  1	0.664
		4  1	-0.762
		5  0	-1.212
		6  0	0.362
		7  1	0.686
		8  0	0.102
		9  0	-1.531
		10  0	-0.466

node  2		 link	 weight	 bias -5.53
		1  0	-0.178
		2  0	1.668
		3  0	0.313
		4  0	0.704
		5  0	0.315
		6  0	-0.906
		7  0	0.251
		8  0	0.478
		9  0	0.159
		10  0	0.025

node  3		 link	 weight	 bias -13.816
		1  1	-1.688
		2  0	0.897
		3  0	-0.199
		4  0	0.347
		5  0	-0.324
		6  1	-0.897
		7  0	0.849
		8  0	0.476
		9  0	-0.075
		10  1	0.308

node  4		 link	 weight	 bias -17.684
		1  0	-0.608
		2  0	-3.315
		3  0	-0.13
		4  0	-0.665
		5  0	0.398
		6  0	-0.409
		7  0	1.565
		8  0	-1.452
		9  0	3.139
		10  1	-0.48

node  5		 link	 weight	 bias -18.147
		1  0	-1.752
		2  1	0.015
		3  0	-0.582
		4  1	-0.565
		5  1	-0.247
		6  1	-0.735
		7  1	1.185
		8  0	-0.676
		9  0	-0.042
		10  0	1.254

node  6		 link	 weight	 bias -6.108
		1  0	-0.124
		2  0	-0.222
		3  0	0.603
		4  0	-0.109
		5  1	0.565
		6  1	-0.702
		7  0	0.00100005
		8  0	1.782
		9  0	-0.738
		10  0	-0.044

node  7		 link	 weight	 bias -1.839
		1  0	-0.865
		2  0	-1.649
		3  0	-0.179
		4  0	-0.141
		5  0	-2.298
		6  1	-2.397
		7  0	0.452
		8  1	-0.051
		9  1	0.517
		10  1	2.213

node  8		 link	 weight	 bias -6.111
		1  1	-0.373
		2  0	-0.192
		3  0	-0.605
		4  1	-0.268
		5  1	0.329
		6  0	-1.902
		7  0	0.719
		8  0	0.854
		9  1	0.248
		10  1	-0.881


 Layer 3

node  1		 link	 weight	 bias -4.728
		1  0	-0.16
		2  0	-1.212
		3  0	2.596
		4  0	-0.492
		5  1	-0.809
		6  0	3.821
		7  0	-0.243
		8  1	0.449
		9  1	0.683
		10  0	0.293
		12  0	0.0459999
		13  0	0.152
		14  0	-1.424
		15  0	0.176
		16  0	0.079
		17  0	0.311
		18  0	-0.11
		19  1	-0.15

node  2		 link	 weight	 bias -3.976
		1  0	2.276
		2  0	0.264
		3  0	-0.187
		4  1	0.548
		5  0	-2.264
		6  1	-0.156
		7  0	0.947
		8  1	0.574
		9  1	0.589
		10  1	-0.751
		12  0	-0.466
		13  1	0.559
		14  0	0.958
		15  0	0.466
		16  0	-0.544
		17  0	-0.729
		18  0	1.171
		19  1	-0.815

node  3		 link	 weight	 bias -9.898
		1  0	0.896
		2  1	2.68
		3  0	0.081
		4  0	-1.889
		5  0	-0.339
		6  0	-1.721
		7  0	1.834
		8  0	-0.94
		9  0	0.0289999
		10  0	-3.219
		12  0	-3.343
		13  0	-0.582
		14  1	0.639
		15  0	0.436
		16  0	-0.757
		17  0	0.113
		18  0	0.797
		19  0	-0.26

node  4		 link	 weight	 bias 2.165
		1  0	2.737
		2  0	-0.954
		3  1	-0.212
		4  0	1.727
		5  0	-0.73
		6  0	0.746
		7  1	-0.648
		8  1	-0.419
		9  0	0.454
		10  1	-0.796
		12  0	-2.206
		13  1	-2.683
		14  0	0.181
		15  1	-3.085
		16  0	-1.759
		17  1	0.412
		18  0	0.779
		19  1	-0.505

node  5		 link	 weight	 bias -1.001
		1  1	-0.908
		2  0	-0.851
		3  1	0.847
		4  0	0.782
		5  0	0.8
		6  0	0.185
		7  0	0.539
		8  1	0.943
		9  0	1.514
		10  0	0.323
		12  0	-0.342
		13  0	0.71
		14  0	-0.263
		15  0	0.835
		16  0	2.853
		17  0	0.34
		18  1	0.879
		19  0	0.971

node  6		 link	 weight	 bias -5.789
		1  0	-0.032
		2  0	0.362
		3  1	-0.073
		4  0	0.196
		5  0	2.761
		6  0	-1.739
		7  0	0.883
		8  0	0.383
		9  1	0.464
		10  0	-0.992
		12  1	2.267
		13  0	0.204
		14  0	1.358
		15  0	0.24
		16  1	0.391
		17  0	2.291
		18  0	0.154
		19  0	0.00199997

node  7		 link	 weight	 bias -3.467
		1  0	-0.685
		2  1	1.49
		3  0	-0.538
		4  0	-0.495
		5  0	-0.31
		6  0	-0.942
		7  1	-0.013
		8  0	0.142
		9  0	-0.429
		10  0	0.186
		12  1	-0.63
		13  0	0.678
		14  1	0.877
		15  0	-0.692
		16  0	-1.277
		17  0	0.577
		18  0	-0.794
		19  1	-0.033

node  8		 link	 weight	 bias -6.744
		1  1	2.402
		2  0	-0.092
		3  0	-0.824
		4  0	-1.738
		5  0	-0.021
		6  0	-0.0270001
		7  1	-0.111
		8  0	1.015
		9  0	0.0760001
		10  0	0.469
		12  0	-0.075
		13  0	0.96
		14  1	-3.022
		15  0	0.955
		16  1	-0.461
		17  0	0.223
		18  1	-0.143
		19  1	0.7


 Layer 4

node  1		 link	 weight	 bias -10.327
		1  1	-0.955
		2  1	0.073
		3  0	-0.969
		4  0	0.302
		5  0	-0.525
		6  0	0.824
		7  0	-0.83
		8  0	-0.354
		9  0	0.895
		10  0	-1.221
		12  0	-0.069
		13  1	-0.487
		14  0	-0.719
		15  1	0.075
		16  0	0.931
		17  1	2.819
		18  1	-2.528
		19  1	0.053
		20  1	-0.392
		21  1	-1.742
		22  1	1.083
		23  0	0.59
		24  0	0.345
		25  1	0.72
		26  0	0.647
		27  0	-0.579

node  2		 link	 weight	 bias -11.732
		1  0	-0.655
		2  0	-0.096
		3  0	-0.539
		4  0	0.687
		5  1	-0.027
		6  0	0.728
		7  0	-0.577
		8  0	-2.69
		9  1	-2.184
		10  0	0.925
		12  0	-0.429
		13  0	0.337
		14  0	-3.397
		15  0	-0.069
		16  0	-1.523
		17  1	-0.736
		18  0	0.236
		19  1	0.963
		20  0	-0.00800002
		21  0	-1.7
		22  1	-0.799
		23  1	-1.626
		24  0	-1.04
		25  0	-0.866
		26  0	-0.378
		27  1	2.032

node  3		 link	 weight	 bias 10.746
		1  1	-3.217
		2  1	-0.748
		3  1	0.678
		4  0	-1.592
		5  1	-0.467
		6  0	-0.036
		7  0	0.868
		8  0	-0.381
		9  1	-2.05
		10  0	0.761
		12  0	0.805
		13  0	0.835
		14  1	-0.056
		15  0	0.323
		16  0	-0.679
		17  0	1.778
		18  1	0.0549999
		19  0	-2.554
		20  0	-0.704
		21  0	0.424
		22  0	0.399
		23  0	-0.058
		24  0	-1.423
		25  0	2.184
		26  0	0.018
		27  0	1.407

node  4		 link	 weight	 bias 0.773
		1  0	0.367
		2  1	-2.382
		3  1	2.134
		4  1	0.761
		5  1	1.288
		6  1	-0.933
		7  1	-0.54
		8  0	0.656
		9  0	0.496
		10  0	0.041
		12  0	-0.276
		13  0	0.784
		14  1	-0.086
		15  1	-0.392
		16  0	1.942
		17  0	0.445
		18  1	-3.316
		19  0	-0.62
		20  0	-0.826
		21  0	-0.422
		22  0	-0.385
		23  0	0.42
		24  1	0.792
		25  1	-3.274
		26  0	-0.087
		27  0	-0.054

node  5		 link	 weight	 bias -3.628
		1  1	0.391
		2  0	2.133
		3  0	-0.93
		4  0	-2.211
		5  0	2.341
		6  0	-2.498
		7  1	0.067
		8  0	0.724
		9  1	0.774
		10  0	0.529
		12  0	-0.154
		13  0	-0.087
		14  1	-0.994
		15  0	-0.652
		16  0	-1.68
		17  0	-0.593
		18  1	-0.07
		19  1	-0.67
		20  1	-0.39
		21  0	-0.223
		22  1	0.0589999
		23  0	-0.434
		24  0	-0.172
		25  1	-0.651
		26  1	1.738
		27  0	1.39

node  6		 link	 weight	 bias -9.26
		1  0	-2.012
		2  0	0.545
		3  0	-2.269
		4  0	-0.325
		5  0	-1.697
		6  0	-1.815
		7  1	0.346
		8  0	-0.158
		9  1	0.481
		10  0	-0.031
		12  0	0.596
		13  1	-0.922
		14  0	0.978
		15  0	-0.986
		16  1	2.097
		17  0	1.183
		18  1	-0.081
		19  1	-0.597
		20  0	-0.155
		21  0	0.843
		22  0	0.313
		23  0	0.37
		24  1	-0.595
		25  0	-0.504
		26  0	-0.849
		27  0	0.393

node  7		 link	 weight	 bias -8.93
		1  0	-0.429
		2  0	0.297
		3  0	2.293
		4  0	0.551
		5  0	-2.451
		6  0	0.762
		7  0	-0.698
		8  0	0.059
		9  0	-0.541
		10  1	-0.223
		12  1	-0.756
		13  0	-0.719
		14  0	-0.695
		15  0	-0.138
		16  1	-2.198
		17  0	-0.698
		18  0	0.759
		19  0	0.874
		20  0	-0.035
		21  0	-0.239
		22  0	0.938
		23  0	0.831
		24  1	-0.869
		25  0	0.754
		26  1	-0.421
		27  0	2.895

node  8		 link	 weight	 bias -2.383
		1  0	0.624
		2  0	0.78
		3  0	-0.863
		4  0	0.386
		5  0	-1.221
		6  0	0.388
		7  0	-0.186
		8  0	0.887
		9  0	0.888
		10  0	1.468
		12  1	0.458
		13  0	0.808
		14  1	-1.436
		15  0	-1.4
		16  0	-0.441
		17  0	0.383
		18  0	-2.429
		19  0	0.853
		20  0	0.775
		21  0	1.075
		22  1	-4.664
		23  0	-0.348
		24  0	0.274
		25  1	-0.766
		26  0	0.479
		27  0	0.057


 Layer 5

node  1		 link	 weight	 bias 5.913
		1  1	-0.761
		2  0	0.138
		3  0	-0.292
		4  0	-0.37
		5  0	-0.972
		6  1	-1.185
		7  0	-1.337
		8  1	0.206
		9  0	0.318
		10  1	-0.551
		12  0	0.775
		13  0	-2.62
		14  0	2.931
		15  0	0.502
		16  0	0.631
		17  0	-0.596
		18  0	1.262
		19  0	0.957
		20  0	0.479
		21  0	-0.257
		22  1	0.945
		23  0	-0.716
		24  0	-1.822
		25  0	0.353
		26  1	0.172
		27  0	0.694
		28  0	0.00399995
		29  0	0.773
		30  1	0.323
		31  0	0.881
		32  1	-0.276
		33  0	0.608
		34  1	-0.309
		35  0	-0.575


 Layer 2

node  1		 link	 weight	 bias 0.229
		1  0	-0.514
		2  1	-0.712
		3  1	1.768
		4  1	0.221
		5  1	-1.028
		6  1	0.341
		7  0	0.415
		8  0	0.844
		9  0	-3.075
		10  0	-0.65

node  2		 link	 weight	 bias -6.056
		1  0	-0.062
		2  0	-0.344
		3  0	-0.423
		4  0	-0.237
		5  0	0.525
		6  1	0.749
		7  0	-0.405
		8  0	-1.706
		9  1	-0.981
		10  0	-0.227

node  3		 link	 weight	 bias -2.482
		1  0	-0.765
		2  0	0.0740001
		3  1	-0.381
		4  0	0.564
		5  1	-0.702
		6  1	0.923
		7  0	-0.184
		8  0	1.533
		9  1	0.805
		10  1	-1.434

node  4		 link	 weight	 bias -2.865
		1  1	0.184
		2  0	0.579
		3  1	-0.098
		4  0	-0.392
		5  0	0.856
		6  0	-0.389
		7  0	-1.285
		8  0	-0.854
		9  0	0.337
		10  1	-0.545

node  5		 link	 weight	 bias 5.373
		1  0	-0.695
		2  0	0.577
		3  0	0.38
		4  1	0.97
		5  1	-0.619
		6  0	-0.615
		7  1	-1.496
		8  0	0.408
		9  0	-0.223
		10  0	-0.419

node  6		 link	 weight	 bias 2.432
		1  0	1.668
		2  0	0.99
		3  0	1.509
		4  0	-0.239
		5  0	-1.057
		6  1	2.587
		7  0	0.677
		8  0	-0.791
		9  1	-0.013
		10  0	-3.206

node  7		 link	 weight	 bias -6.335
		1  0	-0.692
		2  1	-0.805
		3  0	-0.869
		4  0	1.55
		5  0	-0.672
		6  1	0.749
		7  1	2.036
		8  1	0.342
		9  1	0.545
		10  0	0.233

node  8		 link	 weight	 bias 2.328
		1  1	0.131
		2  0	0.00899994
		3  1	0.496
		4  1	2.078
		5  1	-1.182
		6  0	-1.105
		7  1	-1.964
		8  0	0.117
		9  0	0.547
		10  0	2.294


 Layer 3

node  1		 link	 weight	 bias 0.00399983
		1  1	1.948
		2  0	-0.989
		3  1	0.379
		4  0	-0.203
		5  0	0.946
		6  1	-0.42
		7  1	0.158
		8  1	-0.651
		9  1	2.168
		10  0	0.813
		12  0	-3.807
		13  1	0.59
		14  0	0.247
		15  0	0.734
		16  0	1.126
		17  1	0.628
		18  0	0.895
		19  1	0.257

node  2		 link	 weight	 bias -4.24
		1  1	-0.287
		2  0	-0.035
		3  0	0.285
		4  0	0.198
		5  0	0.081
		6  0	1.453
		7  1	0.374
		8  1	0.544
		9  0	0.667
		10  1	-1.062
		12  0	0.261
		13  0	-0.855
		14  1	0.594
		15  0	0.751
		16  1	-0.764
		17  0	3.013
		18  0	-0.469
		19  0	-0.636

node  3		 link	 weight	 bias -1.028
		1  0	-2.427
		2  0	0.015
		3  0	-0.982
		4  0	-0.814
		5  0	-0.529
		6  1	1.571
		7  0	-0.379
		8  1	0.355
		9  0	2.637
		10  0	-0.892
		12  0	-0.046
		13  0	-0.374
		14  1	-0.628
		15  0	-0.0970001
		16  0	0.953
		17  0	0.178
		18  1	0.277
		19  0	-0.153

node  4		 link	 weight	 bias 10.766
		1  0	-0.883
		2  0	0.618
		3  0	-3.315
		4  0	-0.052
		5  0	0.982
		6  0	1.297
		7  1	-1.906
		8  0	-0.792
		9  1	-0.639
		10  1	0.997
		12  0	-1.851
		13  0	-0.446
		14  0	-0.326
		15  0	-0.901
		16  0	-1.493
		17  0	0.266
		18  0	-0.0389999
		19  0	2.128

node  5		 link	 weight	 bias -5.261
		1  0	-0.34
		2  0	2.087
		3  1	-0.239
		4  1	0.00899994
		5  0	0.913
		6  0	0.556
		7  0	-2.114
		8  0	-0.098
		9  1	-0.592
		10  0	-0.261
		12  0	-2.594
		13  0	2.878
		14  0	-1.996
		15  0	-0.693
		16  0	-0.348
		17  0	-0.182
		18  0	-0.783
		19  0	0.634

node  6		 link	 weight	 bias 2.988
		1  0	-0.399
		2  1	2.093
		3  0	-1.066
		4  0	-0.559
		5  0	0.057
		6  0	-0.26
		7  1	0.875
		8  0	-1.422
		9  0	-0.884
		10  0	1.2
		12  1	-0.0829999
		13  0	0.171
		14  1	-0.966
		15  0	0.144
		16  1	-5.162
		17  0	-0.471
		18  1	-1.778
		19  0	1.729

node  7		 link	 weight	 bias 1.683
		1  0	-1.523
		2  1	-4.722
		3  0	-1.265
		4  0	0.261
		5  0	0.581
		6  0	-1.748
		7  0	-0.74
		8  0	-0.735
		9  1	-0.123
		10  0	0.321
		12  0	-0.788
		13  1	0.946
		14  0	0.141
		15  1	-0.859
		16  0	-2.491
		17  1	3.013
		18  0	0.059
		19  1	-1.955

node  8		 link	 weight	 bias -0.707999
		1  0	0.526
		2  0	-0.484
		3  1	1.97
		4  0	-0.829
		5  1	0.827
		6  0	0.397
		7  0	0.54
		8  0	-0.73
		9  0	0.257
		10  0	0.0259999
		12  0	-0.911
		13  0	-0.96
		14  0	0.725
		15  0	-0.921
		16  0	-0.66
		17  0	-3.278
		18  0	-0.435
		19  0	-3.388


 Layer 4

node  1		 link	 weight	 bias -12.177
		1  0	0.184
		2  0	0.496
		3  0	0.935
		4  0	-0.00800002
		5  0	0.745
		6  0	0.729
		7  1	0.063
		8  0	0.074
		9  0	-0.124
		10  0	-0.255
		12  0	-0.894
		13  0	0.24
		14  1	0.903
		15  0	-0.24
		16  0	0.614
		17  0	-0.838
		18  0	0.349
		19  0	0.495
		20  0	0.666
		21  0	1.505
		22  1	-0.288
		23  1	0.811
		24  0	3.333
		25  0	1.385
		26  0	0.372
		27  0	0.429

node  2		 link	 weight	 bias 1.529
		1  0	1.318
		2  0	-0.798
		3  0	-0.298
		4  1	-0.572
		5  1	0.925
		6  0	0.434
		7  0	0.351
		8  1	-0.173
		9  0	0.43
		10  0	0.169
		12  0	0.804
		13  1	-0.697
		14  0	-1.957
		15  1	-0.236
		16  0	0.509
		17  1	-0.731
		18  0	0.818
		19  0	-1.388
		20  1	2.339
		21  1	-1.811
		22  1	-0.108
		23  0	0.527
		24  0	-1.876
		25  0	-0.838
		26  0	0.817
		27  1	-0.227

node  3		 link	 weight	 bias -6.398
		1  1	0.64
		2  0	-0.999
		3  0	-0.438
		4  0	0.474
		5  0	0.994
		6  0	0.157
		7  0	-0.808
		8  0	0.051
		9  0	0.267
		10  0	0.33
		12  0	-0.327
		13  0	0.228
		14  0	0.271
		15  0	-2.431
		16  0	-1.102
		17  0	-0.458
		18  0	-0.228
		19  0	1.465
		20  0	0.177
		21  0	0.957
		22  1	-0.801
		23  1	-0.693
		24  0	-0.08
		25  1	-0.634
		26  0	-0.432
		27  0	-0.462

node  4		 link	 weight	 bias 0.304
		1  0	-2.464
		2  0	-0.418
		3  0	0.249
		4  0	-0.082
		5  0	0.942
		6  0	-0.029
		7  0	-0.683
		8  0	-0.449
		9  0	3.331
		10  0	2.253
		12  1	-0.683
		13  1	-0.836
		14  0	0.373
		15  0	-1.117
		16  0	-0.877
		17  0	-0.843
		18  0	0.78
		19  0	-0.928
		20  0	-1.107
		21  0	0.595
		22  0	0.323
		23  0	0.0779999
		24  0	-0.022
		25  1	0.138
		26  0	1.337
		27  0	-1.066

node  5		 link	 weight	 bias 7.072
		1  1	-0.214
		2  1	0.848
		3  0	-2.546
		4  1	3.375
		5  0	0.57
		6  1	0.669
		7  0	0.0880001
		8  1	-0.722
		9  1	-0.182
		10  1	-0.18
		12  0	-0.97
		13  0	-0.66
		14  0	1.619
		15  0	0.91
		16  0	-0.695
		17  0	-0.734
		18  0	-0.944
		19  0	-2.307
		20  0	0.856
		21  0	0.094
		22  0	-0.933
		23  1	4.246
		24  0	0.95
		25  0	1.948
		26  0	-0.206
		27  0	-0.767

node  6		 link	 weight	 bias -5.331
		1  0	-0.566
		2  0	-0.082
		3  0	-0.791
		4  0	0.404
		5  0	-0.962
		6  0	-0.903
		7  1	-1.623
		8  0	2.938
		9  0	-0.075
		10  0	0.412
		12  1	0.552
		13  1	-0.338
		14  0	0.744
		15  0	-0.00599998
		16  0	-0.586
		17  1	-1.295
		18  0	-2.275
		19  0	-0.819
		20  1	0.09
		21  1	-2.165
		22  1	-1.249
		23  1	0.026
		24  0	1.67
		25  0	-0.307
		26  0	0.952
		27  0	0.839

node  7		 link	 weight	 bias 3.242
		1  0	0.908
		2  0	0.612
		3  0	2.434
		4  0	-0.365
		5  1	-1.689
		6  0	0.767
		7  0	-0.595
		8  1	-1.382
		9  1	0.499
		10  0	-0.786
		12  1	1.065
		13  0	0.231
		14  1	-0.248
		15  0	0.0549999
		16  0	-1.809
		17  1	-0.858
		18  0	1.475
		19  0	-0.2
		20  0	0.574
		21  0	-0.343
		22  1	0.648
		23  0	0.928
		24  0	-2.263
		25  1	2.683
		26  1	-1.245
		27  1	-1.199

node  8		 link	 weight	 bias -15.482
		1  0	-0.392
		2  1	-0.983
		3  0	0.54
		4  1	-0.843
		5  0	-2.106
		6  0	0.296
		7  0	-1.74
		8  1	-0.944
		9  0	-0.839
		10  0	0.704
		12  0	0.76
		13  1	0.645
		14  1	-0.369
		15  0	0.465
		16  1	0.6
		17  0	-0.912
		18  0	0.466
		19  1	-0.087
		20  0	0.73
		21  0	1.561
		22  0	1.655
		23  0	0.978
		24  0	-0.045
		25  1	-0.96
		26  0	0.446
		27  0	-0.944


 Layer 5

node  1		 link	 weight	 bias 5.363
		1  0	1.784
		2  0	-0.493
		3  0	-1.544
		4  1	-0.8
		5  1	0.882
		6  1	-0.024
		7  0	2.576
		8  0	-0.00599998
		9  0	-0.821
		10  1	-0.615
		12  0	0.586
		13  0	1.85
		14  0	-0.856
		15  0	0.615
		16  1	-0.623
		17  1	-0.792
		18  1	-1.373
		19  0	1.155
		20  0	-1.819
		21  0	0.168
		22  1	-1.03
		23  0	-0.484
		24  0	-3.229
		25  0	-0.282
		26  0	0.887
		27  0	0.294
		28  0	-2.28
		29  0	0.87
		30  0	-0.927
		31  0	-0.215
		32  0	2.626
		33  0	-0.444
		34  0	0.19
		35  0	-0.639


 Layer 2

node  1		 link	 weight	 bias -7.542
		1  0	-4.067
		2  0	-3.092
		3  0	-0.301
		4  0	0.092
		5  0	0.734
		6  0	-0.378
		7  0	0.789
		8  1	0.278
		9  1	0.16
		10  0	0.916

node  2		 link	 weight	 bias 0.601
		1  0	0.207
		2  0	0.877
		3  0	-0.116
		4  0	-0.34
		5  0	0.326
		6  0	-1.102
		7  0	1.41
		8  0	-0.255
		9  0	-0.039
		10  0	-0.209

node  3		 link	 weight	 bias -10.674
		1  0	-0.231
		2  0	-0.565
		3  0	-0.069
		4  0	0.154
		5  0	0.225
		6  0	-0.993
		7  0	0.794
		8  1	-0.558
		9  0	1.785
		10  0	0.00199997

node  4		 link	 weight	 bias -9.094
		1  0	0.245
		2  0	1.245
		3  0	-0.371
		4  0	0.91
		5  0	-2.392
		6  0	-0.564
		7  1	0.376
		8  0	0.255
		9  0	-0.343
		10  1	0.682

node  5		 link	 weight	 bias -13.246
		1  1	-0.813
		2  0	0.497
		3  0	1.805
		4  0	0.324
		5  0	0.0650001
		6  1	-0.243
		7  1	-0.87
		8  0	1.657
		9  0	2.126
		10  0	0.592

node  6		 link	 weight	 bias -12.992
		1  0	2.788
		2  1	1.03
		3  1	0.379
		4  0	-0.368
		5  0	0.119
		6  0	2.654
		7  0	0.385
		8  0	1.886
		9  0	-3.134
		10  0	1.29

node  7		 link	 weight	 bias -0.718
		1  0	-0.699
		2  1	1.362
		3  1	-2.045
		4  0	-0.635
		5  0	0.058
		6  0	-0.324
		7  0	0.771
		8  1	0.976
		9  0	-1.672
		10  1	-2.048

node  8		 link	 weight	 bias -3.992
		1  0	-0.024
		2  1	-0.446
		3  0	0.986
		4  0	-0.517
		5  0	-0.612
		6  0	1.832
		7  1	-1.508
		8  1	-0.648
		9  0	-0.395
		10  1	0.604


 Layer 3

node  1		 link	 weight	 bias -1.165
		1  0	-2.09
		2  1	0.0930001
		3  0	0.041
		4  0	-0.866
		5  0	-0.589
		6  0	0.729
		7  1	-0.036
		8  0	-0.604
		9  0	0.745
		10  0	0.21
		12  0	0.681
		13  1	0.354
		14  0	0.539
		15  0	-0.111
		16  0	0.723
		17  0	0.398
		18  0	1.441
		19  0	-0.955

node  2		 link	 weight	 bias -12.268
		1  0	0.308
		2  0	0.922
		3  0	-0.604
		4  0	0.818
		5  0	-2.935
		6  0	-2.026
		7  1	0.806
		8  0	0.246
		9  0	0.672
		10  1	-1.571
		12  1	-2.05
		13  0	0.329
		14  0	-1.942
		15  1	0.106
		16  0	-2.571
		17  0	-0.545
		18  1	-0.084
		19  0	-0.346

node  3		 link	 weight	 bias 0.622
		1  1	-0.348
		2  0	-0.056
		3  0	5.004
		4  0	-1.208
		5  0	-0.809
		6  1	-0.155
		7  1	-0.39
		8  0	0.573
		9  0	0.189
		10  0	-0.652
		12  0	0.746
		13  0	0.281
		14  1	0.431
		15  0	-0.044
		16  0	2.372
		17  0	-1.213
		18  1	-3.142
		19  0	0.963

node  4		 link	 weight	 bias -3.92
		1  1	-0.875
		2  0	-3.125
		3  0	-0.075
		4  0	-0.419
		5  1	-1.193
		6  1	-1.247
		7  0	-0.964
		8  0	0.392
		9  0	1.352
		10  1	-0.444
		12  0	-0.895
		13  0	2.759
		14  1	-0.349
		15  0	1.786
		16  0	-2.331
		17  0	1.759
		18  0	0.824
		19  0	-0.032

node  5		 link	 weight	 bias 1.677
		1  0	-1.028
		2  0	-0.42
		3  1	-0.29
		4  0	1.539
		5  0	-0.932
		6  1	-0.241
		7  1	0.515
		8  0	-0.845
		9  0	0.584
		10  0	0.901
		12  1	-0.779
		13  1	-0.24
		14  0	1.177
		15  1	-0.634
		16  1	0.077
		17  0	-0.979
		18  0	1.765
		19  0	-0.503

node  6		 link	 weight	 bias -7.591
		1  1	-0.452
		2  1	-0.976
		3  0	0.229
		4  0	-0.294
		5  0	-0.999
		6  1	0.805
		7  1	-0.651
		8  0	1.761
		9  0	-0.821
		10  0	-0.967
		12  0	-0.211
		13  0	-0.868
		14  0	0.062
		15  1	0.14
		16  1	-2.824
		17  0	3.369
		18  1	-0.036
		19  0	-0.879

node  7		 link	 weight	 bias 5.21
		1  0	-0.97
		2  0	-0.515
		3  0	-0.968
		4  0	1.586
		5  0	0.467
		6  1	0.121
		7  0	0.261
		8  0	-0.917
		9  0	2.494
		10  1	-0.981
		12  0	-0.484
		13  1	1.476
		14  0	-0.093
		15  0	-0.896
		16  0	-0.0929999
		17  0	-0.755
		18  0	0.767
		19  1	-0.187

node  8		 link	 weight	 bias -20.647
		1  1	-0.504
		2  0	-0.0250002
		3  1	-0.228
		4  0	-0.254
		5  0	0.301
		6  0	-1.541
		7  0	0.08
		8  0	-1.017
		9  0	-2.218
		10  0	-0.292
		12  1	0.044
		13  1	0.71
		14  0	-2.02
		15  0	-1.725
		16  0	0.237
		17  0	0.339
		18  0	-2.574
		19  0	0.159


 Layer 4

node  1		 link	 weight	 bias -6.282
		1  1	3.868
		2  0	-0.018
		3  0	-0.505
		4  1	0.0550001
		5  0	-0.143
		6  0	-2.891
		7  0	-0.576
		8  0	-0.261
		9  0	-1.431
		10  0	-1.226
		12  0	2.907
		13  0	0.0319999
		14  0	-0.439
		15  0	-0.135
		16  1	-1.165
		17  0	1.267
		18  0	-0.715
		19  0	0.785
		20  1	-0.405
		21  0	-0.229
		22  0	-0.861
		23  0	-0.173
		24  0	-0.773
		25  0	-0.184
		26  0	-0.25
		27  1	-0.5

node  2		 link	 weight	 bias 0.00500011
		1  0	-2.523
		2  0	-0.644
		3  0	-1.288
		4  0	-1.624
		5  0	-0.23
		6  1	0.597
		7  0	0.763
		8  0	-0.338
		9  0	0.224
		10  0	-1.23
		12  1	0.015
		13  1	0.588
		14  0	0.408
		15  0	0.092
		16  0	-1.839
		17  0	-0.479
		18  0	0.333
		19  0	-1.465
		20  1	0.344
		21  0	0.621
		22  0	3.646
		23  0	-0.713
		24  0	-1.774
		25  1	-0.381
		26  0	-0.851
		27  0	-0.772

node  3		 link	 weight	 bias -1.346
		1  0	-0.242
		2  0	-0.753
		3  1	-0.738
		4  1	-0.259
		5  0	-0.72
		6  1	0.307
		7  0	0.435
		8  0	0.359
		9  0	-0.22
		10  0	0.307
		12  0	-0.126
		13  0	0.191
		14  1	0.333
		15  0	-0.446
		16  0	0.997
		17  0	0.679
		18  0	1.653
		19  0	0.064
		20  0	0.158
		21  1	-0.353
		22  0	-3.573
		23  0	-0.286
		24  0	-0.746
		25  1	-0.191
		26  0	0.423
		27  0	-0.695

node  4		 link	 weight	 bias -7.025
		1  1	-1.28
		2  1	-2.343
		3  0	-0.936
		4  1	0.605
		5  0	0.43
		6  0	0.438
		7  0	-0.324
		8  0	-2.504
		9  1	-0.495
		10  0	-1.581
		12  0	-0.428
		13  1	-1.986
		14  0	-0.779
		15  0	-0.471
		16  1	-0.892
		17  0	-0.885
		18  0	0.145
		19  1	-2.954
		20  1	0.379
		21  0	-0.354
		22  0	1.711
		23  1	0.74
		24  0	-2.575
		25  1	0.559
		26  0	1.072
		27  0	0.05

node  5		 link	 weight	 bias -5.489
		1  0	0.469
		2  1	-2.646
		3  1	-0.605
		4  0	4.007
		5  0	-1.171
		6  0	-0.395
		7  0	-0.849
		8  1	-0.204
		9  0	1.637
		10  1	-0.738
		12  0	-0.868
		13  0	1.82
		14  1	-0.439
		15  0	0.634
		16  0	-2.104
		17  0	0.224
		18  0	2.144
		19  0	-0.933
		20  1	1.419
		21  1	0.405
		22  0	-2.036
		23  1	-1.844
		24  0	0.024
		25  1	-0.603
		26  0	-0.717
		27  0	-0.681

node  6		 link	 weight	 bias 4.263
		1  0	-0.419
		2  0	0.898
		3  1	0.481
		4  0	0.098
		5  1	1.014
		6  1	0.028
		7  1	0.00999999
		8  1	-1.291
		9  0	0.283
		10  0	-0.389
		12  0	-1.06
		13  0	2.808
		14  1	-1.623
		15  0	-0.264
		16  0	-0.529
		17  0	-1.616
		18  0	-0.32
		19  0	-0.765
		20  0	-0.756
		21  0	-0.971
		22  1	-0.8
		23  0	1.913
		24  0	1.299
		25  0	0.44
		26  1	0.246
		27  0	-0.346

node  7		 link	 weight	 bias -2.351
		1  0	0.849
		2  0	0.907
		3  0	-0.564
		4  0	-0.575
		5  0	-0.54
		6  1	0.896
		7  0	0.926
		8  1	1.169
		9  0	0.843
		10  1	0.557
		12  0	-0.942
		13  0	-0.888
		14  1	-0.523
		15  0	-0.909
		16  0	-0.172
		17  0	0.031
		18  1	1.107
		19  0	1.139
		20  1	-0.196
		21  0	0.13
		22  1	3.722
		23  1	-0.669
		24  0	-1.934
		25  0	-0.804
		26  0	-2.348
		27  0	0.508

node  8		 link	 weight	 bias 7.335
		1  1	2.874
		2  0	0.928
		3  0	0.218
		4  0	0.944
		5  0	-0.225
		6  0	-0.873
		7  0	-0.65
		8  0	-0.372
		9  1	-0.426
		10  0	0.724
		12  0	-0.749
		13  0	-0.455
		14  1	-0.57
		15  1	1.459
		16  0	-0.095
		17  0	-2.221
		18  0	-1.357
		19  0	-1.057
		20  0	0.819
		21  0	-1.056
		22  1	0.206
		23  0	-0.934
		24  0	0.724
		25  0	0.458
		26  0	0.715
		27  1	1.984


 Layer 5

node  1		 link	 weight	 bias -1.907
		1  0	0.637
		2  0	0.885
		3  0	-0.654
		4  0	-0.439
		5  0	-0.031
		6  0	-1.928
		7  1	-0.158
		8  1	0.144
		9  0	-0.602
		10  0	0.719
		12  0	0.134
		13  0	-0.286
		14  0	0.776
		15  0	0.899
		16  0	0.984
		17  0	-0.634
		18  0	2.14
		19  0	0.818
		20  0	-0.83
		21  0	0.887
		22  0	1.297
		23  0	-0.76
		24  1	0.043
		25  0	-0.533
		26  0	0.768
		27  0	0.994
		28  0	-0.387
		29  1	-0.186
		30  0	-0.72
		31  0	0.192
		32  0	1.413
		33  1	0.678
		34  0	-0.675
		35  0	1.036


 Layer 2

node  1		 link	 weight	 bias -20.868
		1  1	-0.676
		2  0	-0.912
		3  0	-0.984
		4  1	-0.191
		5  0	1.095
		6  0	0.123
		7  1	0.571
		8  0	-0.502
		9  0	-0.785
		10  1	0.717

node  2		 link	 weight	 bias -1.956
		1  0	0.314
		2  0	-1.389
		3  0	0.679
		4  0	-1.789
		5  0	-0.957
		6  0	0.114
		7  1	-0.109
		8  0	0.086
		9  0	0.473
		10  1	-3.475

node  3		 link	 weight	 bias -1.551
		1  1	2.052
		2  0	-1.75
		3  0	-0.237
		4  0	0.557
		5  1	-0.941
		6  1	1.271
		7  0	-0.997
		8  0	-1.081
		9  0	-0.843
		10  0	-0.545

node  4		 link	 weight	 bias -0.533
		1  0	0.26
		2  1	-0.029
		3  1	0.214
		4  0	0.606
		5  0	-0.123
		6  0	-0.486
		7  0	0.27
		8  0	-0.199
		9  1	2.284
		10  0	-0.764

node  5		 link	 weight	 bias 3.466
		1  1	-1.143
		2  0	0.202
		3  1	0.228
		4  0	0.709
		5  0	0.277
		6  0	0.333
		7  0	0.924
		8  0	-0.779
		9  1	0.0420001
		10  0	-0.948

node  6		 link	 weight	 bias 2.431
		1  1	-0.553
		2  0	-0.087
		3  1	-0.015
		4  0	-0.365
		5  1	-0.065
		6  0	1.44
		7  0	-0.859
		8  0	-0.974
		9  0	1.743
		10  0	-0.212

node  7		 link	 weight	 bias 1.388
		1  0	0.219
		2  1	0.027
		3  1	0.13
		4  0	-1.906
		5  0	0.391
		6  1	-1.507
		7  1	-2.52
		8  0	0.865
		9  1	0.049
		10  0	0.832

node  8		 link	 weight	 bias 1.802
		1  0	-0.743
		2  1	-0.049
		3  0	-0.778
		4  0	1.623
		5  0	0.557
		6  1	-0.915
		7  0	-0.518
		8  0	-0.804
		9  0	1.526
		10  0	0.699


 Layer 3

node  1		 link	 weight	 bias 4.367
		1  0	-0.013
		2  0	3.356
		3  0	-0.535
		4  0	-0.04
		5  0	-0.311
		6  1	0.085
		7  1	-0.632
		8  0	3.815
		9  1	0.031
		10  0	0.653
		12  1	-0.621
		13  0	-1.779
		14  0	1.788
		15  0	-0.92
		16  0	-2.432
		17  0	0.981
		18  1	0.858
		19  1	0.234

node  2		 link	 weight	 bias -5.508
		1  0	0.378
		2  1	-0.845
		3  1	-0.864
		4  0	-0.88
		5  1	1.761
		6  0	0.818
		7  0	-0.362
		8  0	1.729
		9  0	0.454
		10  1	-0.301
		12  0	-0.916
		13  0	1.885
		14  1	1.38
		15  1	-0.877
		16  1	-1.649
		17  0	0.206
		18  0	-0.0769999
		19  1	-0.33

node  3		 link	 weight	 bias 2.944
		1  0	0.393
		2  0	-0.528
		3  0	-1.268
		4  0	0.729
		5  0	-0.0389999
		6  1	0.577
		7  0	0.551
		8  0	-2.254
		9  1	0.879
		10  1	0.352
		12  0	0.00900006
		13  1	0.75
		14  0	-0.147
		15  1	0.797
		16  0	-1.913
		17  1	-0.005
		18  0	-0.117
		19  0	-0.156

node  4		 link	 weight	 bias -4.457
		1  0	-0.552
		2  0	-2.497
		3  0	-0.628
		4  0	0.277
		5  1	-0.066
		6  0	-0.462
		7  1	-0.934
		8  1	2.762
		9  1	0.883
		10  1	-0.765
		12  1	0.945
		13  0	-0.136
		14  1	-1.121
		15  1	-0.065
		16  0	-1.063
		17  0	1.177
		18  0	-0.356
		19  1	0.664

node  5		 link	 weight	 bias -4.562
		1  0	0.536
		2  1	-1.746
		3  0	0.051
		4  1	0.815
		5  0	2.211
		6  0	-0.012
		7  0	1.533
		8  0	-0.231
		9  0	-0.731
		10  0	-0.592
		12  0	-0.683
		13  0	0.459
		14  1	-0.821
		15  0	-0.775
		16  1	0.485
		17  1	0.38
		18  1	0.845
		19  1	2.336

node  6		 link	 weight	 bias 3.785
		1  1	-0.93
		2  0	-2.391
		3  0	0.917
		4  0	0.6
		5  0	-1.46
		6  0	1.975
		7  0	-0.698
		8  1	2.037
		9  0	-0.774
		10  0	-0.634
		12  0	-0.898
		13  0	0.538
		14  0	-0.348
		15  0	-0.265
		16  0	-1.733
		17  0	0.257
		18  1	0.466
		19  0	-0.154

node  7		 link	 weight	 bias 2.185
		1  0	1.851
		2  0	-1.815
		3  0	0.61
		4  1	-0.098
		5  0	0.579
		6  1	2.455
		7  0	-0.649
		8  0	0.25
		9  0	-0.901
		10  0	0.251
		12  1	-1.161
		13  0	-2.42
		14  0	0.777
		15  0	-0.627
		16  0	-0.147
		17  0	-1.161
		18  1	-1.753
		19  0	0.215

node  8		 link	 weight	 bias -5.506
		1  0	0.082
		2  0	0.16
		3  1	0.805
		4  1	-0.368
		5  1	1.285
		6  1	-0.971
		7  0	-0.338
		8  1	-1.984
		9  0	-2.531
		10  0	-0.544
		12  0	-1.899
		13  0	-0.193
		14  0	2.302
		15  1	-0.477
		16  1	-0.111
		17  0	-0.79
		18  0	1.653
		19  1	-2.683


 Layer 4

node  1		 link	 weight	 bias 3.641
		1  0	-0.289
		2  1	-0.613
		3  0	-0.462
		4  0	-0.159
		5  0	2.798
		6  0	-0.971
		7  1	-0.997
		8  0	0.488
		9  0	-0.424
		10  0	-1.495
		12  0	-0.793
		13  1	0.734
		14  0	-0.865
		15  0	0.953
		16  0	0.775
		17  0	0.718
		18  1	1.571
		19  0	0.087
		20  1	-0.757
		21  0	-0.214
		22  0	0.781
		23  1	-0.876
		24  1	-1.235
		25  1	0.944
		26  1	-1.839
		27  0	0.547

node  2		 link	 weight	 bias 0.704
		1  0	0.23
		2  0	-1.563
		3  1	0.179
		4  0	0.501
		5  0	2.322
		6  0	0.79
		7  0	-1.515
		8  1	-0.288
		9  1	-0.017
		10  1	1.9
		12  0	0.761
		13  0	-0.937
		14  1	-0.549
		15  0	-0.839
		16  1	0.358
		17  0	-0.842
		18  1	-0.965
		19  1	0.462
		20  0	-0.461
		21  0	-1.084
		22  0	-0.973
		23  1	-1.259
		24  1	-1.682
		25  0	-0.973
		26  0	-0.224
		27  0	0.874

node  3		 link	 weight	 bias -11.59
		1  0	-0.926
		2  0	1.732
		3  0	-0.973
		4  0	0.892
		5  0	0.711
		6  0	3.097
		7  0	-1.813
		8  0	-2.867
		9  0	0.777
		10  0	0.051
		12  0	-0.959
		13  0	2.022
		14  1	-0.418
		15  1	-1.584
		16  0	0.142
		17  0	0.685
		18  1	-0.803
		19  0	0.442
		20  0	1.933
		21  1	0.929
		22  1	-0.988
		23  0	0.136
		24  0	1.597
		25  0	0.842
		26  0	0.83
		27  1	-0.493

node  4		 link	 weight	 bias -13.378
		1  0	0.157
		2  0	-0.462
		3  0	-0.789
		4  1	-0.426
		5  0	0.4
		6  0	0.302
		7  0	0.216
		8  0	0.04
		9  0	-0.566
		10  1	0.687
		12  0	0.471
		13  0	-0.387
		14  0	0.487
		15  0	-0.625
		16  0	0.171
		17  0	-3.989
		18  1	-0.611
		19  1	0.42
		20  0	-0.135
		21  0	-0.707
		22  0	2.649
		23  1	-2.164
		24  0	-1.031
		25  1	-0.991
		26  1	2.791
		27  1	-0.915

node  5		 link	 weight	 bias 4.612
		1  0	-1.766
		2  1	0.098
		3  1	0.303
		4  0	-0.545
		5  1	1.837
		6  0	-2.673
		7  0	0.139
		8  1	0.707
		9  0	1.742
		10  0	2.415
		12  0	0.181
		13  1	-0.38
		14  0	-0.171
		15  1	-0.646
		16  0	0.058
		17  0	-0.228
		18  0	0.05
		19  1	0.74
		20  1	0.778
		21  1	-0.921
		22  0	1.618
		23  1	-0.00499988
		24  0	-1.542
		25  1	0.462
		26  0	-0.716
		27  0	-0.855

node  6		 link	 weight	 bias 4.295
		1  0	0.182
		2  1	0.479
		3  0	-0.633
		4  0	1.247
		5  1	0.734
		6  0	-0.044
		7  0	3.048
		8  1	0.617
		9  0	-0.535
		10  0	-1.02
		12  0	-2.116
		13  0	-0.467
		14  0	-0.231
		15  0	-0.041
		16  0	0.338
		17  0	0.305
		18  0	1.975
		19  0	-0.168
		20  1	-0.35
		21  0	-1.372
		22  1	-0.00599998
		23  0	1.545
		24  1	-0.459
		25  1	0.189
		26  0	-0.498
		27  0	1.451

node  7		 link	 weight	 bias -16.184
		1  1	-0.253
		2  0	-0.385
		3  0	-0.337
		4  0	1.231
		5  0	-0.035
		6  1	-1.426
		7  0	-0.101
		8  1	0.303
		9  0	-0.733
		10  0	-0.32
		12  0	-0.16
		13  0	-0.56
		14  0	0.0190001
		15  0	-0.976
		16  0	-0.469
		17  0	-0.343
		18  0	0.258
		19  0	2.044
		20  1	-0.952
		21  0	-2.497
		22  1	-0.471
		23  0	-1.543
		24  0	-0.85
		25  0	0.657
		26  0	-0.734
		27  0	0.497

node  8		 link	 weight	 bias -1.325
		1  1	0.545
		2  1	-0.108
		3  0	-2.524
		4  0	-0.314
		5  1	-1.774
		6  0	0.535
		7  0	-0.237
		8  0	0.434
		9  1	-0.816
		10  0	-4.191
		12  1	-0.386
		13  0	-0.421
		14  0	-2.764
		15  0	1.849
		16  0	-0.41
		17  0	1.427
		18  1	-0.659
		19  1	0.872
		20  0	-0.249
		21  1	-0.262
		22  0	-0.351
		23  1	-0.261
		24  0	0.977
		25  0	2.036
		26  1	-1.709
		27  0	0.103


 Layer 5

node  1		 link	 weight	 bias -0.915
		1  0	-0.513
		2  0	-2.68
		3  0	1.59
		4  0	2.454
		5  0	0.993
		6  1	0.43
		7  0	-0.469
		8  1	-0.268
		9  0	-0.07
		10  0	0.474
		12  0	-1.009
		13  0	-1.357
		14  0	0.909
		15  0	-0.666
		16  0	0.407
		17  0	-0.271
		18  0	-0.833
		19  0	1.711
		20  0	-0.187
		21  0	0.106
		22  0	1.306
		23  0	-2.431
		24  0	0.828
		25  0	0.953
		26  1	-0.075
		27  0	-2.057
		28  0	-1.987
		29  0	-0.55
		30  0	-1.931
		31  0	-0.517
		32  0	-0.625
		33  0	-0.47
		34  0	0.851
		35  0	-0.389
