
======================================================
Score	1.78233e+09
Z	0
alpha	-0.35
betta	-0.80334
gamma	-1.14394
Vx	-15.4982
Vy	12.864
Vz	18.1856
engIng	0
cFuel	148
tfuel	46.5129
======================================================

Initial Parametrs
rOa	{ 0 ; 0 ; -50 }

V	{ 10 ; 20 ; 20 }

w	{ -0.5 ; -0.5 ; -0.5 }

alpha	-0.35
betta	-0.35
gamma	-0.35
======================================================

 Layer 2

node  1		 link	 weight	 bias -1.137
		1  0	-0.475
		2  1	-1.172
		3  0	0.867
		4  0	0.414
		5  0	0.152
		6  0	0.872
		7  1	-0.764
		8  0	0.401
		9  0	0.312
		10  0	0.382

node  2		 link	 weight	 bias 0.921
		1  0	-0.272
		2  0	0.367
		3  0	-3.316
		4  0	-0.027
		5  0	-0.542
		6  0	-0.884
		7  1	-1.678
		8  1	4.058
		9  0	0.197
		10  0	1.107

node  3		 link	 weight	 bias 0
		1  0	0.606
		2  0	0.476
		3  0	0.757
		4  0	-0.864
		5  0	0.328
		6  0	-0.925
		7  0	0.314
		8  0	-0.481
		9  0	0.676
		10  0	0.038

node  4		 link	 weight	 bias -0.624
		1  1	2.43
		2  0	-0.892
		3  0	-0.517
		4  1	1.971
		5  0	-0.81
		6  0	-0.363
		7  1	2.624
		8  1	1.973
		9  0	0.463
		10  1	1.349

node  5		 link	 weight	 bias 0.653
		1  0	-0.16
		2  1	-4.049
		3  0	-0.057
		4  0	0.052
		5  0	-0.92
		6  1	-5.049
		7  0	-0.798
		8  1	-0.437
		9  0	-0.43
		10  1	1.546

node  6		 link	 weight	 bias 0
		1  0	0.134
		2  0	0.682
		3  0	0.279
		4  0	0.205
		5  1	1.642
		6  0	-0.092
		7  0	0.0549999
		8  0	0.696
		9  0	0.195
		10  0	-0.499


 Layer 3

node  1		 link	 weight	 bias 0.206
		1  0	0.609
		2  0	0.68
		3  0	0.116
		4  1	-1.96
		5  1	-9.597
		6  0	-0.129
		7  0	0.381
		8  0	0.884
		9  0	-0.912
		10  0	-0.617
		12  0	-0.7
		13  0	0.152
		14  0	0.0549999
		15  0	0.33
		16  0	-0.306
		17  0	0.822

node  2		 link	 weight	 bias 2.137
		1  1	-0.493
		2  0	-0.707
		3  1	-4.46
		4  0	-0.794
		5  0	-0.83
		6  0	-0.377
		7  1	7.172
		8  0	0.314
		9  0	0.738
		10  1	3.672
		12  0	-0.441
		13  0	-0.911
		14  1	-2.963
		15  1	-1.226
		16  0	-0.441
		17  0	-0.066

node  3		 link	 weight	 bias 1.367
		1  1	-3.697
		2  1	2.845
		3  0	0.193
		4  0	0.732
		5  1	-0.917
		6  1	4.8
		7  0	0.585
		8  0	0.744
		9  0	0.932
		10  0	0.603
		12  0	0.886
		13  0	-0.298
		14  1	-1.171
		15  0	-0.25
		16  0	-0.318
		17  0	0.762

node  4		 link	 weight	 bias -0.099
		1  0	0.064
		2  0	0.293
		3  0	-0.913
		4  1	0.25
		5  1	-3.765
		6  0	0.976
		7  0	-0.222
		8  0	0.128
		9  0	0.886
		10  0	-0.366
		12  0	-0.98
		13  0	0.384
		14  1	-2.276
		15  1	0.487
		16  0	0.374
		17  1	-6.937

node  5		 link	 weight	 bias -5.973
		1  1	-3.102
		2  0	0.328
		3  0	-0.571
		4  0	0.853
		5  0	-0.819
		6  1	-2.27
		7  0	-0.168
		8  0	0.677
		9  0	0.659
		10  0	-0.192
		12  0	0.236
		13  0	-0.696
		14  0	0.344
		15  1	-4.122
		16  1	-10.669
		17  0	0.012

node  6		 link	 weight	 bias 0.632
		1  0	0.653
		2  0	-0.576
		3  0	0.146
		4  0	0.288
		5  0	-0.148
		6  0	-0.074
		7  0	0.061
		8  0	-0.376
		9  0	-0.793
		10  0	-0.662
		12  0	-0.051
		13  1	-0.389
		14  0	-0.819
		15  0	0.196
		16  1	0.92
		17  0	-0.647


 Layer 4

node  1		 link	 weight	 bias 2.06
		1  0	-0.374
		2  0	-0.367
		3  0	0.81
		4  1	0.474
		5  0	-0.067
		6  0	-0.917
		7  0	-0.107
		8  1	-4.701
		9  0	1.773
		10  1	-1.81198e-08
		12  1	-0.864
		13  0	-0.439
		14  1	-0.266
		15  0	0.915
		16  0	1.187
		17  1	4.766
		18  0	0.759
		19  0	-0.822
		20  1	-1.86
		21  0	0.377
		22  1	-7.727
		23  0	-0.657

node  2		 link	 weight	 bias -2.083
		1  1	-6.049
		2  0	-0.805
		3  0	-0.341
		4  0	0.798
		5  1	-2.243
		6  0	-0.395
		7  0	0.09
		8  0	2.698
		9  0	0.806
		10  1	-4.675
		12  1	-4.359
		13  0	0.404
		14  0	-0.279
		15  0	0.315
		16  0	-0.398
		17  0	0.363
		18  1	1.546
		19  0	0.56
		20  0	-0.061
		21  0	0.743
		22  0	-0.315
		23  0	-0.276

node  3		 link	 weight	 bias -0.348
		1  0	0.895
		2  0	0.168
		3  0	-0.942
		4  0	0.005
		5  1	1.873
		6  0	0.586
		7  0	0.879
		8  0	-0.271
		9  0	-0.038
		10  0	0.302
		12  0	-0.868
		13  0	0.583
		14  1	-9.918
		15  0	-0.969
		16  1	2.572
		17  0	0.866
		18  0	-0.475
		19  1	-4.007
		20  1	1.853
		21  0	-0.895
		22  0	-0.466
		23  0	0.583

node  4		 link	 weight	 bias -5.301
		1  1	-7.91
		2  0	-0.49
		3  1	1.824
		4  0	0.39
		5  0	0.567
		6  0	0.053
		7  1	-2.283
		8  1	5.523
		9  1	6.041
		10  0	0.143
		12  1	1.937
		13  0	-0.527
		14  0	-0.513
		15  0	0.906
		16  1	-3.294
		17  0	0.347
		18  1	-1.684
		19  0	-0.187
		20  0	0.796
		21  0	0.917
		22  1	0.305
		23  0	0.315

node  5		 link	 weight	 bias -4.225
		1  0	-0.557
		2  0	0.421
		3  1	1.369
		4  0	0.665
		5  1	-8.902
		6  0	0.471
		7  0	0.328
		8  0	0.743
		9  0	-0.277
		10  1	-2.791
		12  1	-8.907
		13  1	-0.00299999
		14  0	-0.234
		15  0	-0.334
		16  0	-0.781
		17  0	-0.393
		18  0	-0.858
		19  0	-0.395
		20  0	0.641
		21  1	-5.274
		22  0	0.192
		23  0	-0.736

node  6		 link	 weight	 bias -11.148
		1  0	-0.996
		2  0	0.615
		3  1	1.843
		4  1	-4.735
		5  1	-12.102
		6  0	0.216
		7  0	0.239
		8  1	-1.882
		9  1	1.161
		10  0	0.253
		12  0	-1.668
		13  0	-0.775
		14  0	0.325
		15  1	2.677
		16  0	0.041
		17  0	-0.433
		18  0	0.346
		19  0	0.772
		20  0	-0.44
		21  0	-0.606
		22  0	0.645
		23  0	0.535


 Layer 5

node  1		 link	 weight	 bias 0
		1  0	-0.05
		2  0	-0.166
		3  0	-0.097
		4  1	-1.036
		5  1	0.41
		6  0	0.494
		7  0	-0.237
		8  0	-0.263
		9  0	0.291
		10  0	0.863
		12  0	-0.529
		13  0	0.569
		14  0	0.952
		15  0	0.263
		16  0	0.726
		17  0	0.725
		18  1	-0.318
		19  0	-0.099
		20  0	0.973
		21  1	-0.658
		22  0	0.039
		23  0	0.144
		24  0	0.647
		25  0	-0.996
		26  0	0.074
		27  0	0.397
		28  0	0.866
		29  0	0.056


 Layer 2

node  1		 link	 weight	 bias 2.047
		1  1	3.75
		2  0	0.937
		3  0	0.359
		4  1	1.77
		5  0	0.305
		6  1	-0.28
		7  0	-0.843
		8  0	0.444
		9  0	-0.831
		10  0	0.652

node  2		 link	 weight	 bias 3.073
		1  0	0.868
		2  0	0.766
		3  0	-0.099
		4  0	-0.151
		5  1	-0.262
		6  0	-0.579
		7  0	-0.638
		8  0	0.141
		9  0	0.765
		10  1	-2.767

node  3		 link	 weight	 bias -2.52
		1  0	-0.586
		2  1	3.693
		3  0	-0.191
		4  0	-0.129
		5  1	6.575
		6  1	-6.904
		7  1	0.962
		8  0	0.832
		9  0	0.634
		10  1	0.116

node  4		 link	 weight	 bias -3.967
		1  0	0.537
		2  0	-0.637
		3  0	0.418
		4  1	-4.506
		5  1	-0.378
		6  0	0.625
		7  1	0.53
		8  1	-0.691
		9  0	0.036
		10  0	0.246

node  5		 link	 weight	 bias 2.773
		1  0	0.248
		2  0	0.713
		3  1	-3.965
		4  0	0.669
		5  1	8.184
		6  1	-1.046
		7  0	-0.456
		8  0	0.567
		9  0	0.163
		10  0	-0.378

node  6		 link	 weight	 bias -1.3
		1  0	0.736
		2  0	0.13
		3  0	-0.00400001
		4  0	0.154
		5  0	-0.295
		6  0	0.72
		7  0	-0.463
		8  1	-0.664
		9  0	-0.579
		10  0	-0.826


 Layer 3

node  1		 link	 weight	 bias 0.869
		1  1	2.003
		2  0	0.959
		3  0	-0.344
		4  0	-0.676
		5  0	-0.251
		6  0	0.481
		7  1	1.648
		8  0	-0.458
		9  0	0.738
		10  0	0.31
		12  0	-0.637
		13  0	0.258
		14  0	-0.468
		15  1	-0.951
		16  1	-0.188
		17  0	0.765

node  2		 link	 weight	 bias -1.764
		1  0	-0.797
		2  0	-4.256
		3  0	-0.04
		4  0	-0.205
		5  0	0.287
		6  0	0.324
		7  1	1.214
		8  0	-0.744
		9  0	0.159
		10  0	0.79
		12  0	-0.952
		13  0	0.415
		14  0	-0.828
		15  0	0.112
		16  0	-0.9
		17  0	-0.78

node  3		 link	 weight	 bias -1.586
		1  0	-0.957
		2  0	0.876
		3  1	10.667
		4  0	0.562
		5  0	-0.039
		6  0	0.062
		7  0	-0.992
		8  1	4.418
		9  0	-0.375
		10  0	-0.926
		12  1	-5.005
		13  0	0.326
		14  0	0.872
		15  0	0.662
		16  1	-0.607
		17  0	-0.902

node  4		 link	 weight	 bias -1.949
		1  0	-0.512
		2  1	1.952
		3  0	0.967
		4  0	0.598
		5  0	0.053
		6  0	0.788
		7  0	-0.287
		8  0	-0.896
		9  1	4.294
		10  0	-0.189
		12  0	0.385
		13  0	0.356
		14  0	-0.479
		15  0	0.983
		16  0	-0.783
		17  1	2.095

node  5		 link	 weight	 bias 3.686
		1  0	-0.709
		2  1	-7.303
		3  0	0.431
		4  0	-0.163
		5  0	0.00399995
		6  0	-0.118
		7  0	-0.645
		8  1	-3.183
		9  0	0.252
		10  0	-0.796
		12  0	0.025
		13  1	3.647
		14  1	5.685
		15  0	-0.733
		16  1	-2.215
		17  1	3.369

node  6		 link	 weight	 bias 3.772
		1  0	-2.364
		2  1	-0.088
		3  1	-2.578
		4  0	-0.689
		5  1	-5.602
		6  0	0.281
		7  0	0.424
		8  1	4.027
		9  0	-0.11
		10  1	-2.204
		12  0	-0.589
		13  0	-0.89
		14  1	-0.541
		15  0	-0.532
		16  0	-0.125
		17  0	0.918


 Layer 4

node  1		 link	 weight	 bias 6.665
		1  0	-0.593
		2  0	0.588
		3  0	-0.458
		4  0	0.356
		5  0	0.679
		6  0	-0.678
		7  0	0.75
		8  0	0.983
		9  1	-1.098
		10  0	0.608
		12  0	0.1
		13  1	5.015
		14  0	-0.736
		15  1	-0.239
		16  1	1.612
		17  0	-0.359
		18  1	0.569
		19  0	-0.597
		20  0	0.281
		21  0	0.416
		22  0	0.54
		23  0	-0.913

node  2		 link	 weight	 bias -0.827
		1  0	-0.475
		2  0	0.479
		3  0	-2.797
		4  1	-4.461
		5  0	0.902
		6  1	-3.889
		7  0	0.177
		8  0	-0.549
		9  0	-0.208
		10  0	-0.393
		12  0	-0.338
		13  0	0.451
		14  1	-3.416
		15  0	-0.785
		16  0	-0.997
		17  0	-0.559
		18  0	0.541
		19  0	-0.771
		20  0	0.033
		21  0	0.75
		22  0	-0.675
		23  0	0.703

node  3		 link	 weight	 bias -0.833
		1  1	-4.194
		2  0	0.742
		3  1	1.097
		4  0	0.203
		5  1	3.789
		6  0	-0.936
		7  0	4.897
		8  1	2.222
		9  0	0.983
		10  1	0.318
		12  0	-0.816
		13  0	-0.899
		14  1	2.55
		15  0	-0.585
		16  0	0.89
		17  1	-0.028
		18  1	-8.731
		19  0	-0.696
		20  1	-13.109
		21  0	-0.771
		22  0	-0.257
		23  0	-0.939

node  4		 link	 weight	 bias -1.844
		1  0	-0.099
		2  0	-0.543
		3  0	0.446
		4  0	-0.211
		5  0	0.585
		6  0	-0.71
		7  1	0.384
		8  1	-0.248
		9  1	-7.154
		10  0	0.203
		12  0	-0.183
		13  0	-0.815
		14  0	0.752
		15  0	0.073
		16  0	-0.08
		17  0	-0.742
		18  0	0.233
		19  0	0.771
		20  0	0.8
		21  0	-0.229
		22  0	-0.648
		23  0	0.837

node  5		 link	 weight	 bias -0.594
		1  0	-0.692
		2  0	-0.085
		3  0	0.04
		4  0	0.517
		5  1	8.775
		6  0	-0.112
		7  0	0.284
		8  0	0.558
		9  0	0.044
		10  0	-0.699
		12  0	0.865
		13  0	0.064
		14  1	-5.878
		15  1	-0.851
		16  0	-0.273
		17  0	-0.598
		18  0	-0.745
		19  1	0.341
		20  0	-0.859
		21  0	0.958
		22  0	-0.094
		23  0	0.938

node  6		 link	 weight	 bias 4.239
		1  0	-0.726
		2  1	2.201
		3  0	-0.967
		4  1	-10.742
		5  0	0.532
		6  1	4.616
		7  1	0.63
		8  0	-0.137
		9  0	-0.063
		10  0	0.623
		12  0	0.553
		13  0	0.927
		14  0	-0.181
		15  0	-0.544
		16  0	0.773
		17  0	0.999
		18  0	0.493
		19  1	-2.758
		20  0	0.446
		21  1	-1.437
		22  0	-0.918
		23  1	-8.356


 Layer 5

node  1		 link	 weight	 bias -1.087
		1  1	-0.119
		2  0	0.598
		3  0	0.789
		4  0	-0.172
		5  0	-0.441
		6  0	-0.979
		7  0	-0.85
		8  0	-0.933
		9  0	0.897
		10  0	0.347
		12  0	0.14
		13  0	0.305
		14  1	0.00699997
		15  0	-0.152
		16  0	0.327
		17  1	-0.493
		18  0	0.633
		19  0	0.94
		20  0	-0.289
		21  0	-0.546
		22  0	0.428
		23  0	0.645
		24  0	0.174
		25  0	0.918
		26  0	-0.076
		27  1	0.359
		28  0	0.807
		29  0	-0.815


 Layer 2

node  1		 link	 weight	 bias -0.412
		1  0	-8.159
		2  0	0.496
		3  0	0.996
		4  0	0.862
		5  0	0.732
		6  0	-0.85
		7  0	0.438
		8  0	-0.222
		9  0	0.662
		10  0	0.302

node  2		 link	 weight	 bias 1.572
		1  0	1.859
		2  0	-0.578
		3  1	-0.311
		4  0	-0.181
		5  0	0.476
		6  0	-0.067
		7  0	-0.061
		8  0	0.902
		9  0	-0.884
		10  1	4.88

node  3		 link	 weight	 bias -1.039
		1  1	1.176
		2  0	-0.456
		3  0	0.376
		4  0	-0.558
		5  0	0.104
		6  0	0.535
		7  1	8.326
		8  0	0.723
		9  0	0.705
		10  0	0.005

node  4		 link	 weight	 bias -0.493
		1  0	0.98
		2  0	-0.698
		3  0	-0.465
		4  0	-0.829
		5  0	-0.000999987
		6  1	4.43
		7  0	-0.376
		8  0	-0.23
		9  0	0.232
		10  1	-5.911

node  5		 link	 weight	 bias 0.435
		1  1	2.286
		2  0	-0.679
		3  0	4.712
		4  0	0.947
		5  0	0.039
		6  0	0.096
		7  0	-0.251
		8  0	0.678
		9  0	-5.104
		10  0	0.505

node  6		 link	 weight	 bias -1.114
		1  0	-0.367
		2  0	-0.102
		3  1	3.631
		4  0	-0.311
		5  0	0.604
		6  0	-0.995
		7  0	0.157
		8  0	-0.428
		9  0	4.604
		10  1	-5.238


 Layer 3

node  1		 link	 weight	 bias -2.094
		1  0	0.482
		2  0	-0.859
		3  0	-0.362
		4  0	0.882
		5  0	-0.4
		6  0	-0.238
		7  0	-0.419
		8  0	-0.00300002
		9  0	-0.214
		10  0	0.189
		12  0	-0.08
		13  0	-0.403
		14  0	0.62
		15  0	0.074
		16  0	2.242
		17  0	-0.238

node  2		 link	 weight	 bias -2.882
		1  0	-0.109
		2  0	0.592
		3  0	-0.451
		4  0	-0.505
		5  0	0.358
		6  1	9.819
		7  0	0.252
		8  0	-0.162
		9  0	0.664
		10  0	-0.723
		12  0	0.867
		13  0	0.63
		14  0	0.823
		15  0	1.376
		16  0	-0.566
		17  0	0.201

node  3		 link	 weight	 bias 0.01
		1  0	-0.255
		2  0	-0.964
		3  1	3.631
		4  0	-0.143
		5  1	0.428
		6  0	0.453
		7  0	0.273
		8  1	-0.347
		9  1	-7.916
		10  0	-0.17
		12  0	0.651
		13  0	-0.822
		14  1	-0.225
		15  0	0.365
		16  0	0.881
		17  1	0.0930001

node  4		 link	 weight	 bias -3.563
		1  0	0.124
		2  1	-0.651
		3  1	-4.819
		4  1	-8.314
		5  0	-0.888
		6  1	-2.548
		7  0	0.038
		8  1	2.194
		9  0	-0.673
		10  1	1.511
		12  0	0.494
		13  1	0.976
		14  0	0.767
		15  1	4.409
		16  0	0.757
		17  0	-0.59

node  5		 link	 weight	 bias 6.388
		1  0	0.721
		2  0	-0.869
		3  1	-2.373
		4  0	-0.271
		5  0	0.579
		6  0	-0.212
		7  0	-0.261
		8  0	-0.703
		9  0	0.391
		10  1	5.994
		12  0	-0.1
		13  0	0.54
		14  1	3.665
		15  1	0.566
		16  0	-0.11
		17  0	-0.631

node  6		 link	 weight	 bias -0.025
		1  0	0.35
		2  0	0.17
		3  0	-0.611
		4  0	-0.412
		5  0	-0.322
		6  0	-0.414
		7  1	1.241
		8  0	-0.616
		9  1	0.798
		10  0	-0.773
		12  0	0.066
		13  0	-0.907
		14  0	0.504
		15  1	-2.308
		16  0	-0.234
		17  1	1.709


 Layer 4

node  1		 link	 weight	 bias -4.017
		1  0	-0.279
		2  0	-0.477
		3  1	-0.817
		4  0	0.553
		5  0	0.975
		6  0	-0.062
		7  1	-10.09
		8  0	0.278
		9  1	5.631
		10  0	0.134
		12  0	0.72
		13  0	-0.637
		14  1	-1.731
		15  0	0.585
		16  0	-0.995
		17  1	-1.31
		18  0	0.908
		19  0	-0.974
		20  0	0.956
		21  0	0.863
		22  0	0.788
		23  0	0.862

node  2		 link	 weight	 bias -5.639
		1  1	1.536
		2  0	0.068
		3  1	-6.567
		4  0	0.999
		5  0	0.553
		6  0	0.721
		7  0	-0.797
		8  0	-0.757
		9  1	4.677
		10  0	0.22
		12  0	0.511
		13  1	-5.892
		14  0	0.438
		15  0	0.087
		16  0	0.201
		17  0	0.72
		18  0	-0.858
		19  0	-0.444
		20  0	-0.265
		21  0	-0.36
		22  0	-0.052
		23  0	-0.549

node  3		 link	 weight	 bias 4.55
		1  0	0.719
		2  0	-0.168
		3  0	2.818
		4  0	0.676
		5  0	0.413
		6  1	0.134
		7  0	-0.669
		8  0	-0.484
		9  0	-0.395
		10  0	-0.481
		12  0	0.996
		13  0	-0.402
		14  0	-0.852
		15  0	0.226
		16  0	-0.719
		17  0	-0.785
		18  0	0.913
		19  1	-0.022
		20  0	-0.279
		21  1	-1.57
		22  0	-0.126
		23  0	-0.468

node  4		 link	 weight	 bias -3.349
		1  0	0.33
		2  0	-0.905
		3  1	-0.914
		4  0	-0.646
		5  0	-0.702
		6  0	-0.511
		7  0	0.608
		8  0	-0.435
		9  0	0.286
		10  0	0.468
		12  1	-1.584
		13  0	-0.677
		14  0	-0.537
		15  0	0.317
		16  0	0.991
		17  0	0.647
		18  0	0.403
		19  0	-0.697
		20  0	-0.975
		21  0	-0.735
		22  0	-0.694
		23  0	-0.572

node  5		 link	 weight	 bias -3.104
		1  1	-3.273
		2  0	-0.92
		3  1	-1.857
		4  0	-0.265
		5  1	-2.838
		6  0	-0.873
		7  1	-8.294
		8  1	1.352
		9  1	-0.026
		10  0	0.353
		12  0	0.404
		13  0	0.963
		14  0	-0.932
		15  1	-2.504
		16  1	0.123
		17  1	4.246
		18  0	-0.416
		19  0	-0.403
		20  0	-0.5
		21  1	1.588
		22  0	-0.634
		23  0	-0.872

node  6		 link	 weight	 bias -4.912
		1  0	-0.311
		2  0	-0.836
		3  0	-0.53
		4  1	-2.276
		5  0	-0.195
		6  0	0.763
		7  1	2.445
		8  0	0.616
		9  0	0.626
		10  0	-0.634
		12  0	-0.274
		13  1	-3.274
		14  0	0.378
		15  0	-0.705
		16  0	-0.813
		17  1	2.8
		18  1	-2.603
		19  0	0.116
		20  0	0.773
		21  0	-0.074
		22  0	-0.074
		23  0	0.511


 Layer 5

node  1		 link	 weight	 bias 0
		1  0	-0.564
		2  0	0.827
		3  0	0.999
		4  0	0.682
		5  0	-0.289
		6  0	0.905
		7  0	0.399
		8  0	0.399
		9  1	3.071
		10  0	-0.591
		12  0	-0.591
		13  0	0.208
		14  0	-0.00300002
		15  0	-0.666
		16  0	-0.946
		17  0	0.819
		18  1	-2.255
		19  0	-0.2
		20  0	0.713
		21  0	0.835
		22  0	-0.765
		23  1	-0.196
		24  0	-0.88
		25  0	-0.998
		26  0	-0.902
		27  0	-0.322
		28  0	0.361
		29  0	0.034


 Layer 2

node  1		 link	 weight	 bias 0
		1  0	0.504
		2  0	0.585
		3  0	-0.949
		4  0	-0.778
		5  0	0.348
		6  0	0.31
		7  1	0.188
		8  1	-19.196
		9  0	-0.158
		10  0	-0.306

node  2		 link	 weight	 bias -3.161
		1  1	0.736
		2  0	0.843
		3  0	0.355
		4  0	-0.794
		5  0	0.269
		6  0	0.836
		7  1	-1.575
		8  1	-1.671
		9  0	-0.864
		10  0	-0.636

node  3		 link	 weight	 bias 0
		1  0	-0.396
		2  0	0.482
		3  0	0.18
		4  0	0.73
		5  0	-0.329
		6  0	-0.928
		7  0	0.455
		8  0	0.394
		9  0	-0.77
		10  0	-0.516

node  4		 link	 weight	 bias 0.368
		1  0	0.374
		2  0	2.497
		3  0	1.581
		4  0	-0.789
		5  0	-0.952
		6  1	-0.902
		7  1	-1.798
		8  1	0.653
		9  0	-0.078
		10  0	-0.939

node  5		 link	 weight	 bias -6.833
		1  0	-0.899
		2  0	-0.997
		3  0	-0.273
		4  0	-0.273
		5  0	-0.616
		6  0	-0.237
		7  0	-0.931
		8  1	-0.516
		9  0	0.174
		10  0	-0.566

node  6		 link	 weight	 bias 1.298
		1  0	-0.563
		2  0	-0.013
		3  1	2.88
		4  0	0.051
		5  1	0.654
		6  0	0.291
		7  1	-4.671
		8  0	0.749
		9  1	-1.644
		10  0	0.898


 Layer 3

node  1		 link	 weight	 bias 2.605
		1  0	0.145
		2  0	-0.039
		3  0	0.874
		4  1	2.701
		5  0	0.608
		6  0	0.808
		7  0	-0.492
		8  0	-0.652
		9  0	-0.819
		10  0	0.344
		12  0	0.24
		13  0	-0.816
		14  0	0.334
		15  0	0.434
		16  0	-0.981
		17  1	-1.927

node  2		 link	 weight	 bias 3.131
		1  0	-0.76
		2  0	-0.077
		3  0	0.984
		4  0	0.506
		5  0	0.134
		6  0	0.143
		7  0	0.00999999
		8  0	-0.173
		9  1	-5.826
		10  0	-0.601
		12  0	0.26
		13  1	2.484
		14  0	-0.138
		15  0	0.748
		16  1	-2.598
		17  0	0.253

node  3		 link	 weight	 bias -9.057
		1  0	0.22
		2  0	0.561
		3  0	-0.958
		4  0	-0.879
		5  0	0.298
		6  0	-0.562
		7  0	0.119
		8  0	-0.353
		9  0	0.024
		10  0	-0.933
		12  0	-0.538
		13  0	0.049
		14  0	-0.261
		15  0	-0.753
		16  0	-0.961
		17  1	-2.53

node  4		 link	 weight	 bias -5.09
		1  0	-0.645
		2  1	-6.548
		3  0	-0.947
		4  0	-0.922
		5  0	0.765
		6  0	0.196
		7  1	2.951
		8  0	-0.206
		9  0	-0.624
		10  0	-0.98
		12  0	0.15
		13  0	0.847
		14  0	-1.281
		15  0	-0.38
		16  0	-0.477
		17  1	1.504

node  5		 link	 weight	 bias 5.593
		1  0	-0.623
		2  1	0.925
		3  1	-7.144
		4  1	-3.703
		5  0	-0.218
		6  0	0.387
		7  1	-2.53
		8  0	-0.636
		9  0	0.213
		10  0	0.547
		12  0	-0.182
		13  0	0.14
		14  0	0.261
		15  1	-10.51
		16  1	0.189
		17  1	-2.718

node  6		 link	 weight	 bias -1.675
		1  0	-0.416
		2  1	-5.772
		3  1	-7.924
		4  0	0.799
		5  0	0.177
		6  1	1.169
		7  1	6.262
		8  1	-2.896
		9  0	-0.157
		10  0	0.682
		12  0	-0.851
		13  0	1.547
		14  0	0.368
		15  1	-0.964
		16  0	0.235
		17  1	-1.317


 Layer 4

node  1		 link	 weight	 bias 0.167
		1  1	-2.005
		2  0	0.405
		3  0	-0.504
		4  0	-0.411
		5  0	-0.259
		6  0	-0.151
		7  1	0.846
		8  0	0.941
		9  0	0.888
		10  0	-0.514
		12  0	0.661
		13  0	0.506
		14  0	-0.048
		15  0	0.779
		16  0	-0.987
		17  0	-0.523
		18  1	-1.034
		19  0	-0.009
		20  0	-0.959
		21  0	0.261
		22  0	0.658
		23  1	-1.437

node  2		 link	 weight	 bias -7.28
		1  0	0.334
		2  0	-0.297
		3  0	0.558
		4  0	-1.361
		5  0	-0.453
		6  0	-0.497
		7  1	-1.875
		8  0	0.258
		9  0	-0.926
		10  0	0.503
		12  0	1.215
		13  1	-3.375
		14  1	-0.908
		15  1	0.382
		16  0	-0.204
		17  1	2.649
		18  0	0.61
		19  0	0.813
		20  0	-0.758
		21  0	0.614
		22  0	0.681
		23  0	-0.15

node  3		 link	 weight	 bias -3.439
		1  0	0.241
		2  1	-5.756
		3  0	-0.896
		4  0	0.224
		5  0	-0.456
		6  1	0.21
		7  0	-0.626
		8  0	-0.132
		9  0	3.525
		10  1	-0.377
		12  0	-0.693
		13  0	-0.445
		14  0	-0.941
		15  1	-1.342
		16  1	-2.552
		17  0	-0.588
		18  1	-0.786
		19  0	0.233
		20  0	0.08
		21  0	-0.64
		22  1	-1.106
		23  1	0.824

node  4		 link	 weight	 bias 1.284
		1  0	0.602
		2  0	0.0190001
		3  0	0.654
		4  0	0.892
		5  0	-0.442
		6  0	0.999
		7  0	0.771
		8  0	0.784
		9  0	-0.025
		10  0	0.364
		12  0	-0.45
		13  0	-0.468
		14  1	-1.705
		15  0	0.992
		16  0	0.023
		17  0	-0.271
		18  0	0.562
		19  1	-0.394
		20  1	1.025
		21  0	0.731
		22  0	0.37
		23  0	-0.934

node  5		 link	 weight	 bias 1.078
		1  1	-5.202
		2  0	0.331
		3  1	-1.779
		4  0	-0.218
		5  0	-0.449
		6  1	2.519
		7  1	-13.18
		8  0	0.293
		9  0	-0.849
		10  1	-7.214
		12  1	0.783
		13  0	-0.009
		14  1	1.025
		15  0	-0.14
		16  0	0.895
		17  0	-0.323
		18  0	0.178
		19  0	-0.409
		20  0	0.458
		21  0	-0.502
		22  0	0.788
		23  1	-1.891

node  6		 link	 weight	 bias 3.081
		1  0	0.733
		2  0	0.423
		3  0	0.782
		4  0	-0.569
		5  0	-0.721
		6  0	-0.782
		7  0	-0.342
		8  0	-0.947
		9  0	-0.271
		10  0	0.337
		12  0	0.024
		13  0	0.3
		14  0	0.33
		15  0	-0.898
		16  0	0.122
		17  0	0.154
		18  1	-1.054
		19  0	-0.503
		20  0	-0.053
		21  0	-0.266
		22  0	0.803
		23  1	0.943


 Layer 5

node  1		 link	 weight	 bias 0
		1  0	-0.332
		2  0	-0.033
		3  0	0.228
		4  1	0.375
		5  0	-0.278
		6  0	-0.851
		7  0	0.37
		8  0	0.871
		9  0	0.779
		10  0	-0.204
		12  1	-1.41
		13  0	0.294
		14  1	2.734
		15  0	0.847
		16  0	-0.078
		17  0	-0.768
		18  0	-0.48
		19  0	0.597
		20  0	-0.614
		21  0	-0.321
		22  0	0.74
		23  0	0.819
		24  0	0.526
		25  0	-0.6
		26  0	0.473
		27  1	0.633
		28  0	-0.126
		29  1	0.916
