
======================================================
Score	2.07333e+09
Z	0
alpha	1.1995
betta	-0.780306
gamma	-0.854028
Vx	-7.40255
Vy	19.88
Vz	19.83
engIng	1
cFuel	11
tfuel	0
======================================================

Initial Parametrs
rOa	{ 0 ; 0 ; -51.8 }

V	{ 10.02 ; 19.88 ; 19.83 }

w	{ -0.4992 ; -0.4911 ; -0.4956 }

alpha	-0.3492
betta	-0.34421
gamma	-0.34594
======================================================

 Layer 2

node  1		 link	 weight	 bias -21.266
		1  0	-22.691
		2  1	-17.004
		3  0	7.635
		4  0	-5.91
		5  0	-11.872
		6  1	0.272
		7  1	-2.176
		8  1	2.218
		9  0	-0.112
		10  0	1.391

node  2		 link	 weight	 bias -3.937
		1  0	-12.912
		2  0	0.813
		3  0	-7.854
		4  1	-1.05
		5  1	-26.521
		6  1	-9.367
		7  1	4.848
		8  1	-2.709
		9  0	14.63
		10  0	-5.344

node  3		 link	 weight	 bias -11.322
		1  0	-0.244
		2  1	4.382
		3  0	-3.723
		4  1	-10.355
		5  1	-1.277
		6  0	-12.827
		7  0	-17.996
		8  1	-21.184
		9  1	4.97
		10  0	0.314

node  4		 link	 weight	 bias -4.599
		1  1	7.283
		2  0	0.423
		3  0	-2.345
		4  0	-3.243
		5  0	-17.302
		6  0	-0.308
		7  0	0.246
		8  0	-3.345
		9  0	-10.853
		10  1	-4.235

node  5		 link	 weight	 bias -7.189
		1  1	-14.84
		2  0	-0.835
		3  1	2.333
		4  0	-1.202
		5  0	5.415
		6  0	-10.641
		7  0	5.248
		8  1	-25.344
		9  1	-24.406
		10  1	-0.298

node  6		 link	 weight	 bias -13.854
		1  1	5.113
		2  1	-17.77
		3  0	-3.661
		4  1	-11.937
		5  0	-15.062
		6  1	-23.983
		7  0	-5.776
		8  1	11.29
		9  0	8.07
		10  1	-2.049


 Layer 3

node  1		 link	 weight	 bias -20.467
		1  0	0.828
		2  1	-9.702
		3  1	-32.885
		4  0	-16.814
		5  1	-1.8
		6  0	-9.978
		7  1	5.341
		8  0	-5.265
		9  0	-0.469
		10  0	-18.724
		12  0	6.045
		13  1	-20.249
		14  0	-0.263
		15  0	-12.834
		16  0	8.24
		17  1	-10.004

node  2		 link	 weight	 bias -28.135
		1  0	1.457
		2  1	-0.018
		3  1	-5.195
		4  1	-6.589
		5  1	-0.353
		6  0	3.639
		7  0	-7.401
		8  1	-3.142
		9  0	-22.47
		10  0	-3.784
		12  0	-4.981
		13  1	-1.488
		14  0	7.168
		15  0	-2.658
		16  0	-4.484
		17  1	5.085

node  3		 link	 weight	 bias -31.933
		1  0	2.775
		2  0	13.448
		3  1	3.205
		4  1	-0.658
		5  1	-0.043
		6  1	-7.1
		7  1	2.548
		8  0	-6.269
		9  1	25.151
		10  1	-21.303
		12  0	0.366
		13  0	-0.342
		14  1	-7.816
		15  1	-24.013
		16  0	2.544
		17  1	-10.713

node  4		 link	 weight	 bias -11.237
		1  1	-5.933
		2  1	0.505
		3  1	12.655
		4  0	-28.443
		5  0	-53.2
		6  0	-6.934
		7  1	5.16
		8  0	0.403
		9  0	-0.317
		10  0	1.639
		12  1	-34.618
		13  1	0.346
		14  1	2.429
		15  0	-3.056
		16  0	-22.863
		17  1	1.635

node  5		 link	 weight	 bias -2.663
		1  1	-11.711
		2  1	-10.731
		3  0	-0.008
		4  0	-11.771
		5  0	-0.139
		6  1	-16.859
		7  0	1.87
		8  0	0.177
		9  0	-0.513
		10  1	-19.605
		12  0	-14.901
		13  0	-2.61
		14  1	-26.498
		15  1	-14.032
		16  0	14.449
		17  1	-11.049

node  6		 link	 weight	 bias -4.409
		1  1	5.562
		2  1	7.408
		3  0	-2.785
		4  1	-15.39
		5  0	1.665
		6  1	-24.227
		7  0	-2.231
		8  1	-6.728
		9  0	1.338
		10  1	-8.637
		12  1	-6.321
		13  1	8.632
		14  0	-5.027
		15  0	-11.102
		16  1	-2.23
		17  1	-1.693


 Layer 4

node  1		 link	 weight	 bias 3.97
		1  1	-0.492
		2  0	-11.938
		3  0	-1.911
		4  0	-29.465
		5  1	-25.302
		6  1	-10.406
		7  0	-12.262
		8  0	-6.578
		9  0	4.733
		10  0	-16.701
		12  0	0.318
		13  1	-21.199
		14  0	0.0779999
		15  1	-1.842
		16  0	-15.243
		17  0	-13.681
		18  1	11.966
		19  1	14.818
		20  0	12.13
		21  0	-5.37
		22  0	5.127
		23  1	-22.594

node  2		 link	 weight	 bias 7.033
		1  1	-7.323
		2  1	-14.102
		3  0	1.58
		4  1	1.506
		5  0	3.307
		6  0	-14.872
		7  0	-4.391
		8  0	-3.383
		9  0	-0.595
		10  0	-2.656
		12  1	-5.699
		13  0	0.453
		14  0	-10.238
		15  0	-12.12
		16  1	6.173
		17  0	-0.132
		18  0	10.95
		19  1	-6.921
		20  1	-3.594
		21  0	-0.124
		22  1	-9.035
		23  0	0.813

node  3		 link	 weight	 bias -20.98
		1  0	3.567
		2  1	3.502
		3  1	-2.175
		4  0	-0.401
		5  0	-3.141
		6  1	-12.208
		7  1	-10.729
		8  1	1.917
		9  1	-0.498
		10  0	-2.061
		12  1	-5.794
		13  1	5.345
		14  0	-15.763
		15  0	-0.678
		16  0	-0.982
		17  0	7.776
		18  1	-4.563
		19  0	-41.19
		20  1	-12.055
		21  0	-5.911
		22  0	1.148
		23  1	-5.497

node  4		 link	 weight	 bias -3.725
		1  1	-4.258
		2  0	-1.098
		3  1	-3.761
		4  1	-7.8
		5  1	-5.726
		6  0	-2.915
		7  1	-22.829
		8  1	-11.772
		9  1	-24.819
		10  1	-1.169
		12  0	-4.829
		13  1	4.439
		14  0	0.995
		15  1	-43.699
		16  1	-2.579
		17  0	-0.744
		18  1	1.543
		19  0	4.631
		20  0	-0.873
		21  0	9.659
		22  1	-18.128
		23  1	-1.674

node  5		 link	 weight	 bias -7.077
		1  1	-2.065
		2  1	-25.856
		3  0	-5.529
		4  1	-1.971
		5  0	0.051
		6  0	2.426
		7  1	-11.802
		8  1	-7.934
		9  1	1.527
		10  1	-11.535
		12  1	-14.957
		13  1	6.381
		14  0	0.096
		15  0	0.25
		16  1	-3.653
		17  1	-27.202
		18  0	-3.052
		19  0	-4.975
		20  1	-0.668
		21  1	-13.651
		22  0	-7.184
		23  1	16.825

node  6		 link	 weight	 bias -5.268
		1  0	-0.086
		2  1	11.779
		3  0	-11.246
		4  0	-19.536
		5  1	-9.14
		6  1	-1.886
		7  1	-29.996
		8  1	-1.066
		9  1	0.317
		10  0	-3.269
		12  1	-2.038
		13  1	-2.332
		14  0	-23.476
		15  0	-2.405
		16  0	19.1
		17  0	4.529
		18  1	-11.959
		19  1	9.108
		20  0	-19.309
		21  1	-1.602
		22  1	-1.332
		23  0	-4.141


 Layer 5

node  1		 link	 weight	 bias 0.007
		1  0	-0.299
		2  0	0.742
		3  0	-0.71
		4  0	0.15
		5  0	-0.26
		6  0	-0.05
		7  0	0.142
		8  0	0.059
		9  1	-0.768
		10  0	-0.285
		12  0	0.0700001
		13  0	-0.732
		14  0	-6.329
		15  0	-0.342
		16  0	0.839
		17  0	0.386
		18  0	0.335
		19  0	-0.323
		20  0	0.495
		21  0	-0.726
		22  0	0.824
		23  0	0.609
		24  0	-0.425
		25  1	-0.029
		26  0	0.041
		27  0	-0.809
		28  0	0.641
		29  0	0.423


 Layer 2

node  1		 link	 weight	 bias -6.965
		1  1	-1.819
		2  1	-10.539
		3  0	6.969
		4  1	4.684
		5  1	-8.644
		6  0	-2.742
		7  1	-8.025
		8  0	-0.502
		9  0	-1.948
		10  1	-12.552

node  2		 link	 weight	 bias 3.38
		1  0	0.673
		2  0	-0.929
		3  0	-2.774
		4  1	-2.214
		5  0	0.498
		6  0	-0.229
		7  0	-0.791
		8  1	-0.538
		9  0	-0.027
		10  0	1.898

node  3		 link	 weight	 bias -2.769
		1  1	3.935
		2  0	-4.299
		3  1	1.446
		4  0	0.771
		5  0	-3.474
		6  1	-9.202
		7  1	15.45
		8  1	3.31
		9  0	-8.419
		10  0	0.33

node  4		 link	 weight	 bias 15.788
		1  0	5.294
		2  0	-0.523
		3  1	-7.992
		4  0	-9.597
		5  0	-3.919
		6  0	-4.186
		7  0	-2.414
		8  1	-12.447
		9  0	-2.002
		10  1	-50.263

node  5		 link	 weight	 bias -40.636
		1  1	3.667
		2  0	12.918
		3  0	-0.109
		4  1	-35.482
		5  1	8.686
		6  0	-7.961
		7  1	-14.831
		8  1	-29.325
		9  0	5.194
		10  0	-1.352

node  6		 link	 weight	 bias -11.897
		1  0	-10.281
		2  0	3.152
		3  0	0.507
		4  0	-1.753
		5  1	-0.001
		6  0	-17.747
		7  0	-15.881
		8  0	2.496
		9  0	-12.101
		10  1	-15.48


 Layer 3

node  1		 link	 weight	 bias 3.552
		1  1	-24.195
		2  0	-1.403
		3  1	14.88
		4  0	-1.66
		5  1	5.029
		6  0	-5.675
		7  1	-36.673
		8  1	-25.851
		9  1	-20.978
		10  1	-6.785
		12  0	-23.278
		13  1	-4.443
		14  0	-23.671
		15  0	-0.897
		16  0	-1.708
		17  0	-0.636

node  2		 link	 weight	 bias -22.058
		1  0	-0.507
		2  0	2.137
		3  0	-4.201
		4  1	-10.004
		5  1	-1.516
		6  0	8.769
		7  1	1.39
		8  1	2.507
		9  1	-6.747
		10  0	0.929
		12  1	1.717
		13  0	-10.388
		14  0	-30.214
		15  0	-2.963
		16  0	-0.727
		17  1	-6.206

node  3		 link	 weight	 bias 13.855
		1  0	9.841
		2  0	-0.827
		3  0	-6.144
		4  0	19.737
		5  0	0.957
		6  1	-21.225
		7  0	-3.189
		8  0	0.959
		9  0	1.598
		10  1	-26.006
		12  1	-7.754
		13  1	-9.24
		14  0	-5.694
		15  1	-4.575
		16  1	-9.663
		17  1	18.479

node  4		 link	 weight	 bias -31.399
		1  0	-1.776
		2  0	-25.796
		3  1	-30.602
		4  0	-8.394
		5  0	-7.369
		6  0	-0.237
		7  1	-0.356
		8  0	-2.622
		9  0	3.025
		10  0	-11.919
		12  1	11.521
		13  1	6.745
		14  0	-4.693
		15  1	-8.471
		16  0	0.031
		17  0	0.003

node  5		 link	 weight	 bias 1.053
		1  0	0.891
		2  1	-2.239
		3  1	-5.097
		4  0	-7.313
		5  0	-0.74
		6  0	-2.713
		7  0	-7.981
		8  1	-13.691
		9  1	-2.716
		10  1	18.125
		12  1	-42.337
		13  0	10.241
		14  1	5.491
		15  1	1.123
		16  1	-1.982
		17  1	3.075

node  6		 link	 weight	 bias 1.591
		1  0	-7.178
		2  0	5.494
		3  1	0.822
		4  0	3.113
		5  1	-7.24
		6  0	2.488
		7  1	-8.262
		8  0	11.732
		9  1	-17.732
		10  1	0.16
		12  0	-4.94
		13  1	6.721
		14  0	-0.038
		15  1	-0.268
		16  1	-4.672
		17  1	6.762


 Layer 4

node  1		 link	 weight	 bias -20.09
		1  0	-5.186
		2  0	-0.704
		3  1	-3.786
		4  1	6.991
		5  1	-5.176
		6  0	-28.659
		7  1	-23.543
		8  1	-8.235
		9  0	14.174
		10  0	-12.533
		12  0	1.623
		13  1	-12.291
		14  0	7.558
		15  0	-9.786
		16  1	-19.516
		17  1	-21.689
		18  1	-5.967
		19  1	-2.329
		20  1	-19.257
		21  1	-8.55
		22  1	-10.393
		23  1	-9.957

node  2		 link	 weight	 bias -8.993
		1  0	-26.243
		2  0	6.325
		3  1	-0.875
		4  0	-15.535
		5  0	-11.912
		6  0	0.843
		7  1	-12.107
		8  1	-11.56
		9  0	-0.86
		10  1	6.288
		12  0	2.282
		13  1	-7.165
		14  1	7.111
		15  1	3.64
		16  0	15.159
		17  0	-0.251
		18  0	0.455
		19  1	-12.863
		20  1	-18.216
		21  0	2.91
		22  0	-16.132
		23  1	-1.892

node  3		 link	 weight	 bias -12.11
		1  1	7.698
		2  0	-7.884
		3  0	-5.076
		4  0	0.644
		5  0	8.441
		6  1	-18.672
		7  0	3.695
		8  1	-3.283
		9  1	-18.662
		10  1	-12.439
		12  0	0.924
		13  0	16.41
		14  0	0.642
		15  1	-3.886
		16  0	-27.203
		17  1	-1.478
		18  0	-11.151
		19  0	7.283
		20  0	1.776
		21  1	5.024
		22  0	-0.336
		23  1	-0.797

node  4		 link	 weight	 bias -0.564
		1  1	-2.78
		2  1	-8.43
		3  0	-10.098
		4  0	-1.599
		5  1	-15.872
		6  0	-3.178
		7  1	6.687
		8  0	-4.366
		9  1	-19.514
		10  1	-0.683
		12  0	-11.702
		13  0	0.289
		14  1	-4.127
		15  1	6.364
		16  0	-5.474
		17  0	-20.324
		18  0	-4.019
		19  1	14.822
		20  0	-10.754
		21  0	-12.43
		22  0	1.567
		23  0	-16.444

node  5		 link	 weight	 bias -17.908
		1  1	-12.703
		2  0	-0.091
		3  1	-8.24
		4  1	-15.655
		5  1	-41.052
		6  1	-23.162
		7  0	-9.464
		8  0	0.43
		9  1	-15.174
		10  1	-40.36
		12  1	-30.836
		13  1	-9.155
		14  1	8.843
		15  0	-1.467
		16  0	-1.956
		17  1	-9.205
		18  0	-6.6
		19  1	-6.295
		20  1	-3.312
		21  0	0.721
		22  0	-0.341
		23  1	8.953

node  6		 link	 weight	 bias -28.258
		1  1	-15.18
		2  1	-12.186
		3  1	-7.223
		4  0	-4.952
		5  1	3.992
		6  0	-0.255
		7  1	10.85
		8  1	-6.429
		9  1	-6.611
		10  0	-9.857
		12  1	-21.802
		13  0	-8.165
		14  0	-29.685
		15  1	-1.456
		16  0	3.256
		17  0	-24.089
		18  0	-24.729
		19  1	3.538
		20  1	-0.091
		21  1	16.006
		22  0	9.855
		23  0	-1.887


 Layer 5

node  1		 link	 weight	 bias -0.05
		1  0	-0.952
		2  0	0.569
		3  0	-0.424
		4  1	6.217
		5  1	-2.946
		6  0	0.767
		7  0	0.259
		8  0	-0.402
		9  0	0.276
		10  1	-0.333
		12  1	-5.279
		13  1	-4.853
		14  1	1.256
		15  0	0.69
		16  0	-0.384
		17  0	-0.461
		18  0	0.572
		19  0	0.856
		20  0	0.395
		21  1	-0.843
		22  1	-1.584
		23  0	0.783
		24  1	-0.269
		25  1	-1.326
		26  0	0.7
		27  0	0.635
		28  0	-0.695
		29  1	-0.434


 Layer 2

node  1		 link	 weight	 bias 11.235
		1  0	0.609
		2  1	-25.419
		3  1	10.21
		4  0	0.646
		5  1	-1.497
		6  1	2.524
		7  1	-0.21
		8  0	-1.624
		9  1	-7.487
		10  0	-0.187

node  2		 link	 weight	 bias -1.243
		1  1	-4.219
		2  1	-9.531
		3  1	4.332
		4  1	-8.049
		5  0	22.023
		6  1	5.781
		7  1	-5.854
		8  0	-7.103
		9  1	-23.441
		10  1	-13.497

node  3		 link	 weight	 bias 10.918
		1  1	3.142
		2  0	-7.825
		3  1	-2.815
		4  0	-26.439
		5  1	-13.155
		6  0	-0.352
		7  1	-33.948
		8  1	-12.373
		9  0	-0.381
		10  1	-0.789

node  4		 link	 weight	 bias 0.911
		1  0	-19.032
		2  1	1.317
		3  1	0.8
		4  1	-9.335
		5  1	-25.459
		6  1	-32.968
		7  1	-1.486
		8  1	-0.245
		9  1	-4.256
		10  0	-0.91

node  5		 link	 weight	 bias -3.357
		1  0	-6.971
		2  1	14.627
		3  1	8.192
		4  1	-20.803
		5  1	-8.397
		6  0	7.966
		7  0	1.809
		8  1	0.296
		9  1	-22.219
		10  1	-6.895

node  6		 link	 weight	 bias -15.19
		1  1	-0.086
		2  0	-1.799
		3  0	9.667
		4  1	-7.967
		5  0	-18.349
		6  1	3.36
		7  0	1.664
		8  1	5.659
		9  1	-5.597
		10  1	-18.033


 Layer 3

node  1		 link	 weight	 bias 0.381
		1  0	0.976
		2  0	-0.893
		3  0	0.61
		4  0	-0.575
		5  1	-7.652
		6  0	0.8
		7  0	0.383
		8  0	0.476
		9  0	-0.703
		10  0	-0.714
		12  1	1.133
		13  1	-0.696
		14  1	1.641
		15  1	-0.454
		16  0	-0.725
		17  0	-0.761

node  2		 link	 weight	 bias -8.632
		1  1	-37.553
		2  0	-8.597
		3  1	-1.193
		4  1	-2.484
		5  1	1.147
		6  1	0.772
		7  1	-6.527
		8  0	-3.073
		9  0	-2.379
		10  0	-6.506
		12  0	-36.18
		13  1	2.091
		14  1	-12.464
		15  1	-2.071
		16  0	-6.452
		17  1	4.844

node  3		 link	 weight	 bias -5.406
		1  0	-3.59
		2  0	-18.474
		3  1	-7.204
		4  1	-9.147
		5  1	-11.443
		6  0	-10.476
		7  1	-11.849
		8  1	-3.382
		9  1	0.341
		10  0	-6.074
		12  1	-22.496
		13  0	-0.975
		14  1	-8.202
		15  1	-21.134
		16  0	10.616
		17  1	-24.127

node  4		 link	 weight	 bias -42.67
		1  1	-1.128
		2  1	-4.417
		3  0	2.108
		4  1	-6.063
		5  0	-22.124
		6  0	-3.624
		7  1	-14.069
		8  1	-1.884
		9  1	-13.048
		10  1	2.942
		12  1	-13.295
		13  0	-9.732
		14  0	3.269
		15  0	-4.43
		16  1	-19.217
		17  1	-0.154

node  5		 link	 weight	 bias -36.774
		1  0	0.726
		2  0	4.33
		3  0	-2.134
		4  1	9.158
		5  1	24.428
		6  1	37.268
		7  0	0.563
		8  1	-16.199
		9  1	2.088
		10  0	0.00999999
		12  0	7.278
		13  0	-13.76
		14  0	-7.837
		15  0	-4.902
		16  1	-4.142
		17  1	-5.423

node  6		 link	 weight	 bias 1.888
		1  0	-9.979
		2  1	-8.699
		3  1	-0.373
		4  1	-44.34
		5  1	3.643
		6  1	5.998
		7  1	6.553
		8  1	8.959
		9  0	-20.193
		10  0	-5.528
		12  0	7.762
		13  1	-7.212
		14  0	-13.075
		15  1	22.955
		16  0	16.664
		17  1	1.607


 Layer 4

node  1		 link	 weight	 bias -10.34
		1  0	-25.088
		2  0	0.631
		3  0	-2.758
		4  0	3.035
		5  0	5.381
		6  0	-0.263
		7  1	-2.366
		8  1	6.53
		9  0	-0.21
		10  1	8.824
		12  1	2.921
		13  0	-0.037
		14  1	-16.843
		15  0	-20.168
		16  0	-21.117
		17  0	4.533
		18  0	-13.296
		19  0	3.92
		20  1	-10.955
		21  0	-5.658
		22  0	12.585
		23  0	-1.724

node  2		 link	 weight	 bias 11.224
		1  0	1.777
		2  0	-18.08
		3  1	-3.254
		4  1	-20.832
		5  1	1.274
		6  1	3.017
		7  0	0.0779999
		8  0	-12.394
		9  1	-10.795
		10  1	-3.311
		12  0	28.924
		13  0	-6.89
		14  0	-1.142
		15  1	-15.768
		16  1	-12.935
		17  1	-11.894
		18  1	-29.947
		19  1	7.105
		20  1	-22.616
		21  0	-26.658
		22  0	-4.785
		23  0	16.043

node  3		 link	 weight	 bias -7.788
		1  0	-17.62
		2  0	-14.583
		3  0	-9.286
		4  0	-5.035
		5  1	-1.775
		6  0	0.817
		7  1	-21.701
		8  1	-15.368
		9  1	-14.318
		10  1	-30.255
		12  1	-14.75
		13  0	11.026
		14  1	23.761
		15  1	-5.172
		16  0	-12.168
		17  1	1.8
		18  0	2.358
		19  1	-2.635
		20  1	-10.385
		21  0	-12.971
		22  0	6.632
		23  0	-13.466

node  4		 link	 weight	 bias 7.688
		1  0	-21.292
		2  1	-16.609
		3  0	-4.931
		4  1	1.542
		5  0	-25.235
		6  0	-17.335
		7  1	-1.89
		8  0	-3.548
		9  1	-18.726
		10  0	-7.039
		12  1	-29.749
		13  1	-7.332
		14  1	9.484
		15  1	-5.94
		16  1	-22.956
		17  1	10.375
		18  1	-14.001
		19  0	-1.576
		20  0	-24.003
		21  1	7.941
		22  1	-10.391
		23  1	6.271

node  5		 link	 weight	 bias 8.598
		1  0	-15.034
		2  0	-0.904
		3  0	-7.03
		4  1	-12.607
		5  0	0.899
		6  0	-8.992
		7  0	-3.429
		8  1	5.248
		9  0	-4.019
		10  0	-27.448
		12  1	5.283
		13  0	-0.419
		14  1	-5.318
		15  1	3.252
		16  1	-32.249
		17  1	3.715
		18  1	0.914
		19  1	-6.311
		20  0	-7.297
		21  0	9.865
		22  0	-7.935
		23  0	-27.422

node  6		 link	 weight	 bias 4.172
		1  0	-16.617
		2  0	-0.934
		3  0	-10
		4  0	-7.701
		5  1	-5.031
		6  1	8.018
		7  0	-2.513
		8  0	-17.94
		9  0	2.3
		10  0	-0.176
		12  1	-5.297
		13  1	-3.809
		14  0	-22.905
		15  1	-2.522
		16  0	-0.343
		17  0	-24.466
		18  0	0.902
		19  0	5.244
		20  1	7.674
		21  0	-19.712
		22  0	-14.342
		23  0	14.703


 Layer 5

node  1		 link	 weight	 bias 1.397
		1  1	0.081
		2  0	0.57
		3  0	-0.444
		4  0	-0.653
		5  1	-4.762
		6  0	-0.893
		7  0	-0.836
		8  0	0.594
		9  0	-0.434
		10  0	-0.941
		12  0	-0.871
		13  0	0.392
		14  0	-0.791
		15  1	-0.019
		16  0	-0.742
		17  0	0.0190001
		18  1	-5.324
		19  0	-0.637
		20  1	-0.086
		21  0	0.92
		22  0	-0.089
		23  0	0.872
		24  0	0.168
		25  0	-0.435
		26  0	-0.654
		27  0	-0.216
		28  1	0.369
		29  0	-0.479


 Layer 2

node  1		 link	 weight	 bias -14.25
		1  0	-23.292
		2  0	-4.089
		3  1	3.598
		4  1	14.716
		5  0	-20.198
		6  0	-29.323
		7  1	-9.005
		8  0	-14.638
		9  0	-7.746
		10  1	6.429

node  2		 link	 weight	 bias 0.091
		1  1	3.864
		2  1	3.083
		3  1	-3.944
		4  1	5.438
		5  0	-0.955
		6  1	1.122
		7  0	-0.789
		8  0	0.621
		9  1	-2.788
		10  1	5.777

node  3		 link	 weight	 bias -26.706
		1  0	0.774
		2  1	5.875
		3  0	-5.563
		4  0	-1.312
		5  1	-17.062
		6  1	-10.342
		7  0	-18.558
		8  0	-12.108
		9  0	-0.643
		10  1	-25.755

node  4		 link	 weight	 bias -24.159
		1  1	-23.175
		2  0	-9.991
		3  0	-17.007
		4  1	10.311
		5  1	-2.902
		6  1	-8.546
		7  0	-4.673
		8  1	-9.383
		9  1	2.191
		10  0	0.817

node  5		 link	 weight	 bias 14.97
		1  0	-0.403
		2  1	-26.494
		3  1	-30.023
		4  1	-17.279
		5  0	-22.633
		6  1	8.202
		7  0	-0.988
		8  0	3.042
		9  0	-0.829
		10  0	-9.524

node  6		 link	 weight	 bias -17.309
		1  0	-0.651
		2  1	6.727
		3  0	-7.478
		4  1	-11.087
		5  0	7.97
		6  1	-33.587
		7  1	-40.983
		8  0	-7.68
		9  0	2.99
		10  0	-2.756


 Layer 3

node  1		 link	 weight	 bias 30.842
		1  1	-11.543
		2  1	22.906
		3  1	-14.332
		4  1	-6.671
		5  0	-4.776
		6  0	-4.195
		7  1	16.02
		8  1	-1.324
		9  0	0.265
		10  0	-21.593
		12  0	-8.52
		13  0	-4.658
		14  1	-12.552
		15  0	-3.88
		16  0	0.709
		17  0	-5.365

node  2		 link	 weight	 bias -16.54
		1  0	-13.344
		2  1	9.793
		3  0	-1.178
		4  0	-27.43
		5  0	4.032
		6  0	-8.123
		7  0	-4.467
		8  0	0.381
		9  0	1.648
		10  0	-10.698
		12  0	-0.443
		13  0	-11.91
		14  0	-8.175
		15  1	1.086
		16  0	5.553
		17  1	-3.298

node  3		 link	 weight	 bias -33.68
		1  1	-1.242
		2  0	-0.806
		3  0	-9.028
		4  1	-2.664
		5  1	-10.07
		6  1	-6.401
		7  0	4.007
		8  0	-0.278
		9  0	-0.342
		10  1	-31.795
		12  0	-25.149
		13  1	2.523
		14  1	-14.846
		15  1	-1.144
		16  0	-3.613
		17  0	-2.319

node  4		 link	 weight	 bias -24.628
		1  0	-12.498
		2  0	-6.727
		3  1	-24.993
		4  1	-14.291
		5  1	2.841
		6  0	-0.236
		7  0	-0.636
		8  0	-2.495
		9  0	8.871
		10  0	-16.055
		12  1	15.436
		13  1	-0.982
		14  1	4.427
		15  0	-26.681
		16  1	-0.684
		17  1	-3.432

node  5		 link	 weight	 bias -15.909
		1  0	-7.126
		2  1	-11.161
		3  1	16.901
		4  1	-2.053
		5  0	-7.34
		6  0	-2.836
		7  1	-11.86
		8  0	-10.471
		9  0	-7.529
		10  1	-10.368
		12  1	-14.034
		13  1	-1.799
		14  0	-9.279
		15  1	-24.267
		16  1	-3.988
		17  1	17.076

node  6		 link	 weight	 bias 10.853
		1  0	-0.156
		2  1	-6.835
		3  0	-4.03
		4  0	-11.482
		5  0	-0.661
		6  1	-31.774
		7  0	10.944
		8  0	-0.507
		9  0	-6.056
		10  1	0.348
		12  1	-12.344
		13  1	4.449
		14  0	-11.975
		15  0	5.095
		16  1	2.004
		17  0	-5.814


 Layer 4

node  1		 link	 weight	 bias 0.975
		1  0	8.231
		2  1	-25.6
		3  0	-0.801
		4  0	7.905
		5  1	-27.498
		6  1	4.629
		7  1	-9.916
		8  0	-0.587
		9  1	-26.133
		10  1	-9.618
		12  0	26.965
		13  0	-0.758
		14  1	-7.165
		15  1	-2.835
		16  1	-2.514
		17  1	-7.709
		18  1	-16.956
		19  0	-0.349
		20  1	-15.938
		21  0	-2.034
		22  1	7.16
		23  0	-6.776

node  2		 link	 weight	 bias 15.363
		1  0	-19.347
		2  1	1.134
		3  1	-16.086
		4  1	-11.271
		5  1	-0.551
		6  0	-19.042
		7  1	3.666
		8  1	-12.728
		9  0	0.941
		10  0	5.857
		12  0	0.678
		13  1	4.051
		14  1	-23.663
		15  0	-5.291
		16  1	-8.528
		17  1	1.505
		18  0	-1.189
		19  1	-6.32
		20  0	-6.406
		21  0	-0.826
		22  1	14.388
		23  0	-10.193

node  3		 link	 weight	 bias 4.03
		1  0	-0.814
		2  1	4.611
		3  0	-0.124
		4  1	-2.146
		5  0	4.882
		6  1	-5.932
		7  1	1.731
		8  0	0.516
		9  0	-7.454
		10  1	7.77
		12  0	-1.011
		13  1	-26.658
		14  0	0.24
		15  0	2.12
		16  0	-2.427
		17  1	-7.256
		18  0	2.473
		19  0	-3.37
		20  0	-8.219
		21  1	0.481
		22  1	8.779
		23  1	6.294

node  4		 link	 weight	 bias -1.389
		1  0	-0.457
		2  0	0.316
		3  0	-0.125
		4  1	-3.153
		5  0	-0.627
		6  1	0.904
		7  0	-0.738
		8  0	0.141
		9  0	0.527
		10  0	-0.307
		12  1	1.772
		13  1	-1.506
		14  0	-0.678
		15  0	0.985
		16  0	-0.6
		17  0	0.887
		18  0	-0.543
		19  0	-0.657
		20  0	0.286
		21  0	0.955
		22  0	0.957
		23  0	0.411

node  5		 link	 weight	 bias 11.237
		1  0	-30.15
		2  1	1.784
		3  1	-11.667
		4  1	9.623
		5  1	-3.133
		6  1	9.571
		7  1	-7.58
		8  1	-26.455
		9  0	-0.871
		10  0	-1.363
		12  1	-6.978
		13  0	-4.518
		14  0	-13.665
		15  0	4.189
		16  1	2.69
		17  0	-1.557
		18  0	0.392
		19  0	0.531
		20  1	3.778
		21  0	8.321
		22  0	-11.387
		23  1	0.551

node  6		 link	 weight	 bias -13.201
		1  1	-17.258
		2  1	10.087
		3  1	-1.135
		4  1	-7.252
		5  0	-1.764
		6  1	8.625
		7  1	-3.961
		8  1	-6.32
		9  0	-3.599
		10  0	-2.235
		12  0	-8.459
		13  1	0.959
		14  0	2.343
		15  0	-0.509
		16  1	-9.715
		17  1	1.473
		18  0	-4.704
		19  1	-2.181
		20  1	2.904
		21  1	-20.017
		22  1	8.235
		23  1	4.324


 Layer 5

node  1		 link	 weight	 bias 0
		1  0	0.183
		2  0	0.873
		3  0	0.225
		4  0	-0.703
		5  1	-0.038
		6  1	3.753
		7  0	0.798
		8  1	-0.748
		9  0	-0.297
		10  0	0.091
		12  0	-0.981
		13  0	-0.547
		14  1	1.689
		15  0	-0.884
		16  0	0.347
		17  0	-0.021
		18  0	-2.169
		19  0	0.238
		20  0	0.403
		21  1	-1.544
		22  0	0.853
		23  0	-0.82
		24  1	-6.381
		25  0	-0.304
		26  1	3.565
		27  1	4.965
		28  0	-0.261
		29  1	-2.991
