
======================================================
Score	5.6315e+09
Z	0.389891
alpha	2.7739
betta	-0.463286
gamma	-2.08406
Vx	-4.53837
Vy	0.25853
Vz	0.427454
engIng	0
cFuel	131
tfuel	199.518
======================================================

Initial Parametrs
rOa	{ 0 ; 0 ; -50 }

V	{ 10 ; 20 ; 20 }

w	{ -0.5 ; -0.5 ; -0.5 }

alpha	-0.35
betta	-0.35
gamma	-0.35
======================================================

 Layer 2

node  1		 link	 weight	 bias -24.456
		1  0	-14.051
		2  1	-13.083
		3  1	4.073
		4  0	-5.91
		5  0	-8.238
		6  1	-5.931
		7  0	-2.586
		8  0	-1.546
		9  0	-1.902
		10  1	-0.993

node  2		 link	 weight	 bias -11.425
		1  1	4.836
		2  1	-23.618
		3  0	-7.854
		4  0	10.483
		5  0	-15.786
		6  1	-7.327
		7  1	12.42
		8  1	-3.332
		9  1	3.648
		10  1	-5.25

node  3		 link	 weight	 bias -12.578
		1  1	2.437
		2  1	-0.972
		3  0	0.377
		4  1	-8.83
		5  0	-0.165
		6  0	-2.368
		7  0	-6.028
		8  1	-10.291
		9  1	-4.561
		10  1	-3.909

node  4		 link	 weight	 bias -5.264
		1  1	9.01
		2  0	0.423
		3  0	-2.345
		4  1	-8.918
		5  0	-10.504
		6  1	3.159
		7  0	19.689
		8  0	-3.345
		9  1	-11.231
		10  0	4.157

node  5		 link	 weight	 bias -0.713
		1  1	-10.59
		2  0	-0.835
		3  0	1.056
		4  1	-1.419
		5  1	-1.607
		6  1	-7.792
		7  0	7.689
		8  0	-14.267
		9  1	-36.005
		10  0	-7.76

node  6		 link	 weight	 bias -17.999
		1  1	4.341
		2  1	-14.223
		3  0	0.32
		4  1	-20.641
		5  0	-11.897
		6  0	-16.975
		7  0	-11.376
		8  1	0.699
		9  0	8.07
		10  1	-1.002


 Layer 3

node  1		 link	 weight	 bias -34.956
		1  1	-3.073
		2  0	0.25
		3  1	-23.203
		4  0	-16.969
		5  0	-6.168
		6  0	-2.465
		7  0	1.656
		8  0	-1.149
		9  0	-5.961
		10  1	-17.175
		12  0	0.645
		13  0	-7.274
		14  1	-10.723
		15  1	-2.236
		16  0	8.636
		17  1	-0.825

node  2		 link	 weight	 bias -28.161
		1  0	1.457
		2  0	-15.365
		3  1	-32.931
		4  0	-0.195
		5  1	8.303
		6  1	10.669
		7  1	-5.807
		8  1	-2.428
		9  1	4.168
		10  1	2.539
		12  0	-4.981
		13  0	-11.698
		14  1	-0.961
		15  0	-3.191
		16  0	-5.554
		17  0	4.849

node  3		 link	 weight	 bias -14.548
		1  1	-18.612
		2  0	-7.025
		3  0	5.459
		4  1	-9.904
		5  1	16.261
		6  1	1.047
		7  1	-12.338
		8  0	-0.301
		9  1	8.585
		10  1	-12.667
		12  1	3.109
		13  0	-1.3
		14  0	6.36
		15  0	-8.876
		16  1	16.689
		17  0	-8.443

node  4		 link	 weight	 bias -7.301
		1  1	-8.456
		2  0	-30.167
		3  0	-4.744
		4  1	-15.225
		5  1	-53.491
		6  0	-12.718
		7  1	-12.497
		8  0	0.403
		9  1	-8.102
		10  0	1.639
		12  0	-9.664
		13  0	0.271
		14  0	1.732
		15  0	-3.056
		16  1	-24.85
		17  1	0.347

node  5		 link	 weight	 bias 6.368
		1  0	-10.032
		2  1	-17.625
		3  0	8.281
		4  0	-3.99
		5  0	-0.139
		6  1	-18.839
		7  0	1.87
		8  1	-2.233
		9  1	-0.545
		10  0	-7.162
		12  0	-24.482
		13  0	-4.889
		14  1	-21.1
		15  0	0.916
		16  0	3.839
		17  1	-9.597

node  6		 link	 weight	 bias 4.556
		1  1	9.829
		2  1	8.481
		3  1	-5.933
		4  0	-3.124
		5  1	7.808
		6  0	-18.037
		7  0	-3.312
		8  1	-16.28
		9  1	1.707
		10  1	-14.502
		12  0	-4.161
		13  0	30.084
		14  0	-10.068
		15  1	-2.243
		16  0	-1.852
		17  1	3.956


 Layer 4

node  1		 link	 weight	 bias -8.532
		1  1	-7.013
		2  0	0.853
		3  0	-10.308
		4  0	-19.052
		5  1	-21.316
		6  0	-9.004
		7  0	-17.948
		8  1	0.584
		9  0	2.522
		10  1	-18.54
		12  0	0.318
		13  0	-9.299
		14  1	-7.812
		15  1	0.687
		16  1	-13.263
		17  1	-17.556
		18  1	2.233
		19  1	12.714
		20  1	-11.858
		21  0	-6.037
		22  1	-11.362
		23  1	-21.012

node  2		 link	 weight	 bias -21.945
		1  0	-2.586
		2  1	-26.39
		3  0	-0.428
		4  1	-7.77
		5  0	3.307
		6  1	-13.311
		7  0	-4.391
		8  0	-3.383
		9  0	-0.595
		10  0	-2.656
		12  0	0.39
		13  0	-3.025
		14  0	-1.479
		15  0	-11.816
		16  1	-5.751
		17  0	-0.132
		18  0	1.292
		19  0	-11.114
		20  0	-0.321
		21  0	-0.124
		22  0	-14.806
		23  0	4.374

node  3		 link	 weight	 bias -24.097
		1  0	3.092
		2  0	-10.426
		3  1	3.289
		4  0	-0.401
		5  1	5.719
		6  1	8.349
		7  0	-5.92
		8  0	4.374
		9  1	-18.126
		10  1	0.811
		12  1	0.1
		13  1	-2.989
		14  1	-25.439
		15  1	-7.105
		16  0	-12.046
		17  1	-23.27
		18  0	0.349
		19  1	-33.893
		20  0	-7.026
		21  0	-23.827
		22  1	0.131
		23  0	-12.751

node  4		 link	 weight	 bias -4.608
		1  1	-4.323
		2  1	6.798
		3  0	-3.761
		4  0	-0.436
		5  0	-0.825
		6  0	-12.019
		7  0	-5.692
		8  1	-16.39
		9  0	-16.344
		10  0	-0.565
		12  0	-4.93
		13  0	-17.007
		14  0	0.995
		15  1	-36.743
		16  0	-1.84
		17  0	-0.744
		18  1	-16.171
		19  0	4.631
		20  1	0.579
		21  1	4.932
		22  1	2.414
		23  1	-11.553

node  5		 link	 weight	 bias 4.667
		1  0	-1.319
		2  1	22.788
		3  0	-5.529
		4  1	-5.571
		5  1	0.381
		6  0	3.485
		7  1	-15.433
		8  0	-2.335
		9  1	9.537
		10  0	-18.535
		12  0	-19.188
		13  1	-6.567
		14  0	11.875
		15  0	0.25
		16  1	-7.051
		17  0	-6.02
		18  0	4.654
		19  0	0.838
		20  1	0.04
		21  1	-1.671
		22  1	-14.246
		23  1	5.322

node  6		 link	 weight	 bias -3.714
		1  1	-2.817
		2  0	4.919
		3  0	-16.094
		4  0	-19.221
		5  0	-2.595
		6  0	-4.865
		7  1	-12.167
		8  0	-0.257
		9  0	-0.534
		10  1	-12.851
		12  1	-7.209
		13  1	12.624
		14  1	-23.658
		15  1	1.61
		16  1	13.65
		17  0	6.034
		18  1	-21.286
		19  1	8.446
		20  0	-24.588
		21  1	3.991
		22  1	-8.632
		23  1	-19.059


 Layer 5

node  1		 link	 weight	 bias 0.007
		1  0	-0.299
		2  0	0.742
		3  0	-0.71
		4  0	0.15
		5  0	-0.26
		6  0	-0.05
		7  0	0.142
		8  0	0.059
		9  1	-0.768
		10  0	-0.285
		12  0	0.0700001
		13  0	-0.732
		14  0	-6.329
		15  0	-0.342
		16  0	0.839
		17  0	0.386
		18  0	0.335
		19  0	-0.323
		20  0	0.495
		21  0	-0.726
		22  0	0.824
		23  0	0.609
		24  0	-0.425
		25  1	-0.029
		26  0	0.041
		27  0	-0.809
		28  0	0.641
		29  0	0.423


 Layer 2

node  1		 link	 weight	 bias -7.986
		1  0	0.074
		2  1	-21.836
		3  0	18.037
		4  0	2.554
		5  1	-15.617
		6  1	-11.9
		7  1	-8.464
		8  0	-0.502
		9  0	6.784
		10  1	-14.02

node  2		 link	 weight	 bias 3.424
		1  0	0.673
		2  0	-0.929
		3  0	-2.774
		4  1	-4.544
		5  0	0.498
		6  1	-2.548
		7  0	-0.791
		8  1	0.127
		9  0	-0.027
		10  0	1.898

node  3		 link	 weight	 bias 4.826
		1  0	0.213
		2  1	-15.875
		3  1	-1.219
		4  1	-5.542
		5  1	-0.056
		6  0	-6.749
		7  0	6.488
		8  0	-5.723
		9  1	-8.92
		10  1	-2.4

node  4		 link	 weight	 bias 12.353
		1  1	-19.96
		2  1	14.184
		3  0	-8.179
		4  1	-8.504
		5  0	3.473
		6  0	-7.003
		7  1	6.186
		8  1	-32.907
		9  1	-22.465
		10  1	-39.817

node  5		 link	 weight	 bias -28.061
		1  0	4.603
		2  0	12.918
		3  1	-15.416
		4  0	-27.594
		5  1	5.18
		6  0	-6.08
		7  1	-14.079
		8  0	-0.713
		9  0	-0.33
		10  1	-12.015

node  6		 link	 weight	 bias -17.736
		1  1	-9.616
		2  1	-4.849
		3  0	-0.576
		4  1	-0.804
		5  1	6.742
		6  1	-32.311
		7  0	-16.472
		8  1	-4.752
		9  0	-11.355
		10  0	-8.668


 Layer 3

node  1		 link	 weight	 bias 9.11
		1  1	-27.309
		2  0	-1.403
		3  0	15.363
		4  1	-9.467
		5  1	-15.565
		6  1	-8.631
		7  0	-39.745
		8  1	-31.548
		9  0	-11.426
		10  0	-0.863
		12  1	-22.477
		13  0	-7.135
		14  1	-18.656
		15  1	-5.004
		16  1	-19.825
		17  1	-10.884

node  2		 link	 weight	 bias -3.448
		1  1	0.427
		2  0	2.137
		3  1	-4.286
		4  1	-6.46
		5  1	0.347
		6  1	10.857
		7  0	-1.176
		8  0	9.92
		9  1	-4.554
		10  0	0.929
		12  1	10.048
		13  0	-9.185
		14  1	-14.393
		15  0	-11.583
		16  1	-19.891
		17  1	8.14

node  3		 link	 weight	 bias 18.001
		1  1	-7.766
		2  0	-0.827
		3  1	2.355
		4  0	19.737
		5  0	-0.513
		6  0	-19.184
		7  0	-0.674
		8  0	0.959
		9  1	2.731
		10  1	-19.283
		12  0	-6.563
		13  0	-10.272
		14  1	-5.913
		15  0	-5.746
		16  1	-10.058
		17  1	-0.034

node  4		 link	 weight	 bias -29.705
		1  1	-1.333
		2  0	-26.922
		3  1	-14.637
		4  0	3.483
		5  0	1.887
		6  0	-7.035
		7  1	-9.425
		8  0	-2.622
		9  1	-5.171
		10  0	-11.919
		12  0	6.189
		13  1	2.272
		14  1	2.909
		15  0	-2.82
		16  1	2.646
		17  1	-11.118

node  5		 link	 weight	 bias 21.401
		1  0	0.891
		2  1	-0.662
		3  0	17.236
		4  0	-7.313
		5  1	-15.573
		6  1	-10.359
		7  0	-7.981
		8  0	-17.05
		9  0	-0.221
		10  0	12.581
		12  0	-24.569
		13  0	1.868
		14  1	-0.838
		15  0	-0.546
		16  1	-11.057
		17  0	6.995

node  6		 link	 weight	 bias 10.919
		1  1	-16.973
		2  0	5.494
		3  0	6.667
		4  1	2.761
		5  1	-10.975
		6  0	2.488
		7  0	6.717
		8  0	11.732
		9  0	-10.908
		10  1	3.6
		12  0	-3.982
		13  1	1.123
		14  0	1.512
		15  0	0.224
		16  0	2.452
		17  1	7.024


 Layer 4

node  1		 link	 weight	 bias -23.697
		1  0	-3.883
		2  0	-0.704
		3  1	4.015
		4  0	0.274
		5  0	-3.533
		6  1	-8.33
		7  1	-7.558
		8  0	-9.235
		9  1	4.223
		10  0	-16.686
		12  0	-0.234
		13  0	-13.398
		14  1	-13.671
		15  0	-6.057
		16  0	-18.678
		17  0	-11.407
		18  1	-7.672
		19  1	-5.039
		20  1	-6.07
		21  0	-3.62
		22  0	-9.826
		23  0	3.702

node  2		 link	 weight	 bias -22.939
		1  1	-6.073
		2  1	-4.504
		3  1	-0.662
		4  0	-1.697
		5  1	7.704
		6  1	0.467
		7  1	-35.948
		8  1	0.301
		9  1	27.858
		10  1	14.616
		12  1	-16.238
		13  1	11.713
		14  1	26.03
		15  0	-7.229
		16  1	16.229
		17  1	-23.273
		18  0	-12.097
		19  1	-19.76
		20  1	-32.365
		21  1	7.1
		22  1	-26.064
		23  1	-8.773

node  3		 link	 weight	 bias -21.024
		1  0	-0.635
		2  1	-20.931
		3  1	-32.52
		4  0	-2.986
		5  1	2.255
		6  0	-0.168
		7  0	3.695
		8  1	-6.439
		9  1	-13.379
		10  1	0.154
		12  0	0.924
		13  0	14.999
		14  0	-0.513
		15  0	-8.304
		16  1	-36.021
		17  0	13.397
		18  1	-14.454
		19  0	-0.12
		20  0	7.235
		21  1	-5.02
		22  0	-0.336
		23  0	2.314

node  4		 link	 weight	 bias -2.497
		1  1	-0.46
		2  1	-0.515
		3  1	-3.967
		4  1	-9.684
		5  1	-37.951
		6  1	-5.88
		7  0	-13.579
		8  1	-28.931
		9  1	-3.005
		10  0	1.034
		12  1	-21.929
		13  1	2.954
		14  0	-0.727
		15  1	-7.55
		16  0	-4.116
		17  1	-29.953
		18  0	-14.145
		19  1	-0.62
		20  0	-4.893
		21  0	-12.269
		22  0	-1.276
		23  1	-12.162

node  5		 link	 weight	 bias -24.166
		1  0	-14.23
		2  0	-0.091
		3  1	-11.596
		4  1	-37.09
		5  0	-26.309
		6  0	-20.766
		7  0	-9.464
		8  1	13.081
		9  0	-26.538
		10  1	-16.691
		12  1	-30.097
		13  0	-0.634
		14  1	6.19
		15  0	3.743
		16  0	-2.116
		17  0	4.462
		18  1	-5.433
		19  1	-3.559
		20  0	-0.728
		21  1	1.119
		22  0	-0.867
		23  1	23.995

node  6		 link	 weight	 bias -34.786
		1  1	-9.527
		2  1	1.76
		3  1	-4.961
		4  1	1.371
		5  1	-1.438
		6  1	-6.454
		7  0	17.41
		8  1	5.443
		9  1	6.238
		10  1	-15.971
		12  1	-15.318
		13  0	-18.193
		14  1	-33.019
		15  0	-1.673
		16  1	0.307
		17  0	-17.316
		18  0	-18.051
		19  0	2.07
		20  0	-1.625
		21  1	27.64
		22  1	1.363
		23  0	-1.887


 Layer 5

node  1		 link	 weight	 bias 1.178
		1  0	-0.952
		2  0	0.569
		3  0	-0.424
		4  1	6.109
		5  1	-3.168
		6  0	0.767
		7  0	0.259
		8  0	-0.402
		9  0	0.276
		10  1	-0.333
		12  1	-4.34
		13  1	-6.003
		14  0	-0.393
		15  1	2.189
		16  0	-0.384
		17  0	-0.461
		18  0	0.572
		19  0	0.856
		20  0	0.395
		21  1	-1.432
		22  0	-0.076
		23  0	0.783
		24  0	-0.269
		25  1	-2.958
		26  0	0.7
		27  0	0.635
		28  0	-0.695
		29  0	-0.483


 Layer 2

node  1		 link	 weight	 bias 7.48
		1  0	0.609
		2  1	-20.043
		3  1	9.681
		4  0	0.646
		5  0	0.892
		6  0	-0.777
		7  1	-6.973
		8  0	-1.624
		9  1	-8.47
		10  1	-0.187

node  2		 link	 weight	 bias -22.504
		1  1	-12.444
		2  0	2.745
		3  0	-5.525
		4  0	-9.516
		5  0	-2.658
		6  0	0.9
		7  1	-21.713
		8  1	-12.31
		9  0	-17.034
		10  1	-17.472

node  3		 link	 weight	 bias 3.477
		1  0	-11.235
		2  0	2.871
		3  1	-0.767
		4  1	-18.303
		5  1	-20.249
		6  0	-1.891
		7  1	-25.489
		8  0	-17.071
		9  0	-0.381
		10  1	-8.835

node  4		 link	 weight	 bias -12.599
		1  0	-19.032
		2  1	-7.494
		3  1	-14.463
		4  1	-23.68
		5  0	-5.873
		6  1	-32.891
		7  1	-6.15
		8  1	-2.94
		9  0	3.642
		10  0	-0.91

node  5		 link	 weight	 bias -2.677
		1  1	3.542
		2  1	-4.855
		3  1	0.807
		4  1	-4.452
		5  0	-5.059
		6  0	3.568
		7  0	3.908
		8  0	11.019
		9  0	-12.085
		10  0	0.06

node  6		 link	 weight	 bias -5.24
		1  0	-14.384
		2  0	-6.504
		3  0	3.567
		4  0	-5.078
		5  1	-26.801
		6  1	2.982
		7  0	-9.126
		8  0	0.686
		9  1	-14.352
		10  0	-15.983


 Layer 3

node  1		 link	 weight	 bias 0.32
		1  0	0.976
		2  0	-0.893
		3  0	0.61
		4  0	-0.575
		5  1	-6.489
		6  0	0.8
		7  0	0.383
		8  0	0.476
		9  0	-0.703
		10  0	-0.714
		12  1	0.96
		13  1	-4.488
		14  1	-1.04
		15  1	6
		16  0	-0.725
		17  0	-0.761

node  2		 link	 weight	 bias -12.696
		1  1	-21.349
		2  1	-16.174
		3  1	-3.821
		4  0	-31.234
		5  1	11.579
		6  0	2.675
		7  1	-8.509
		8  1	-0.248
		9  0	-10.115
		10  0	9.869
		12  1	-23.013
		13  1	2.041
		14  0	-16.773
		15  1	-4.258
		16  0	-9.789
		17  0	9.692

node  3		 link	 weight	 bias -6.447
		1  1	0.141
		2  1	3.301
		3  1	-26.276
		4  0	1.129
		5  0	-8.862
		6  1	2.708
		7  1	-12.33
		8  1	-22.52
		9  1	-1.764
		10  0	-1.451
		12  1	-32.576
		13  0	-0.975
		14  1	-0.175
		15  1	-2.681
		16  0	4.101
		17  1	-11.508

node  4		 link	 weight	 bias -22.705
		1  0	0.602
		2  0	1.72
		3  0	2.108
		4  0	-0.149
		5  1	-22.124
		6  0	-5.551
		7  1	-10.236
		8  0	-4.213
		9  1	20.668
		10  1	-19.816
		12  0	-17.123
		13  0	-3.927
		14  1	-18.3
		15  1	-4.175
		16  1	-22.541
		17  0	-0.72

node  5		 link	 weight	 bias -12.528
		1  1	0.286
		2  1	-15.63
		3  1	5.062
		4  0	-5.522
		5  0	24.112
		6  0	32.133
		7  0	2.463
		8  1	-12.214
		9  0	-0.782
		10  1	-9.57
		12  0	7.278
		13  0	-14.973
		14  0	-19.58
		15  1	3.157
		16  0	-12.454
		17  1	-12.014

node  6		 link	 weight	 bias 18.886
		1  1	-8.41
		2  0	-13.518
		3  0	-0.063
		4  0	-25.873
		5  1	6.706
		6  0	12.762
		7  0	-3.001
		8  1	-12.514
		9  1	-9.303
		10  1	-18.977
		12  1	5.643
		13  1	-13.498
		14  1	13.368
		15  1	12.592
		16  1	9.56
		17  0	-0.25


 Layer 4

node  1		 link	 weight	 bias -3.748
		1  0	-42.411
		2  0	2.927
		3  0	-2.758
		4  0	0.133
		5  0	5.381
		6  0	-2.362
		7  0	-6.006
		8  0	10.134
		9  0	-0.855
		10  0	10.812
		12  0	-6.242
		13  1	-15.255
		14  1	-17.781
		15  1	-12.061
		16  1	-22.234
		17  0	2.967
		18  1	-17.996
		19  1	0.447
		20  0	-8.04
		21  1	3.732
		22  0	3.884
		23  1	6.027

node  2		 link	 weight	 bias 9.118
		1  0	0.979
		2  1	-21.461
		3  0	-4.321
		4  1	1.257
		5  0	-9.125
		6  1	-3.647
		7  0	0.0779999
		8  1	-15.228
		9  1	-25.379
		10  0	-5.869
		12  0	29.601
		13  1	-4.897
		14  0	-1.142
		15  0	-19.547
		16  0	-2.839
		17  1	-7.456
		18  0	-24.018
		19  1	4.585
		20  1	-17.378
		21  1	-26.372
		22  0	-4.785
		23  1	7.239

node  3		 link	 weight	 bias -2.734
		1  0	-15.815
		2  1	-14.583
		3  1	2.548
		4  1	-4.66
		5  0	-7.437
		6  1	0.468
		7  1	-33.271
		8  1	-18.513
		9  1	-10.746
		10  1	-3.49
		12  0	-15.067
		13  0	0.344
		14  1	11.179
		15  1	-5.053
		16  0	-12.168
		17  1	-0.386
		18  1	-9.907
		19  0	-11.249
		20  0	-7.791
		21  0	-25.59
		22  0	5.774
		23  0	-3.693

node  4		 link	 weight	 bias -9.041
		1  0	-13.398
		2  0	-6.888
		3  1	2.904
		4  0	-11.858
		5  1	-39.544
		6  1	-21.955
		7  1	-21.263
		8  0	4.576
		9  0	-6.688
		10  1	-5.809
		12  1	-41.367
		13  0	-3.731
		14  1	15.316
		15  0	-0.64
		16  0	-18.071
		17  1	17.875
		18  1	-22.099
		19  1	-3.653
		20  0	-20.47
		21  0	8.293
		22  0	-2.359
		23  1	-5.194

node  5		 link	 weight	 bias 9.86
		1  1	-14.066
		2  0	0.73
		3  1	-21.856
		4  1	-31.688
		5  0	0.899
		6  0	-21.623
		7  0	-6.272
		8  1	-2.568
		9  1	-8.594
		10  1	-23.631
		12  0	9.149
		13  0	-0.419
		14  1	-6.004
		15  1	-1.037
		16  1	-32.53
		17  0	-0.083
		18  0	7.9
		19  1	-13.938
		20  1	-5.748
		21  0	9.573
		22  0	-7.935
		23  0	-27.422

node  6		 link	 weight	 bias -7.946
		1  0	-13.606
		2  1	0.394
		3  1	-6.919
		4  0	-10.389
		5  0	-8.374
		6  0	6.911
		7  1	-8.597
		8  1	-14.621
		9  1	3.199
		10  0	-0.176
		12  0	2.783
		13  1	-12.191
		14  0	-14.197
		15  1	-3.27
		16  0	-0.343
		17  1	6.118
		18  1	-25.129
		19  0	2.56
		20  1	1.29
		21  1	-14.641
		22  0	-2.489
		23  0	14.703


 Layer 5

node  1		 link	 weight	 bias 0.074
		1  0	0.081
		2  0	0.57
		3  0	-0.444
		4  0	-0.653
		5  1	-4.578
		6  0	-0.893
		7  0	-0.836
		8  0	0.594
		9  0	-0.434
		10  0	-0.941
		12  0	-0.871
		13  0	0.392
		14  0	-0.791
		15  1	-0.583
		16  0	-0.742
		17  1	-0.038
		18  1	-4.322
		19  0	-0.637
		20  1	3.667
		21  0	0.92
		22  0	-0.089
		23  0	0.872
		24  0	0.168
		25  0	-0.435
		26  0	-0.654
		27  0	-0.216
		28  1	-1.538
		29  0	-0.479


 Layer 2

node  1		 link	 weight	 bias -27.37
		1  1	-14.958
		2  0	-4.089
		3  1	14.283
		4  1	13.95
		5  0	-18.366
		6  1	-39.519
		7  1	5.989
		8  0	-29.75
		9  1	-11.907
		10  1	9.353

node  2		 link	 weight	 bias -10.956
		1  1	4.35
		2  1	-1.804
		3  1	3.421
		4  1	5.654
		5  0	-0.955
		6  1	1.516
		7  0	-0.789
		8  0	0.621
		9  0	2.627
		10  0	-0.618

node  3		 link	 weight	 bias -19.551
		1  0	-1.694
		2  1	-9.578
		3  1	-0.783
		4  1	0.696
		5  1	-26.14
		6  0	-7.167
		7  0	-14.742
		8  0	-12.108
		9  1	5.92
		10  1	1.989

node  4		 link	 weight	 bias -26.138
		1  1	-33.554
		2  1	-13.67
		3  1	-16.553
		4  0	-4.182
		5  0	-0.434
		6  1	-6.401
		7  1	-21.751
		8  1	-14.22
		9  1	13.361
		10  1	-1.814

node  5		 link	 weight	 bias 20.493
		1  0	-5.071
		2  1	-0.347
		3  1	-40.467
		4  1	-9.451
		5  0	-30.408
		6  0	3.2
		7  1	-10.139
		8  0	3.042
		9  0	-24.349
		10  0	-1.624

node  6		 link	 weight	 bias -22.195
		1  1	-3.65
		2  0	3.477
		3  0	-10.36
		4  0	-17.722
		5  1	-15.02
		6  1	-16.694
		7  0	-33.748
		8  1	-14.474
		9  0	2.99
		10  1	-4.723


 Layer 3

node  1		 link	 weight	 bias 4.926
		1  1	-26.732
		2  0	17.005
		3  1	1.312
		4  0	-10.243
		5  0	8.115
		6  1	-4.666
		7  0	-1.009
		8  1	-14.746
		9  0	0.265
		10  0	-21.593
		12  0	0.305
		13  1	5.67
		14  0	4.497
		15  0	-3.88
		16  0	0.709
		17  1	-2.643

node  2		 link	 weight	 bias -19.82
		1  0	-10.557
		2  1	4.415
		3  1	2.656
		4  0	-30.143
		5  0	1.744
		6  1	-2.79
		7  0	-0.394
		8  1	-0.216
		9  1	2.891
		10  0	-10.698
		12  0	-0.443
		13  0	-11.91
		14  0	-2.125
		15  0	0.307
		16  1	-0.793
		17  0	-2.769

node  3		 link	 weight	 bias -29.623
		1  0	0.904
		2  1	-8.988
		3  0	-4.78
		4  0	2.711
		5  1	-23.929
		6  0	-23.326
		7  0	4.007
		8  0	-0.278
		9  0	-0.342
		10  0	-29.336
		12  1	-30.608
		13  0	7.707
		14  1	-46.715
		15  0	2.271
		16  1	-9.083
		17  1	-4.795

node  4		 link	 weight	 bias -36.166
		1  0	-12.498
		2  1	3.92
		3  1	-36.913
		4  0	0.19
		5  0	1.707
		6  1	-6.334
		7  1	-4.997
		8  0	-3.508
		9  0	3.428
		10  0	-7.04
		12  0	10.971
		13  1	-22.828
		14  1	-14.25
		15  0	-14.641
		16  1	-7.537
		17  1	-6.571

node  5		 link	 weight	 bias -24.264
		1  1	-11.678
		2  1	-5.423
		3  0	12.787
		4  0	8.456
		5  1	-6.667
		6  0	-2.836
		7  1	-27.246
		8  1	10.322
		9  0	-6.463
		10  0	-10.353
		12  1	-14.306
		13  0	1.248
		14  0	-1.325
		15  1	-18.394
		16  0	-8.595
		17  1	3.044

node  6		 link	 weight	 bias 5.259
		1  0	-0.156
		2  0	-10.437
		3  1	-0.062
		4  0	-11.482
		5  1	-0.461
		6  0	-28.517
		7  0	10.944
		8  0	-0.507
		9  0	-6.056
		10  0	0.159
		12  1	-15.428
		13  1	8.94
		14  0	-11.975
		15  0	5.095
		16  0	7.668
		17  0	-5.814


 Layer 4

node  1		 link	 weight	 bias -7.648
		1  0	3.56
		2  1	-14.203
		3  0	-1.826
		4  1	10.069
		5  1	-17.706
		6  1	4.878
		7  1	-7.616
		8  1	-11.742
		9  1	-9.767
		10  1	-2.896
		12  1	11.401
		13  0	-0.758
		14  1	-12.535
		15  0	-11.712
		16  0	-3.537
		17  1	-1.007
		18  1	-2.927
		19  0	-0.349
		20  1	-37.177
		21  0	-2.034
		22  1	7.583
		23  1	-20.053

node  2		 link	 weight	 bias 19.772
		1  1	-32.793
		2  1	10.496
		3  0	-5.143
		4  1	-20.686
		5  0	5.881
		6  0	-19.042
		7  1	-4.076
		8  0	-14.309
		9  1	-5.68
		10  0	5.857
		12  0	0.678
		13  1	-24.296
		14  1	-27.511
		15  0	-5.537
		16  0	5.862
		17  0	-12.829
		18  1	-10.341
		19  0	-7.509
		20  1	-2.245
		21  1	0.438
		22  1	-3.845
		23  1	-5.102

node  3		 link	 weight	 bias 5.153
		1  0	-3.271
		2  1	0.569
		3  1	2.324
		4  1	-3.683
		5  0	6.045
		6  1	-0.829
		7  0	0.345
		8  1	2.721
		9  1	-1.05
		10  0	-0.625
		12  1	-9.425
		13  0	-36.541
		14  0	0.24
		15  1	-3.457
		16  1	-3.633
		17  1	-4.282
		18  0	5.028
		19  1	10.664
		20  0	-5.701
		21  1	-16.706
		22  1	19.001
		23  0	4.731

node  4		 link	 weight	 bias -1.389
		1  0	-0.457
		2  0	0.316
		3  0	-0.125
		4  1	-6.37
		5  0	-0.627
		6  0	1.101
		7  1	0.339
		8  0	0.141
		9  0	0.527
		10  0	-0.307
		12  1	0.015
		13  1	-0.794
		14  1	-1.138
		15  0	0.985
		16  0	-0.6
		17  1	0.887
		18  0	-0.543
		19  1	-0.657
		20  0	0.286
		21  0	0.955
		22  0	0.957
		23  0	0.411

node  5		 link	 weight	 bias 10.557
		1  0	-31.244
		2  0	-0.147
		3  1	7.187
		4  1	2.571
		5  1	-5.42
		6  0	2.405
		7  0	-22.735
		8  1	-47.921
		9  1	-6.905
		10  0	-1.363
		12  0	3.104
		13  0	-26.41
		14  0	-22.078
		15  1	8.863
		16  0	0.571
		17  0	-1.557
		18  1	-6.696
		19  1	-3.131
		20  1	-0.752
		21  1	-3.246
		22  1	-8.656
		23  1	2.539

node  6		 link	 weight	 bias -16.059
		1  1	-20.03
		2  1	16.914
		3  1	3.026
		4  1	-0.401
		5  0	-1.764
		6  0	1.756
		7  0	0.706
		8  1	4.516
		9  1	-16.332
		10  0	-2.235
		12  0	-8.459
		13  0	-0.563
		14  0	2.508
		15  0	0.327
		16  1	-7.279
		17  1	1.812
		18  0	-14.589
		19  0	-1.387
		20  0	-7.1
		21  1	-22.28
		22  1	-13.54
		23  1	7.765


 Layer 5

node  1		 link	 weight	 bias 0
		1  0	0.183
		2  0	0.873
		3  0	0.225
		4  0	-0.703
		5  0	0.457
		6  1	7.93
		7  0	0.798
		8  0	0.368
		9  0	-0.297
		10  0	0.091
		12  0	-0.981
		13  0	-0.547
		14  0	-0.487
		15  0	-0.884
		16  0	0.347
		17  0	-0.021
		18  0	-2.169
		19  1	-1.445
		20  0	0.403
		21  1	-3.915
		22  1	0.359
		23  0	-0.82
		24  1	-5.285
		25  0	-0.304
		26  1	1.302
		27  1	5.783
		28  0	-0.261
		29  1	2.13
