
======================================================
Score	2.46983e+09
Z	0
alpha	2.22279
betta	-1.05991
gamma	-1.28779
Vx	-14.6435
Vy	11.5258
Vz	18.2654
engIng	0
cFuel	23
tfuel	42.9709
======================================================

Initial Parametrs
rOa	{ 0 ; 0 ; -50.56 }

V	{ 10 ; 19.74 ; 19.77 }

w	{ -0.4915 ; -0.4985 ; -0.4925 }

alpha	-0.34735
betta	-0.34607
gamma	-0.34487
======================================================

 Layer 2

node  1		 link	 weight	 bias -18.744
		1  0	-19.433
		2  0	-15.055
		3  0	5.623
		4  1	-8.637
		5  0	-0.443
		6  0	-2.028
		7  0	-3.958
		8  1	-3.116
		9  0	-4.932
		10  0	-13.411

node  2		 link	 weight	 bias -1.236
		1  1	-6.921
		2  0	10.62
		3  0	-7.854
		4  0	-1.479
		5  1	-9.329
		6  0	-3.825
		7  0	-0.117
		8  0	5.45
		9  1	-1.621
		10  0	-5.344

node  3		 link	 weight	 bias -2.014
		1  0	-0.244
		2  1	5.615
		3  0	0.377
		4  0	0.734
		5  0	3.972
		6  0	-2.368
		7  1	-17.413
		8  1	0.404
		9  1	-28.888
		10  0	0.314

node  4		 link	 weight	 bias -3.231
		1  0	5.239
		2  0	0.423
		3  1	-11.328
		4  0	-4.24
		5  0	-27.057
		6  0	1.018
		7  1	2.052
		8  0	2.646
		9  0	-10.359
		10  1	-13.04

node  5		 link	 weight	 bias 10.87
		1  0	-30.642
		2  1	-13.133
		3  1	8.101
		4  0	-1.42
		5  1	-5.199
		6  1	-37.775
		7  1	1.885
		8  0	-7.396
		9  0	-10.651
		10  0	-7.76

node  6		 link	 weight	 bias -7.522
		1  1	-5.217
		2  1	1.325
		3  0	-22.998
		4  0	-27.078
		5  0	-10.292
		6  1	-22.289
		7  0	-6.887
		8  0	-5.328
		9  0	8.07
		10  1	-9.829


 Layer 3

node  1		 link	 weight	 bias -37.469
		1  0	0.828
		2  1	0.577
		3  0	-54.5
		4  1	-17.248
		5  1	-15.611
		6  1	-16.77
		7  0	-4.796
		8  0	-4.178
		9  0	-4.734
		10  1	-24.207
		12  1	-1.27
		13  0	-17.013
		14  1	4.494
		15  0	5.121
		16  1	-14.502
		17  0	-22.201

node  2		 link	 weight	 bias -7.213
		1  1	-0.383
		2  1	-5.132
		3  1	-11.879
		4  1	-2.778
		5  0	-0.57
		6  1	7.332
		7  0	-12.542
		8  0	10.453
		9  1	-17.164
		10  0	-0.405
		12  1	-12.399
		13  1	-5.957
		14  1	-3.085
		15  0	-19.477
		16  1	-11.451
		17  1	-8.529

node  3		 link	 weight	 bias -30.574
		1  0	5.935
		2  1	-17.232
		3  0	5.459
		4  0	10.16
		5  1	10.821
		6  0	-0.724
		7  1	-7.107
		8  1	-4.766
		9  1	-9.068
		10  0	-8.8
		12  0	-3.469
		13  1	-2.608
		14  0	-28.579
		15  1	2.52
		16  0	1.166
		17  0	4.581

node  4		 link	 weight	 bias -13.536
		1  1	-8.077
		2  0	-10.115
		3  0	-14.405
		4  1	-17.317
		5  1	-52.927
		6  0	-6.934
		7  1	-5.395
		8  0	-5.603
		9  0	-0.317
		10  0	0.243
		12  0	-13.812
		13  1	-21.356
		14  1	5.379
		15  0	-5.181
		16  0	-8.594
		17  0	-1.701

node  5		 link	 weight	 bias -16.105
		1  1	-6.583
		2  1	-25.59
		3  0	-11.809
		4  0	-4.064
		5  0	-7.272
		6  0	-4.471
		7  0	1.87
		8  1	-4.089
		9  0	-3.124
		10  1	-18.874
		12  0	-7.516
		13  1	-10.391
		14  0	-17.097
		15  1	-20.8
		16  1	-9.923
		17  0	-13.101

node  6		 link	 weight	 bias -5.374
		1  0	-9.587
		2  0	3.498
		3  0	-11.233
		4  0	-7.72
		5  0	1.665
		6  1	-39.479
		7  0	-12.709
		8  0	0.806
		9  0	15.408
		10  1	-27.523
		12  1	-11.373
		13  0	-0.496
		14  0	-11.628
		15  0	-2.276
		16  1	4.909
		17  1	0.83


 Layer 4

node  1		 link	 weight	 bias -5.976
		1  1	-4.339
		2  1	1.85
		3  0	2.618
		4  0	-22.466
		5  0	-5.688
		6  0	-13.581
		7  1	-16.278
		8  1	-4.963
		9  1	2.89
		10  0	-27.113
		12  1	-7.494
		13  1	-7.935
		14  0	0.0779999
		15  1	0.433
		16  0	1.27
		17  1	-7.536
		18  1	-4.264
		19  0	15.924
		20  1	11.511
		21  0	-8.456
		22  0	19.708
		23  0	-30.142

node  2		 link	 weight	 bias -13.889
		1  0	-2.586
		2  1	-1.041
		3  1	-0.765
		4  1	4.501
		5  1	-37.895
		6  0	-14.872
		7  1	-0.686
		8  0	3.495
		9  1	-2.965
		10  0	-2.656
		12  0	1.507
		13  1	-2.247
		14  1	-15.086
		15  0	-12.12
		16  0	-2.718
		17  1	1.59
		18  1	18.02
		19  1	-31.021
		20  1	5.747
		21  1	2.138
		22  1	-22.701
		23  0	2.483

node  3		 link	 weight	 bias -17.166
		1  1	-8.961
		2  1	4.906
		3  1	-14.596
		4  1	0.295
		5  0	-24.121
		6  0	-17.9
		7  0	-22.223
		8  0	7.693
		9  0	-15.907
		10  1	-11.791
		12  1	-2.837
		13  1	-1.222
		14  0	-22.393
		15  0	3.98
		16  1	-32.582
		17  0	16.412
		18  0	0.349
		19  0	-33.507
		20  0	-20.671
		21  1	-14.666
		22  0	-8.73
		23  1	-2.346

node  4		 link	 weight	 bias -1.8
		1  0	-15.719
		2  0	-4.772
		3  0	-8.875
		4  0	-0.436
		5  1	-3.214
		6  1	-3.874
		7  1	-10.458
		8  0	-0.716
		9  0	-31.802
		10  1	-6.61
		12  1	-15.562
		13  0	6.311
		14  1	-20.399
		15  0	-39.349
		16  1	6.7
		17  0	-2.629
		18  0	-0.397
		19  0	4.631
		20  0	7.044
		21  1	3.696
		22  1	-12.263
		23  1	-1.544

node  5		 link	 weight	 bias -0.631
		1  0	-1.176
		2  1	4.007
		3  1	-15.032
		4  0	-0.504
		5  0	-7.989
		6  0	7.344
		7  1	-12.192
		8  0	-2.335
		9  1	-7.54
		10  0	-20.544
		12  1	-22.08
		13  1	-26.298
		14  0	5.391
		15  0	-7.229
		16  0	-24.478
		17  0	-11.963
		18  1	-20.371
		19  1	9.007
		20  1	-0.946
		21  0	-24.208
		22  0	-20.406
		23  0	15.143

node  6		 link	 weight	 bias -6.174
		1  0	-0.086
		2  1	-5.536
		3  1	-11.529
		4  1	-34.82
		5  1	-0.707
		6  0	-4.865
		7  0	-23.384
		8  1	-6.162
		9  0	-13.525
		10  1	8.45
		12  0	-9.881
		13  0	-8.691
		14  0	-23.476
		15  0	2.547
		16  1	-0.906
		17  1	3.543
		18  1	-23.705
		19  0	-14.277
		20  1	-24.447
		21  0	2.194
		22  0	-6.354
		23  1	-12.214


 Layer 5

node  1		 link	 weight	 bias 0.007
		1  0	-0.299
		2  0	0.742
		3  0	-0.71
		4  0	0.15
		5  0	-0.26
		6  0	-0.05
		7  0	0.142
		8  0	0.059
		9  1	-0.768
		10  0	-0.285
		12  0	0.0700001
		13  0	-0.732
		14  0	-6.329
		15  0	-0.342
		16  0	0.839
		17  0	0.386
		18  0	0.335
		19  0	-0.323
		20  0	0.495
		21  0	-0.726
		22  0	0.824
		23  0	0.609
		24  0	-0.425
		25  1	-0.029
		26  0	0.041
		27  0	-0.809
		28  0	0.641
		29  0	0.423


 Layer 2

node  1		 link	 weight	 bias 8.246
		1  0	-3.584
		2  1	20.418
		3  0	1.254
		4  1	-0.345
		5  1	-19.343
		6  1	-2.861
		7  0	-38.634
		8  0	2.969
		9  0	-1.949
		10  1	-16.879

node  2		 link	 weight	 bias -9.845
		1  0	0.673
		2  0	-0.929
		3  1	-2.349
		4  1	-17.414
		5  1	0.915
		6  1	3.962
		7  1	0.605
		8  1	16.382
		9  1	15.962
		10  0	1.898

node  3		 link	 weight	 bias -21.694
		1  0	2.168
		2  1	-19.015
		3  0	-0.174
		4  0	0.771
		5  0	3.959
		6  1	0.655
		7  0	-3.482
		8  0	0.786
		9  0	-8.419
		10  1	-9.553

node  4		 link	 weight	 bias 7.97
		1  1	-24.909
		2  1	-24.849
		3  0	-6.488
		4  1	0.817
		5  0	-12.282
		6  1	-19.103
		7  0	-2.414
		8  0	-8.924
		9  1	-31.813
		10  1	-20.909

node  5		 link	 weight	 bias -39.457
		1  0	-21.129
		2  0	12.918
		3  1	-5.862
		4  0	-20.204
		5  0	16.585
		6  1	-3.711
		7  0	-3.257
		8  1	-12.298
		9  1	-23.304
		10  0	-5.013

node  6		 link	 weight	 bias -10.989
		1  1	-0.397
		2  0	-3.844
		3  1	-3.633
		4  0	-1.753
		5  0	-23.95
		6  1	-20.695
		7  0	-26.546
		8  0	2.187
		9  1	-16.01
		10  1	-26.682


 Layer 3

node  1		 link	 weight	 bias 15.22
		1  0	-31.683
		2  0	-1.403
		3  1	-2.062
		4  1	-11.235
		5  0	12.027
		6  1	2.617
		7  1	-18.996
		8  1	-32.472
		9  1	-10.636
		10  1	-16.855
		12  1	-12.33
		13  0	-7.135
		14  1	-29.963
		15  0	-2.96
		16  0	-1.708
		17  1	-11.486

node  2		 link	 weight	 bias -11.641
		1  1	-13.912
		2  1	5.997
		3  0	-7.511
		4  0	-14.345
		5  0	-13.264
		6  1	-17.907
		7  1	0.54
		8  1	2.716
		9  0	3.894
		10  0	0.929
		12  1	5.552
		13  0	-10.388
		14  1	-15.951
		15  0	-16.287
		16  1	16.533
		17  0	-8.331

node  3		 link	 weight	 bias 18.728
		1  0	9.841
		2  0	-0.827
		3  1	15.909
		4  0	13.569
		5  1	1.157
		6  1	-9.906
		7  0	-0.674
		8  1	0.959
		9  0	3.527
		10  1	-21.324
		12  1	-29.859
		13  1	-23.883
		14  1	-32.176
		15  1	-17.731
		16  1	4.639
		17  1	-21.395

node  4		 link	 weight	 bias -26.84
		1  1	-14.299
		2  0	-21.384
		3  1	-47.53
		4  0	12.401
		5  1	-29.288
		6  0	-0.101
		7  1	27.713
		8  0	-2.622
		9  0	-6.476
		10  1	-8.363
		12  1	2.889
		13  1	-16.53
		14  1	-22.242
		15  1	6.984
		16  1	-8.65
		17  0	-5.644

node  5		 link	 weight	 bias 3.486
		1  0	-11.177
		2  1	3.212
		3  1	19.099
		4  1	4.29
		5  1	-9.238
		6  0	4.913
		7  1	-5.198
		8  0	-18.846
		9  0	-15.158
		10  1	7.408
		12  1	-37.571
		13  1	8.008
		14  0	11.661
		15  1	-5.14
		16  0	-2.572
		17  1	-1.315

node  6		 link	 weight	 bias 9.817
		1  1	-0.911
		2  0	5.494
		3  0	-5.114
		4  1	3.445
		5  1	-34.605
		6  1	0.586
		7  0	-1.069
		8  1	-3.873
		9  0	-14.672
		10  1	-15.712
		12  1	-42.586
		13  1	-20.026
		14  1	-4.925
		15  0	0.224
		16  0	0.902
		17  0	9.506


 Layer 4

node  1		 link	 weight	 bias -17.583
		1  1	-13.518
		2  1	-10.015
		3  0	-4.038
		4  0	0.274
		5  0	-5.724
		6  0	-22.996
		7  1	-21.601
		8  1	-13.196
		9  1	11.3
		10  0	-9.826
		12  0	5.749
		13  1	-24.156
		14  1	-17.025
		15  1	-9.339
		16  1	-5.585
		17  1	-12.943
		18  1	2.76
		19  1	-7.709
		20  0	0.525
		21  1	-2.318
		22  1	-14.109
		23  1	1.835

node  2		 link	 weight	 bias -17.001
		1  0	-17.422
		2  0	1.772
		3  1	0.248
		4  0	-10.406
		5  1	-6.696
		6  0	7.933
		7  1	-12.367
		8  1	5.562
		9  0	2.035
		10  1	28.054
		12  0	-14.158
		13  1	6.673
		14  1	26.965
		15  1	-20.793
		16  1	-14.113
		17  1	-6.229
		18  1	-20.043
		19  0	-8.099
		20  0	-38.838
		21  1	-7.135
		22  0	-15.957
		23  0	-7.933

node  3		 link	 weight	 bias -7.292
		1  0	-19.082
		2  0	2.594
		3  1	13.07
		4  0	-12.646
		5  0	8.441
		6  0	-5.286
		7  1	-6.21
		8  0	-18.574
		9  0	-12.454
		10  1	-1.619
		12  1	2.705
		13  0	12.629
		14  0	-0.987
		15  0	-6.473
		16  1	-8.048
		17  0	12.199
		18  1	-8.244
		19  0	2.662
		20  0	-9.643
		21  1	-11.266
		22  0	-0.336
		23  0	-6.562

node  4		 link	 weight	 bias -3.736
		1  1	1.662
		2  1	18.345
		3  0	-10.098
		4  0	-1.599
		5  1	-12.607
		6  1	6.143
		7  1	-11.948
		8  0	-5.699
		9  1	-23.868
		10  0	1.034
		12  0	-14.379
		13  0	0.289
		14  0	-0.727
		15  0	9.998
		16  0	-4.116
		17  0	-42.717
		18  0	-7.205
		19  0	6.662
		20  0	-12.212
		21  0	-19.487
		22  0	1.226
		23  0	-14.017

node  5		 link	 weight	 bias -11.987
		1  0	-0.083
		2  0	-0.091
		3  0	-1.735
		4  0	-20.259
		5  0	-39.21
		6  0	-20.766
		7  0	-15.183
		8  0	0.43
		9  1	-9.953
		10  0	-9.764
		12  0	-9.172
		13  0	-1.791
		14  0	7.554
		15  0	2.969
		16  0	3.871
		17  1	1.513
		18  1	-28.588
		19  0	-7.503
		20  0	-17.1
		21  1	-10.17
		22  0	-7.375
		23  1	-4.859

node  6		 link	 weight	 bias -18.464
		1  1	-13.212
		2  1	9.798
		3  0	-7.072
		4  0	-4.952
		5  0	4.607
		6  1	-3.959
		7  1	20.176
		8  0	-5.269
		9  0	-19.868
		10  1	-14.01
		12  0	-6.503
		13  1	-30.971
		14  0	-28.157
		15  0	9.017
		16  0	-1.048
		17  1	-50.693
		18  1	-8.649
		19  1	-17.542
		20  0	-6.786
		21  1	20.607
		22  0	-0.353
		23  0	-13.711


 Layer 5

node  1		 link	 weight	 bias 1.216
		1  0	-0.952
		2  0	0.569
		3  0	-0.424
		4  1	7.952
		5  1	-0.925
		6  0	0.767
		7  0	0.259
		8  0	-0.402
		9  0	0.276
		10  1	-0.333
		12  1	-5.109
		13  1	-1.335
		14  0	-0.393
		15  1	3.144
		16  0	-0.384
		17  0	-0.461
		18  0	0.572
		19  0	0.856
		20  0	0.395
		21  1	-1.941
		22  1	1.948
		23  0	0.783
		24  0	-0.269
		25  1	-4.715
		26  0	0.7
		27  0	0.635
		28  0	-0.695
		29  0	-0.483


 Layer 2

node  1		 link	 weight	 bias -17.317
		1  0	0.609
		2  1	-24.546
		3  1	18.716
		4  1	12.345
		5  0	0.892
		6  1	-1.571
		7  1	-10.986
		8  1	-3.074
		9  1	4.924
		10  1	2.113

node  2		 link	 weight	 bias -14.431
		1  1	-18.883
		2  1	-16.685
		3  1	-0.721
		4  0	-22.037
		5  1	-5.967
		6  1	5.555
		7  0	4.967
		8  1	-15.799
		9  1	-0.66
		10  1	-5.996

node  3		 link	 weight	 bias 6.499
		1  1	-39.312
		2  0	4.747
		3  1	13.315
		4  0	-20.058
		5  1	-31.281
		6  1	-11.477
		7  0	-10.864
		8  0	-17.83
		9  1	-4.667
		10  1	-6.28

node  4		 link	 weight	 bias -7.833
		1  0	-19.032
		2  1	2.591
		3  0	-0.071
		4  0	-5.742
		5  1	-6.443
		6  1	-19.93
		7  1	-4.688
		8  1	-1.899
		9  0	-0.499
		10  0	-0.91

node  5		 link	 weight	 bias -14.605
		1  1	-22.466
		2  1	3.437
		3  1	-11.598
		4  1	-3.526
		5  1	-18.093
		6  1	-2.408
		7  0	1.809
		8  1	11.726
		9  1	-18.627
		10  1	-14.927

node  6		 link	 weight	 bias -16.283
		1  1	-28.838
		2  0	-2.94
		3  1	-8.433
		4  0	-6.59
		5  1	-42.785
		6  1	-12.522
		7  0	14.073
		8  0	-3.859
		9  0	-15.547
		10  1	-26.471


 Layer 3

node  1		 link	 weight	 bias 1.71
		1  0	0.976
		2  0	-0.893
		3  0	0.61
		4  0	-0.575
		5  1	-7.203
		6  0	0.8
		7  0	0.383
		8  0	0.476
		9  0	-0.703
		10  0	-0.714
		12  1	0.178
		13  1	-0.872
		14  1	0.266
		15  1	-3.651
		16  0	-0.725
		17  0	-0.761

node  2		 link	 weight	 bias 1.44
		1  1	-8.457
		2  0	-10.329
		3  1	-0.256
		4  1	-0.684
		5  1	7.052
		6  0	2.183
		7  0	-9.129
		8  0	-15.768
		9  0	-2.379
		10  0	7.019
		12  1	-31.749
		13  0	3.855
		14  1	-34.291
		15  1	-21.371
		16  1	13.454
		17  0	13.248

node  3		 link	 weight	 bias -26.218
		1  0	-3.59
		2  0	-14.967
		3  1	-40.074
		4  1	-6.058
		5  0	0.682
		6  0	-0.301
		7  0	-24.332
		8  0	-18.282
		9  0	3.422
		10  0	4.677
		12  0	-17.122
		13  0	0.581
		14  1	0.673
		15  1	-24.62
		16  0	10.616
		17  1	-11.484

node  4		 link	 weight	 bias -42.352
		1  1	10.06
		2  1	-6.553
		3  0	2.108
		4  0	-0.149
		5  0	-22.124
		6  1	-23.178
		7  1	-16.192
		8  1	-2.311
		9  1	-9.638
		10  1	-13.879
		12  0	-10.722
		13  1	-18.827
		14  1	-6.739
		15  1	-3.832
		16  1	-28.279
		17  0	-0.72

node  5		 link	 weight	 bias -20.339
		1  1	-1.318
		2  0	4.899
		3  0	8.027
		4  0	-7.057
		5  1	31.797
		6  1	25.829
		7  1	-8.728
		8  0	-16.043
		9  0	-0.666
		10  0	0.00999999
		12  0	7.278
		13  0	-27.186
		14  0	-10.792
		15  1	3.094
		16  1	7.361
		17  1	1.073

node  6		 link	 weight	 bias 14.075
		1  1	-20.999
		2  1	-4.276
		3  1	-0.063
		4  1	-42.654
		5  1	0.448
		6  1	16.584
		7  1	-12.335
		8  0	5.952
		9  0	-1.538
		10  0	-5.528
		12  1	0.345
		13  0	-17.538
		14  1	-12.921
		15  1	19.195
		16  1	6.334
		17  1	-7.132


 Layer 4

node  1		 link	 weight	 bias -8.119
		1  0	-41.352
		2  1	6.129
		3  1	-9.278
		4  0	-5.343
		5  0	1.888
		6  1	-0.73
		7  1	0.195
		8  0	9.41
		9  0	6.36
		10  1	8.243
		12  1	-2.279
		13  0	-16.506
		14  1	-13.902
		15  0	-0.891
		16  0	-16.894
		17  1	1.898
		18  0	-20.258
		19  0	7.333
		20  0	-1.5
		21  1	-5.484
		22  0	18.804
		23  1	-6.34

node  2		 link	 weight	 bias -6.409
		1  1	-7.978
		2  1	0.657
		3  1	-21.35
		4  0	-19.212
		5  0	-1.246
		6  0	-0.864
		7  1	23.434
		8  1	-27.704
		9  1	-35.222
		10  0	-5.869
		12  0	28.924
		13  0	-0.628
		14  0	2.531
		15  1	-36.301
		16  1	-13.544
		17  1	-21.932
		18  1	-37.674
		19  0	5.194
		20  0	-5.929
		21  1	-6.847
		22  1	-5.479
		23  0	9.026

node  3		 link	 weight	 bias -0.22
		1  0	-24.002
		2  0	-14.583
		3  1	-20.807
		4  0	-0.822
		5  1	-6.741
		6  0	-4.157
		7  1	-25.631
		8  1	-14.958
		9  0	-11.604
		10  1	-16.562
		12  1	1.073
		13  1	7.083
		14  1	22.215
		15  1	-10.793
		16  1	-15.49
		17  1	-12.558
		18  0	-1.801
		19  1	0.293
		20  1	-8.446
		21  0	-10.203
		22  1	-4.49
		23  0	-4.228

node  4		 link	 weight	 bias -3.802
		1  1	-6.669
		2  0	-8.84
		3  0	-7.041
		4  1	-1.68
		5  1	-34.285
		6  1	-25.302
		7  0	-11.444
		8  0	-5.564
		9  0	-6.688
		10  1	7.292
		12  1	-57.942
		13  1	1.581
		14  0	-2.052
		15  1	1.229
		16  1	-30.256
		17  0	13.757
		18  1	-16.792
		19  1	-1.735
		20  1	-30.099
		21  1	1.033
		22  1	-19.337
		23  0	-15.92

node  5		 link	 weight	 bias 14.099
		1  0	-5.402
		2  1	-5.895
		3  0	-21.486
		4  0	1.474
		5  1	-15.999
		6  0	-21.911
		7  1	3.205
		8  1	15.593
		9  1	13.991
		10  1	-40.355
		12  1	-18.394
		13  0	-4.458
		14  0	-0.693
		15  1	-19.18
		16  0	-26.648
		17  1	-10.678
		18  1	6.35
		19  1	-18.118
		20  0	-12.418
		21  1	3.262
		22  0	-7.935
		23  0	-25.308

node  6		 link	 weight	 bias -9.524
		1  0	-3.662
		2  1	2.758
		3  0	-10
		4  0	-9.408
		5  0	-8.374
		6  1	6.239
		7  0	12.811
		8  1	17.004
		9  1	-1.967
		10  0	-7.713
		12  0	-8.176
		13  0	-2.674
		14  0	-16.75
		15  0	-6.763
		16  0	-0.343
		17  0	-7.194
		18  0	-7.203
		19  0	12.917
		20  0	4.566
		21  0	-19.712
		22  1	-11.155
		23  0	14.703


 Layer 5

node  1		 link	 weight	 bias 0.092
		1  1	0.081
		2  0	0.57
		3  0	-0.444
		4  0	-0.653
		5  1	-3.222
		6  0	-0.893
		7  0	-0.836
		8  0	0.594
		9  0	-0.434
		10  0	-0.941
		12  0	-0.871
		13  0	0.392
		14  0	-0.791
		15  0	-0.019
		16  0	-0.742
		17  1	0.0490001
		18  1	-3.949
		19  0	-0.637
		20  1	-0.039
		21  0	0.92
		22  0	-0.089
		23  0	0.872
		24  0	0.168
		25  1	-1.023
		26  0	-0.654
		27  0	-0.216
		28  1	-0.104
		29  0	-0.479


 Layer 2

node  1		 link	 weight	 bias -29.634
		1  1	-46.587
		2  1	-5.858
		3  0	0.734
		4  0	9.598
		5  0	-29.877
		6  0	-40.877
		7  1	-16.369
		8  0	-6.145
		9  1	-6.489
		10  1	19.705

node  2		 link	 weight	 bias -1.674
		1  1	4.465
		2  1	-14.756
		3  1	5.556
		4  1	-1.656
		5  1	-4.185
		6  1	-15.841
		7  0	-8.712
		8  1	-6.61
		9  1	-11.052
		10  0	14.932

node  3		 link	 weight	 bias -17.637
		1  0	-4.434
		2  1	-10.617
		3  1	-5
		4  1	-18.928
		5  0	-6.483
		6  1	-21.013
		7  1	-41.601
		8  0	-8.675
		9  1	0.08
		10  1	-8.728

node  4		 link	 weight	 bias -21.309
		1  0	-20.66
		2  0	-3.685
		3  1	-11.679
		4  1	9.556
		5  0	-9.367
		6  1	-0.434
		7  1	-6.381
		8  1	-26.217
		9  0	-3.84
		10  0	5.471

node  5		 link	 weight	 bias 10.386
		1  1	-16.867
		2  0	-17.798
		3  1	-71.477
		4  0	-22.789
		5  0	-38.935
		6  1	-10.552
		7  1	-13.074
		8  1	12.712
		9  1	-9.83
		10  0	-5.5

node  6		 link	 weight	 bias -26.114
		1  1	-6.172
		2  1	0.877
		3  0	-0.667
		4  0	-13.593
		5  1	5.433
		6  0	-4.592
		7  1	-47.816
		8  0	-14.885
		9  0	2.99
		10  0	-7.438


 Layer 3

node  1		 link	 weight	 bias -17.127
		1  1	-15.716
		2  1	15.286
		3  0	-3.994
		4  0	-15.168
		5  1	-3.754
		6  1	13.25
		7  0	5.996
		8  1	-17.272
		9  0	0.265
		10  0	-21.593
		12  0	-2.189
		13  0	-5.794
		14  1	-8.254
		15  1	-16.888
		16  0	0.709
		17  0	-5.365

node  2		 link	 weight	 bias -9.281
		1  1	-12.688
		2  0	6.837
		3  1	-14.978
		4  1	-23.733
		5  1	0.994
		6  1	-11.783
		7  0	5.001
		8  1	-5.102
		9  1	-19.233
		10  0	-10.698
		12  1	-9.464
		13  0	-11.91
		14  1	-5.195
		15  0	0.307
		16  0	-11.495
		17  0	-5.895

node  3		 link	 weight	 bias -28.295
		1  1	5.299
		2  0	-7.801
		3  1	-5.495
		4  1	-1.476
		5  0	-14.779
		6  1	-14.115
		7  0	6.153
		8  0	-0.278
		9  1	-1.891
		10  0	-30.298
		12  0	-31.01
		13  0	13.955
		14  1	-53.814
		15  0	0.862
		16  1	-16.825
		17  1	-9.885

node  4		 link	 weight	 bias -17.896
		1  0	-12.498
		2  1	-5.094
		3  1	-31.101
		4  1	-29.041
		5  1	12.758
		6  1	-13.417
		7  1	0.443
		8  0	-2.495
		9  0	10.902
		10  0	9.865
		12  1	4.669
		13  1	0.845
		14  0	5.077
		15  1	-30.638
		16  1	-8.913
		17  1	-6.454

node  5		 link	 weight	 bias -52.198
		1  1	-15.907
		2  0	-0.377
		3  1	10
		4  0	7.251
		5  1	-34.046
		6  1	-1.096
		7  1	-18.689
		8  0	0.352
		9  1	-4.629
		10  0	-16.261
		12  0	-13.434
		13  1	6.074
		14  1	-24.241
		15  1	-10.824
		16  0	-16.041
		17  0	-2.909

node  6		 link	 weight	 bias 0.94
		1  0	-0.156
		2  1	-11.03
		3  1	-6.919
		4  1	-22.73
		5  0	8.688
		6  1	-32.829
		7  0	10.944
		8  0	-0.507
		9  1	-1.158
		10  0	0.159
		12  1	-19.519
		13  1	-3.758
		14  0	-15.755
		15  0	5.095
		16  1	3.652
		17  1	1.699


 Layer 4

node  1		 link	 weight	 bias -8.137
		1  0	-1.076
		2  1	-21.84
		3  0	1.182
		4  1	-5.141
		5  0	-21.188
		6  0	10.919
		7  1	-18.988
		8  1	3.417
		9  1	-25.156
		10  1	-5.745
		12  1	30.468
		13  0	-0.758
		14  1	-18.557
		15  1	-12.699
		16  1	-10.358
		17  1	-3.454
		18  1	-5.283
		19  1	-10.541
		20  1	-20.091
		21  0	-6.392
		22  0	14.54
		23  0	-5.718

node  2		 link	 weight	 bias 18.774
		1  1	-22.626
		2  0	-17.693
		3  0	-9.724
		4  0	-16.379
		5  1	4.366
		6  0	-32.806
		7  1	5.552
		8  0	-14.309
		9  1	-13.551
		10  1	-0.716
		12  0	0.089
		13  1	2.285
		14  0	-8.688
		15  0	-5.537
		16  1	36.493
		17  0	3.147
		18  1	-15.639
		19  1	-12.627
		20  0	-6.406
		21  0	1.002
		22  1	-1.994
		23  0	-11.262

node  3		 link	 weight	 bias -16.169
		1  0	-6.517
		2  0	6.196
		3  0	-0.91
		4  1	-13.166
		5  0	-7.58
		6  0	12.843
		7  0	0.345
		8  1	0.176
		9  1	-3.704
		10  1	4.419
		12  0	-5.84
		13  1	-19.826
		14  0	0.893
		15  0	2.12
		16  1	-16.821
		17  1	-13.723
		18  0	10.869
		19  0	-3.018
		20  0	9.646
		21  1	4.173
		22  0	6.095
		23  1	-4.766

node  4		 link	 weight	 bias -2.895
		1  0	-0.457
		2  0	0.316
		3  0	-0.125
		4  1	-17.642
		5  1	1.826
		6  1	1.415
		7  1	-3.585
		8  0	0.141
		9  1	-6.4
		10  0	-0.307
		12  1	-5.644
		13  0	-0.993
		14  1	2.597
		15  0	0.985
		16  1	-3.33
		17  0	0.887
		18  0	-0.543
		19  0	-0.657
		20  1	-1.286
		21  0	0.955
		22  0	0.957
		23  1	-8.553

node  5		 link	 weight	 bias 6.692
		1  1	-39.353
		2  0	-0.147
		3  1	-2.758
		4  1	-13.997
		5  1	-12.703
		6  0	-4.052
		7  1	-33.049
		8  1	-40.875
		9  1	-12.314
		10  1	-13.383
		12  1	-10.243
		13  0	-4.072
		14  0	-11.022
		15  1	-3.042
		16  1	-9.527
		17  1	-3.664
		18  1	-2.311
		19  0	0.531
		20  0	0.981
		21  1	18.872
		22  1	-14.147
		23  0	2.126

node  6		 link	 weight	 bias -24.157
		1  0	-11.073
		2  0	14.943
		3  0	-9.735
		4  1	6.364
		5  1	-4.313
		6  1	13.093
		7  0	-10.474
		8  0	-9.584
		9  1	-2.07
		10  0	-2.235
		12  1	-26.633
		13  1	-2.07
		14  1	-3.219
		15  0	-3.158
		16  0	-3.79
		17  1	0.797
		18  1	-5.18
		19  1	-10.176
		20  1	-8.773
		21  1	-3.981
		22  1	-7.997
		23  1	-6.945


 Layer 5

node  1		 link	 weight	 bias -1.152
		1  0	0.183
		2  0	0.873
		3  0	0.225
		4  0	-0.703
		5  0	0.457
		6  1	-4.551
		7  0	0.798
		8  0	0.368
		9  0	-0.297
		10  0	0.091
		12  0	-0.981
		13  0	-0.547
		14  1	1.19
		15  0	-0.884
		16  0	0.347
		17  1	3.55
		18  0	-2.169
		19  0	0.238
		20  0	0.403
		21  1	-4.286
		22  1	-3.932
		23  0	-0.82
		24  1	-14.112
		25  0	-0.304
		26  0	-0.521
		27  1	10.967
		28  0	-0.261
		29  0	0.217
