
======================================================
Score	2.18156e+11
Z	0.328708
alpha	-0.35
betta	-2.19511
gamma	-1.88336
Vx	-32.85
Vy	20
Vz	20
engIng	1
cFuel	172
tfuel	0
======================================================

Initial Parametrs
rOa	{ 0 ; 0 ; -50 }

V	{ 10 ; 20 ; 20 }

w	{ -0.5 ; -0.5 ; -0.5 }

alpha	-0.35
betta	-0.35
gamma	-0.35
======================================================

 Layer 2

node  1		 link	 weight	 bias -19.143
		1  1	-10.872
		2  1	-14.948
		3  0	5.623
		4  0	-5.91
		5  0	-3.862
		6  1	5.407
		7  0	-0.536
		8  1	-2.343
		9  1	3.094
		10  0	0.518

node  2		 link	 weight	 bias -2.381
		1  1	-2.846
		2  0	0.813
		3  0	-7.854
		4  1	-8.801
		5  1	-13.855
		6  1	-10.243
		7  1	2.437
		8  0	3.624
		9  1	5.474
		10  0	-5.344

node  3		 link	 weight	 bias -6.636
		1  0	-0.244
		2  1	3.851
		3  0	0.377
		4  1	-8.107
		5  0	-0.165
		6  0	-2.368
		7  1	-9.87
		8  1	-7.466
		9  0	-1.203
		10  0	0.314

node  4		 link	 weight	 bias -4.305
		1  0	5.239
		2  0	0.423
		3  0	-2.345
		4  0	-3.243
		5  0	-13.201
		6  0	-0.308
		7  1	11.63
		8  0	-3.345
		9  1	-2.001
		10  0	3.239

node  5		 link	 weight	 bias 0.823
		1  1	-13.135
		2  0	-0.835
		3  0	0.711
		4  1	-4.302
		5  0	-0.92
		6  1	-13.098
		7  1	5.043
		8  1	-10.013
		9  1	-11.824
		10  1	-9.456

node  6		 link	 weight	 bias -8.976
		1  1	13.329
		2  1	-4.909
		3  1	-4.517
		4  1	-13.599
		5  1	-13.414
		6  1	-12.281
		7  1	-3.738
		8  0	0.699
		9  0	8.07
		10  1	3.209


 Layer 3

node  1		 link	 weight	 bias -31.469
		1  0	0.828
		2  0	0.25
		3  1	-15.824
		4  0	-16.814
		5  1	-9.722
		6  1	1.574
		7  1	7.952
		8  1	-0.083
		9  0	-0.469
		10  1	-14.56
		12  0	0.645
		13  1	-9.393
		14  0	-0.263
		15  1	5.844
		16  1	4.267
		17  1	-9.535

node  2		 link	 weight	 bias -15.988
		1  0	1.457
		2  1	-3.264
		3  1	6.323
		4  0	-0.195
		5  1	2.601
		6  0	3.639
		7  0	-3.04
		8  1	0.187
		9  1	-9.171
		10  0	-0.405
		12  0	-4.981
		13  1	0.818
		14  1	5.558
		15  1	-5.484
		16  0	-4.135
		17  0	4.849

node  3		 link	 weight	 bias -13.476
		1  0	2.775
		2  1	-4.176
		3  0	5.459
		4  1	-7.346
		5  1	8.121
		6  1	-0.724
		7  0	-6.162
		8  0	-6.269
		9  1	20.966
		10  1	-8.8
		12  0	0.366
		13  0	-0.342
		14  1	5.444
		15  0	-8.876
		16  1	14.335
		17  1	-0.408

node  4		 link	 weight	 bias -17.03
		1  0	-9.818
		2  1	-3.796
		3  1	0.35
		4  1	-12.592
		5  1	-52.57
		6  1	-4.823
		7  1	7.444
		8  0	0.403
		9  0	-0.317
		10  0	1.639
		12  0	-9.664
		13  0	0.271
		14  0	1.732
		15  0	-3.056
		16  1	-22.74
		17  1	-1.111

node  5		 link	 weight	 bias 4.875
		1  1	-7.086
		2  1	-13.219
		3  1	-1.279
		4  0	0.731
		5  0	-0.139
		6  0	-9.996
		7  0	1.87
		8  0	0.177
		9  0	-0.513
		10  0	-7.162
		12  0	-14.901
		13  0	-2.61
		14  1	-5.556
		15  1	-10.358
		16  1	-0.935
		17  1	-7.834

node  6		 link	 weight	 bias 2.621
		1  1	-1.037
		2  1	3.443
		3  0	-1.614
		4  1	-0.023
		5  0	1.665
		6  1	-11.949
		7  1	-5.154
		8  1	-0.286
		9  1	7.149
		10  0	-12.223
		12  0	-5.264
		13  1	18.083
		14  1	-5.786
		15  0	-2.276
		16  1	-2.066
		17  1	2.027


 Layer 4

node  1		 link	 weight	 bias -3.092
		1  1	-5.695
		2  0	0.591
		3  1	-2.474
		4  1	-19.486
		5  1	-16.539
		6  1	-8.418
		7  1	-11.558
		8  1	-3.567
		9  1	6.301
		10  1	-16.858
		12  0	0.318
		13  1	-3.066
		14  0	0.0779999
		15  0	0.687
		16  1	-10.719
		17  0	-5.917
		18  1	6.354
		19  1	14.508
		20  1	7.338
		21  1	-4.282
		22  0	0.052
		23  1	-22.432

node  2		 link	 weight	 bias 0.053
		1  0	-2.586
		2  1	-13.046
		3  0	-0.428
		4  1	-6.363
		5  0	3.307
		6  0	-14.872
		7  1	-3.809
		8  1	-3.98
		9  0	-0.595
		10  0	-2.656
		12  0	0.39
		13  0	0.453
		14  1	0.201
		15  0	-12.12
		16  1	-7.197
		17  0	-0.132
		18  1	13.42
		19  1	-1
		20  1	0.967
		21  0	-0.124
		22  1	-17.337
		23  1	6.288

node  3		 link	 weight	 bias -21.208
		1  1	9.896
		2  1	2.775
		3  0	-2.175
		4  0	-0.401
		5  1	-1.135
		6  1	-7.1
		7  1	-9.876
		8  0	4.374
		9  1	0.269
		10  0	0.565
		12  0	0.688
		13  1	-0.385
		14  1	-15.444
		15  0	-1.351
		16  1	-0.082
		17  1	1.087
		18  0	0.349
		19  1	-29.884
		20  1	-8.813
		21  1	-14.412
		22  0	1.148
		23  0	-0.723

node  4		 link	 weight	 bias -5.308
		1  1	-10.006
		2  0	3.111
		3  0	-3.761
		4  0	-0.436
		5  0	-0.825
		6  0	-2.915
		7  1	-14.229
		8  1	-1.955
		9  1	-9.442
		10  0	-0.565
		12  1	1.27
		13  1	4.613
		14  0	0.995
		15  1	-38.176
		16  0	1.465
		17  0	-0.744
		18  1	-1.887
		19  1	6.328
		20  1	-0.873
		21  0	9.659
		22  1	3.997
		23  0	-0.614

node  5		 link	 weight	 bias -0.642
		1  1	3.607
		2  1	3.782
		3  0	-5.529
		4  0	1.01
		5  0	0.051
		6  0	2.426
		7  1	-2.491
		8  0	-2.335
		9  0	4.463
		10  0	-18.426
		12  1	-6.623
		13  1	-5.033
		14  1	11.076
		15  0	0.25
		16  1	-5.431
		17  1	-13.439
		18  1	-0.768
		19  1	0.231
		20  0	-2.4
		21  1	-3.976
		22  1	-12.649
		23  1	11.673

node  6		 link	 weight	 bias -10.904
		1  0	-0.086
		2  1	2.384
		3  1	-7.722
		4  1	-15.158
		5  0	0.598
		6  1	-2.389
		7  1	-12.121
		8  0	-0.257
		9  0	-0.534
		10  1	2.673
		12  1	-3.962
		13  0	-2.332
		14  1	-24.531
		15  0	2.547
		16  1	10.176
		17  0	0.986
		18  1	-9.841
		19  1	9.074
		20  0	-19.309
		21  0	0.973
		22  0	-6.354
		23  0	-4.141


 Layer 5

node  1		 link	 weight	 bias 0.007
		1  0	-0.299
		2  0	0.742
		3  0	-0.71
		4  0	0.15
		5  0	-0.26
		6  0	-0.05
		7  0	0.142
		8  0	0.059
		9  1	-0.768
		10  0	-0.285
		12  0	0.0700001
		13  0	-0.732
		14  0	-6.329
		15  0	-0.342
		16  0	0.839
		17  0	0.386
		18  0	0.335
		19  0	-0.323
		20  0	0.495
		21  0	-0.726
		22  0	0.824
		23  0	0.609
		24  0	-0.425
		25  1	-0.029
		26  0	0.041
		27  0	-0.809
		28  0	0.641
		29  0	0.423


 Layer 2

node  1		 link	 weight	 bias -7.031
		1  0	0.074
		2  1	0.18
		3  1	-0.51
		4  1	2.969
		5  1	-6.341
		6  1	-7.996
		7  1	-20.088
		8  0	-0.502
		9  0	-0.711
		10  1	-2.054

node  2		 link	 weight	 bias 3.38
		1  0	0.673
		2  0	-0.929
		3  0	-2.774
		4  1	-2.214
		5  0	0.498
		6  0	-0.229
		7  0	-0.791
		8  0	0.0319999
		9  0	-0.027
		10  0	1.898

node  3		 link	 weight	 bias -1.018
		1  0	0.213
		2  0	-4.299
		3  0	0.393
		4  0	0.771
		5  1	-9.988
		6  1	-9.27
		7  1	10.061
		8  0	-5.723
		9  0	-8.419
		10  0	0.33

node  4		 link	 weight	 bias 5.294
		1  1	1.401
		2  0	-0.523
		3  1	-5.429
		4  1	4.907
		5  1	2.823
		6  0	-7.003
		7  0	-2.414
		8  1	-3.57
		9  1	-0.691
		10  1	-26.367

node  5		 link	 weight	 bias -31.877
		1  0	4.603
		2  0	12.918
		3  0	-0.109
		4  1	-25.355
		5  1	14.009
		6  0	-7.961
		7  1	-5.912
		8  1	-3.231
		9  1	0.741
		10  1	-0.028

node  6		 link	 weight	 bias -8.296
		1  0	-10.281
		2  0	3.152
		3  1	-3.448
		4  0	-1.753
		5  1	-1.558
		6  0	-17.747
		7  0	-16.472
		8  1	-0.164
		9  0	-11.355
		10  1	-4.862


 Layer 3

node  1		 link	 weight	 bias 5.367
		1  1	-8.889
		2  0	-1.403
		3  0	15.363
		4  0	-13.525
		5  1	8.763
		6  0	-5.675
		7  1	-31.712
		8  1	-13.017
		9  1	-12.623
		10  0	-0.806
		12  1	-14.699
		13  0	-7.135
		14  0	-23.671
		15  0	-0.897
		16  0	-1.708
		17  0	-0.636

node  2		 link	 weight	 bias -9.656
		1  0	-0.507
		2  0	2.137
		3  0	-4.201
		4  1	-7.225
		5  0	-0.63
		6  1	-0.468
		7  0	-1.176
		8  1	8.474
		9  0	-7.077
		10  0	0.929
		12  0	-0.845
		13  0	-10.388
		14  1	-8.881
		15  1	-2.606
		16  1	-9.401
		17  1	-2.579

node  3		 link	 weight	 bias 14.846
		1  0	9.841
		2  0	-0.827
		3  1	0.583
		4  0	19.737
		5  0	0.957
		6  1	-14.618
		7  0	-0.674
		8  0	0.959
		9  1	-0.387
		10  1	-15.582
		12  0	-6.563
		13  0	-10.272
		14  0	-5.694
		15  0	-5.746
		16  0	-4.029
		17  0	-0.034

node  4		 link	 weight	 bias -28.655
		1  0	0.258
		2  1	-15.676
		3  1	-20.098
		4  1	1.825
		5  0	-7.369
		6  0	-0.237
		7  1	0.203
		8  0	-2.622
		9  0	-0.969
		10  0	-11.919
		12  1	7.197
		13  1	1.077
		14  1	0.83
		15  1	-7.646
		16  0	0.031
		17  1	1.766

node  5		 link	 weight	 bias 6.304
		1  0	0.891
		2  0	-0.833
		3  1	13.517
		4  0	-7.313
		5  0	-0.74
		6  1	-4.802
		7  0	-7.981
		8  1	-18.242
		9  1	-12.692
		10  0	12.581
		12  0	-31.8
		13  0	10.241
		14  1	6.533
		15  0	0.997
		16  0	-2.572
		17  0	6.995

node  6		 link	 weight	 bias 12.216
		1  1	-5.173
		2  0	5.494
		3  0	0.282
		4  0	3.113
		5  1	-4.801
		6  0	2.488
		7  1	4.419
		8  0	11.732
		9  1	-15.055
		10  0	-0.086
		12  1	-8.614
		13  1	-8.926
		14  0	1.512
		15  0	0.224
		16  0	0.902
		17  1	1.01


 Layer 4

node  1		 link	 weight	 bias -13.001
		1  1	-2.96
		2  0	-0.704
		3  0	-0.684
		4  0	0.274
		5  0	-1.508
		6  1	-18.331
		7  0	-5.836
		8  0	-9.235
		9  0	12.299
		10  1	-7.268
		12  0	1.623
		13  1	-19.76
		14  0	0.08
		15  1	-1.055
		16  0	-18.678
		17  0	-13.095
		18  1	11.242
		19  0	-0.88
		20  0	0.525
		21  0	-3.62
		22  1	-1.285
		23  1	-1.761

node  2		 link	 weight	 bias -8.019
		1  1	-19.347
		2  0	6.372
		3  0	-0.875
		4  1	-8.479
		5  1	-8.236
		6  0	0.843
		7  1	-0.935
		8  1	1.78
		9  1	-0.576
		10  1	17.337
		12  1	-15.429
		13  1	3.421
		14  1	21.976
		15  0	1.688
		16  1	4.138
		17  0	-0.251
		18  0	0.455
		19  1	0.595
		20  1	-15.233
		21  1	5.907
		22  0	-16.132
		23  1	-0.891

node  3		 link	 weight	 bias -10.119
		1  0	-0.635
		2  0	-7.884
		3  1	-5.531
		4  0	-2.986
		5  0	8.441
		6  0	-5.286
		7  0	3.695
		8  1	2.615
		9  1	-17.88
		10  1	-7.822
		12  0	0.924
		13  1	9.82
		14  0	0.642
		15  1	-6.139
		16  1	-19.053
		17  1	15.293
		18  1	-8.174
		19  1	7.85
		20  1	-1.709
		21  0	0.596
		22  0	-0.336
		23  0	-0.817

node  4		 link	 weight	 bias -1.729
		1  0	-1.018
		2  1	3.697
		3  0	-10.098
		4  0	-1.599
		5  1	-13.537
		6  1	1.145
		7  1	-4.701
		8  1	-3.322
		9  1	-17.07
		10  1	1.034
		12  1	-7.521
		13  0	0.289
		14  0	-0.727
		15  0	6.289
		16  0	-4.116
		17  0	-20.324
		18  1	-1.208
		19  0	4.223
		20  1	-5.986
		21  0	-12.43
		22  0	-1.276
		23  0	-14.017

node  5		 link	 weight	 bias -16.411
		1  1	-8.113
		2  0	-0.091
		3  1	-6.293
		4  1	-19.628
		5  1	-36.663
		6  0	-20.766
		7  0	-9.464
		8  0	0.43
		9  0	-17.999
		10  1	-10.571
		12  1	-22.097
		13  0	-0.634
		14  1	8.593
		15  1	-4.894
		16  0	-2.116
		17  1	4.128
		18  1	-9.273
		19  1	0.768
		20  0	-0.728
		21  0	0.721
		22  0	-0.867
		23  1	17.34

node  6		 link	 weight	 bias -14.139
		1  1	-12.175
		2  0	0.056
		3  0	-2.332
		4  0	-4.952
		5  1	3.89
		6  0	-0.255
		7  1	21.582
		8  0	-0.616
		9  1	-0.791
		10  0	-9.857
		12  0	-13.862
		13  1	-10.227
		14  1	-25.056
		15  0	-1.673
		16  0	3.256
		17  1	-10.558
		18  1	-17.478
		19  1	-1.653
		20  0	0.068
		21  1	16.115
		22  1	2.444
		23  1	-1.887


 Layer 5

node  1		 link	 weight	 bias 1.178
		1  0	-0.952
		2  0	0.569
		3  0	-0.424
		4  1	6.109
		5  1	-3.432
		6  0	0.767
		7  0	0.259
		8  0	-0.402
		9  0	0.276
		10  1	-0.333
		12  1	-3.816
		13  1	-2.169
		14  0	-0.393
		15  1	0.69
		16  0	-0.384
		17  0	-0.461
		18  0	0.572
		19  0	0.856
		20  0	0.395
		21  1	-1.355
		22  0	-0.076
		23  0	0.783
		24  0	-0.269
		25  1	-2.539
		26  0	0.7
		27  0	0.635
		28  0	-0.695
		29  0	-0.483


 Layer 2

node  1		 link	 weight	 bias 6.622
		1  0	0.609
		2  1	-18.808
		3  1	7.289
		4  0	0.646
		5  0	0.892
		6  0	-0.26
		7  1	-7.132
		8  0	-1.624
		9  1	-0.945
		10  0	-0.187

node  2		 link	 weight	 bias -7.368
		1  1	-13.503
		2  0	2.745
		3  1	2.481
		4  0	-9.516
		5  1	-4.676
		6  0	0.9
		7  1	-3.326
		8  0	-7.103
		9  1	-17.164
		10  1	-9.344

node  3		 link	 weight	 bias 6.584
		1  1	-2.037
		2  0	2.871
		3  0	-0.243
		4  1	-18.089
		5  0	-12.549
		6  0	-0.431
		7  1	-21.023
		8  1	0.492
		9  0	-0.381
		10  0	-0.983

node  4		 link	 weight	 bias -8.063
		1  0	-19.032
		2  1	1.391
		3  0	-0.071
		4  1	-7.205
		5  1	-4.679
		6  1	-24.134
		7  1	-3.096
		8  1	-3.838
		9  1	1.715
		10  0	-0.91

node  5		 link	 weight	 bias -7.524
		1  1	1.851
		2  0	-0.205
		3  0	-1.532
		4  1	-5.405
		5  1	-1.942
		6  1	-1.479
		7  0	1.809
		8  1	8.408
		9  1	-13.536
		10  0	4.782

node  6		 link	 weight	 bias -5.749
		1  1	-7.706
		2  0	-2.94
		3  1	3.001
		4  1	-10.141
		5  0	-18.349
		6  0	4.16
		7  1	-0.996
		8  0	0.686
		9  1	-3.103
		10  1	-16.439


 Layer 3

node  1		 link	 weight	 bias 0.32
		1  0	0.976
		2  0	-0.893
		3  0	0.61
		4  0	-0.575
		5  1	-5.66
		6  0	0.8
		7  0	0.383
		8  0	0.476
		9  0	-0.703
		10  0	-0.714
		12  1	1.115
		13  1	-0.617
		14  1	0.054
		15  1	-0.349
		16  0	-0.725
		17  0	-0.761

node  2		 link	 weight	 bias 1.678
		1  0	-10.948
		2  0	-8.597
		3  0	-1.058
		4  1	-14.141
		5  0	3.229
		6  0	2.675
		7  1	-3.252
		8  0	-3.073
		9  0	-2.379
		10  0	4.869
		12  0	-25.005
		13  1	-1.568
		14  1	-14.661
		15  1	-5.893
		16  1	-3.735
		17  1	9.366

node  3		 link	 weight	 bias 4.059
		1  0	-3.59
		2  1	-18.528
		3  1	-3.654
		4  0	1.129
		5  0	-8.62
		6  0	-0.301
		7  1	-3.137
		8  1	-6.882
		9  0	3.422
		10  0	-1.451
		12  1	-13.056
		13  0	-0.975
		14  0	-0.175
		15  1	-6.871
		16  0	10.616
		17  1	-8.827

node  4		 link	 weight	 bias -28.096
		1  0	0.602
		2  1	2.433
		3  0	2.108
		4  0	-0.149
		5  0	-22.124
		6  1	-5.629
		7  1	-10.937
		8  0	-4.213
		9  1	1.365
		10  1	6.911
		12  1	-15.521
		13  1	-9.242
		14  1	0.889
		15  0	0.891
		16  1	-9.997
		17  0	-0.72

node  5		 link	 weight	 bias -7.032
		1  0	0.726
		2  1	4.637
		3  0	-2.134
		4  1	1.967
		5  0	24.112
		6  0	32.133
		7  0	0.563
		8  1	-3.689
		9  0	-0.782
		10  0	0.00999999
		12  1	5.499
		13  0	-14.973
		14  1	-5.064
		15  0	-4.902
		16  1	-2.308
		17  0	0.991

node  6		 link	 weight	 bias 5.948
		1  0	-9.979
		2  0	-3.543
		3  0	-0.063
		4  1	-36.126
		5  0	3.796
		6  1	18.218
		7  1	-8.698
		8  1	5.791
		9  1	-6.145
		10  0	-5.528
		12  0	3.546
		13  0	-6.051
		14  1	0.889
		15  1	10.353
		16  1	16.942
		17  1	-1.433


 Layer 4

node  1		 link	 weight	 bias 7.06
		1  0	-23.631
		2  1	4.014
		3  0	-2.758
		4  0	3.035
		5  0	5.381
		6  0	-0.263
		7  0	0.099
		8  0	10.134
		9  0	-0.855
		10  0	10.812
		12  0	-0.053
		13  1	-1.489
		14  0	-12.862
		15  1	0.452
		16  1	-11.596
		17  0	2.967
		18  0	-13.296
		19  0	3.92
		20  1	-5.221
		21  0	-5.658
		22  1	12.549
		23  0	-1.724

node  2		 link	 weight	 bias 10.737
		1  0	0.979
		2  1	-24.718
		3  0	-2.751
		4  1	-12.855
		5  1	4.68
		6  0	-4.484
		7  0	0.0779999
		8  0	-12.394
		9  1	-8.679
		10  0	-5.869
		12  0	28.924
		13  0	-9.309
		14  0	-1.142
		15  1	-13.987
		16  0	-0.974
		17  0	-7.763
		18  1	-20.957
		19  0	5.693
		20  1	-11.151
		21  1	-17.648
		22  0	-4.785
		23  1	11.377

node  3		 link	 weight	 bias -7.669
		1  0	-15.815
		2  0	-14.583
		3  0	-6.078
		4  0	-0.822
		5  0	-7.143
		6  0	0.817
		7  1	-14.39
		8  1	-15.478
		9  1	-3.176
		10  1	-5.56
		12  0	-15.067
		13  0	0.344
		14  1	11.799
		15  1	-4.047
		16  0	-12.168
		17  0	1.618
		18  0	3.104
		19  1	-6.046
		20  0	-8.865
		21  1	-18.395
		22  0	5.774
		23  1	-5.881

node  4		 link	 weight	 bias 1.56
		1  1	-11.237
		2  1	-1.521
		3  0	-4.931
		4  0	0.546
		5  0	-25.235
		6  0	-17.335
		7  1	-10.897
		8  1	-4.565
		9  0	-6.688
		10  1	-5.922
		12  1	-23.336
		13  0	-3.731
		14  0	3.341
		15  0	-0.64
		16  1	-17.924
		17  1	11.803
		18  1	-14.072
		19  0	-1.576
		20  0	-20.47
		21  1	0.878
		22  0	-2.359
		23  1	4.846

node  5		 link	 weight	 bias 11.866
		1  0	-9.723
		2  0	-0.904
		3  0	-7.03
		4  1	-9.434
		5  0	0.899
		6  1	-14.092
		7  1	-6.413
		8  1	1.592
		9  1	-0.847
		10  1	-19.35
		12  1	3.251
		13  0	-0.419
		14  0	-0.693
		15  1	1.468
		16  1	-23.048
		17  0	-0.083
		18  1	2.082
		19  0	-7.335
		20  1	-9.144
		21  0	9.865
		22  0	-7.935
		23  0	-27.422

node  6		 link	 weight	 bias -0.417
		1  1	-9.666
		2  0	-0.934
		3  0	-10
		4  1	-6.758
		5  1	-8.374
		6  1	5.029
		7  1	-5.534
		8  1	-3.411
		9  0	-0.666
		10  0	-0.176
		12  0	2.783
		13  0	0.696
		14  1	-16.551
		15  0	-6.763
		16  0	-0.343
		17  1	-2.485
		18  1	-0.49
		19  1	7.812
		20  0	4.34
		21  0	-19.712
		22  1	-1.575
		23  0	14.703


 Layer 5

node  1		 link	 weight	 bias 0.987
		1  1	0.081
		2  0	0.57
		3  0	-0.444
		4  0	-0.653
		5  1	-5.207
		6  0	-0.893
		7  0	-0.836
		8  0	0.594
		9  0	-0.434
		10  0	-0.941
		12  0	-0.871
		13  0	0.392
		14  0	-0.791
		15  0	-0.019
		16  0	-0.742
		17  0	0.0190001
		18  1	-3.928
		19  0	-0.637
		20  1	-0.039
		21  0	0.92
		22  0	-0.089
		23  0	0.872
		24  0	0.168
		25  0	-0.435
		26  0	-0.654
		27  0	-0.216
		28  1	0.369
		29  0	-0.479


 Layer 2

node  1		 link	 weight	 bias -17.172
		1  0	-23.292
		2  0	-4.089
		3  0	-0.551
		4  1	14.435
		5  1	-21.881
		6  1	-23.293
		7  1	1.639
		8  0	-14.638
		9  1	-9.673
		10  1	12.915

node  2		 link	 weight	 bias 2.055
		1  1	3.864
		2  1	-0.697
		3  1	-1.416
		4  1	7.465
		5  0	-0.955
		6  0	-0.491
		7  0	-0.789
		8  0	0.621
		9  1	-2.966
		10  1	4.724

node  3		 link	 weight	 bias -17.883
		1  0	0.774
		2  0	0.517
		3  1	-9.551
		4  0	-0.996
		5  1	-15.179
		6  1	-7.167
		7  1	-12.79
		8  0	-12.108
		9  0	-0.643
		10  1	5.587

node  4		 link	 weight	 bias -23.779
		1  1	-20.123
		2  1	-12.414
		3  0	-17.007
		4  1	3.304
		5  1	-1.27
		6  0	-0.394
		7  1	-3.954
		8  1	-7.339
		9  0	-0.75
		10  0	0.817

node  5		 link	 weight	 bias 11.552
		1  0	-0.403
		2  1	-16.184
		3  1	-35.595
		4  0	-5.858
		5  1	-18.702
		6  0	3.2
		7  1	0.953
		8  0	3.042
		9  1	-4.584
		10  1	-2.146

node  6		 link	 weight	 bias -14.407
		1  0	-0.651
		2  0	3.477
		3  1	-4.528
		4  1	-2.236
		5  1	-0.807
		6  1	-14.324
		7  1	-32.981
		8  0	-7.68
		9  0	2.99
		10  0	-2.756


 Layer 3

node  1		 link	 weight	 bias 6.65
		1  0	-11.488
		2  1	20.868
		3  0	0.095
		4  0	-10.243
		5  0	0.519
		6  1	0.664
		7  1	1.041
		8  1	-14.595
		9  0	0.265
		10  0	-21.593
		12  0	-9.45
		13  1	-1.985
		14  1	-2.83
		15  0	-3.88
		16  0	0.709
		17  0	-5.365

node  2		 link	 weight	 bias -12.55
		1  1	-12.656
		2  1	2.596
		3  1	7.656
		4  1	-29.453
		5  0	1.744
		6  0	-8.123
		7  0	-0.394
		8  0	0.381
		9  0	0.719
		10  0	-10.698
		12  0	-0.443
		13  0	-11.91
		14  0	-2.125
		15  0	0.307
		16  1	-1.294
		17  0	-2.769

node  3		 link	 weight	 bias -29.719
		1  1	4.107
		2  0	-0.806
		3  0	-0.635
		4  1	1.806
		5  1	-5.71
		6  1	-9.867
		7  0	4.007
		8  0	-0.278
		9  0	-0.342
		10  1	-19.763
		12  1	-21.911
		13  1	11.001
		14  1	-25.158
		15  0	2.628
		16  1	-3.075
		17  0	-2.319

node  4		 link	 weight	 bias -18.31
		1  0	-12.498
		2  1	1.432
		3  1	-20.556
		4  1	-10.396
		5  0	1.707
		6  0	-0.236
		7  0	-0.636
		8  0	-2.495
		9  1	10.849
		10  1	-3.066
		12  1	12.455
		13  0	-1.007
		14  1	9.556
		15  1	-11.094
		16  0	-0.178
		17  0	-13.971

node  5		 link	 weight	 bias -16.741
		1  1	-4.272
		2  0	-0.377
		3  0	12.787
		4  0	8.456
		5  0	-7.34
		6  0	-2.836
		7  1	-14.126
		8  1	-0.771
		9  0	-6.463
		10  1	-11.755
		12  1	-4.705
		13  1	-0.919
		14  1	-7.607
		15  1	-20.232
		16  1	-2.229
		17  0	-0.354

node  6		 link	 weight	 bias 2.212
		1  0	-0.156
		2  0	-10.437
		3  0	-4.03
		4  0	-11.482
		5  0	-0.661
		6  0	-28.517
		7  0	10.944
		8  0	-0.507
		9  0	-6.056
		10  0	0.159
		12  0	-5.766
		13  1	2.276
		14  1	-10.015
		15  0	5.095
		16  0	-0.147
		17  0	-5.814


 Layer 4

node  1		 link	 weight	 bias -4.631
		1  1	4.644
		2  1	-17.326
		3  1	-1.666
		4  0	7.905
		5  1	-20.646
		6  1	7.911
		7  1	-5.448
		8  1	0.993
		9  1	-13.857
		10  1	-2.79
		12  1	9.509
		13  0	-0.758
		14  1	-9.333
		15  0	-11.712
		16  0	-3.537
		17  0	-5.054
		18  1	-12.439
		19  0	-0.349
		20  1	-24.784
		21  0	-2.034
		22  1	17.706
		23  1	-13.567

node  2		 link	 weight	 bias 16.652
		1  1	-15.224
		2  1	-0.833
		3  1	-7.352
		4  0	-16.379
		5  0	5.881
		6  0	-19.042
		7  0	2.808
		8  1	-15.448
		9  0	0.941
		10  0	5.857
		12  0	0.678
		13  0	-4.337
		14  1	-11.324
		15  0	-5.537
		16  0	4.216
		17  1	-3.996
		18  1	-9.037
		19  1	-3.074
		20  0	-6.406
		21  0	-0.826
		22  1	6.073
		23  0	-10.193

node  3		 link	 weight	 bias 6.01
		1  1	-5.6
		2  1	4.782
		3  0	-0.124
		4  0	0.131
		5  1	1.786
		6  0	-1.178
		7  0	0.345
		8  0	0.516
		9  1	0.93
		10  1	0.22
		12  1	-4.574
		13  1	-35.564
		14  0	0.24
		15  0	2.12
		16  0	-1.619
		17  1	-10.527
		18  1	6.221
		19  1	0.054
		20  1	0.658
		21  1	6.722
		22  1	11.154
		23  0	4.731

node  4		 link	 weight	 bias -1.389
		1  0	-0.457
		2  0	0.316
		3  0	-0.125
		4  1	-3.757
		5  0	-0.627
		6  0	0.475
		7  0	-0.738
		8  0	0.141
		9  0	0.527
		10  0	-0.307
		12  1	2.248
		13  1	-1.345
		14  0	-0.678
		15  0	0.985
		16  0	-0.6
		17  0	0.887
		18  0	-0.543
		19  0	-0.657
		20  0	0.286
		21  0	0.955
		22  0	0.957
		23  0	0.411

node  5		 link	 weight	 bias 15.728
		1  1	-29.139
		2  0	-0.147
		3  1	2.384
		4  0	2.825
		5  1	-2.222
		6  1	1.887
		7  1	-19.887
		8  1	-26.202
		9  0	-0.871
		10  0	-1.363
		12  0	3.104
		13  1	-6.65
		14  1	-13.847
		15  0	4.189
		16  0	0.571
		17  0	-1.557
		18  0	0.392
		19  0	0.531
		20  0	0.981
		21  0	7.015
		22  1	-11.387
		23  0	2.126

node  6		 link	 weight	 bias -13.32
		1  1	-8.026
		2  1	10.905
		3  1	-0.636
		4  0	0.199
		5  0	-1.764
		6  0	0.547
		7  1	-5.124
		8  1	-0.087
		9  0	-3.599
		10  0	-2.235
		12  0	-8.459
		13  0	-0.563
		14  1	4.648
		15  0	0.451
		16  0	-5.716
		17  1	0.7
		18  0	-4.704
		19  0	-1.387
		20  1	-3.22
		21  1	-10.892
		22  1	2.037
		23  0	7.765


 Layer 5

node  1		 link	 weight	 bias 0
		1  0	0.183
		2  0	0.873
		3  0	0.225
		4  0	-0.703
		5  0	0.457
		6  1	1.086
		7  0	0.798
		8  0	0.368
		9  0	-0.297
		10  0	0.091
		12  0	-0.981
		13  0	-0.547
		14  0	-0.487
		15  0	-0.884
		16  0	0.347
		17  0	-0.021
		18  0	-2.169
		19  0	0.238
		20  0	0.403
		21  1	-2.417
		22  0	0.853
		23  0	-0.82
		24  1	-2.463
		25  0	-0.304
		26  1	2.166
		27  1	7.862
		28  0	-0.261
		29  1	0.702
