
======================================================
Score	2.49634e+10
Z	-28.4121
alpha	-0.0860895
betta	0.3764
gamma	-1.03672
Vx	-18.3703
Vy	12.9356
Vz	17.0689
engIng	0
cFuel	221
tfuel	28.8489
======================================================

Initial Parametrs
rOa	{ 173 ; 77 ; -50 }

V	{ 10 ; 20 ; 20 }

w	{ -0.5 ; -0.5 ; -0.5 }

alpha	-0.35
betta	-0.35
gamma	-0.35
======================================================

 Layer 2

node  1		 link	 weight	 bias 1.211
		1  1	-0.262
		2  0	0.099
		3  1	-0.91
		4  0	0.55
		5  1	-0.041
		6  1	7.667
		7  1	-3.767
		8  0	0.69
		9  0	-0.173
		10  0	-0.457

node  2		 link	 weight	 bias 4.746
		1  0	0.264
		2  0	0.021
		3  0	0.948
		4  0	-1.444
		5  1	-5.146
		6  0	0.454
		7  0	0.503
		8  1	11.185
		9  0	0.553
		10  1	0.073

node  3		 link	 weight	 bias -2.862
		1  0	-0.409
		2  1	0.639
		3  0	0.654
		4  0	0.095
		5  1	-1.322
		6  1	1.495
		7  1	-5.977
		8  1	-0.326
		9  0	0.381
		10  0	0.125

node  4		 link	 weight	 bias -0.62
		1  1	-1.939
		2  1	-4.966
		3  1	2.196
		4  1	-9.792
		5  0	0.701
		6  1	3.726
		7  0	0.764
		8  0	-0.868
		9  0	8.634
		10  1	-12.185

node  5		 link	 weight	 bias -4.519
		1  1	2.387
		2  0	0.701
		3  0	0.667
		4  0	-0.517
		5  0	0.774
		6  0	-0.299
		7  0	-5.84
		8  0	-0.936
		9  1	-16.32
		10  0	0.054

node  6		 link	 weight	 bias 2.596
		1  0	0.397
		2  1	2.303
		3  1	4.811
		4  0	-0.681
		5  0	-0.167
		6  1	0.00800003
		7  1	-17.706
		8  0	-2.695
		9  0	-0.761
		10  1	2.321


 Layer 3

node  1		 link	 weight	 bias -1.514
		1  0	-0.697
		2  0	-0.059
		3  0	0.554
		4  0	-0.193
		5  0	0.527
		6  0	0.482
		7  0	-0.16
		8  1	-2.713
		9  0	0.566
		10  0	-0.938
		12  1	-1.781
		13  0	-0.041
		14  0	-0.854
		15  0	0.925
		16  0	0.384
		17  0	0.629

node  2		 link	 weight	 bias 1.912
		1  0	2.73
		2  0	0.231
		3  1	-1.978
		4  1	-1.726
		5  0	-0.169
		6  0	-8.084
		7  0	0.784
		8  0	-0.64
		9  0	-2.764
		10  0	-0.482
		12  0	0.38
		13  1	-5.129
		14  1	-3.318
		15  1	-3.006
		16  0	-0.208
		17  0	-0.691

node  3		 link	 weight	 bias -13.65
		1  1	13.898
		2  0	-3.888
		3  1	2.787
		4  0	0.921
		5  0	0.51
		6  1	-6.289
		7  1	-3.849
		8  1	-6.812
		9  1	15.788
		10  0	-0.213
		12  1	-3.109
		13  0	0.768
		14  0	-0.93
		15  0	0.296
		16  1	-4.752
		17  0	-0.534

node  4		 link	 weight	 bias 0
		1  0	-0.871
		2  0	-0.714
		3  0	0.997
		4  0	-0.331
		5  0	-0.58
		6  0	0.759
		7  0	-0.781
		8  0	0.176
		9  0	0.742
		10  0	0.541
		12  1	0.587
		13  0	-0.55
		14  0	-0.075
		15  0	-0.98
		16  0	0.13
		17  0	0.145

node  5		 link	 weight	 bias 0.714
		1  0	0.902
		2  0	-0.314
		3  1	-7.62
		4  1	-11.032
		5  1	-14.005
		6  0	0.494
		7  1	-2.788
		8  0	0.839
		9  0	0.681
		10  0	0.399
		12  1	-3.161
		13  1	-1.429
		14  1	-5.996
		15  0	0.74
		16  0	0.222
		17  0	-6.992

node  6		 link	 weight	 bias -13.083
		1  0	0.564
		2  0	-0.384
		3  1	3.527
		4  0	-0.626
		5  0	0.378
		6  1	6.554
		7  1	-14.024
		8  1	-20.467
		9  1	-6.166
		10  1	-14.529
		12  0	2.686
		13  1	-13.389
		14  0	0.409
		15  1	-12.489
		16  0	0.661
		17  0	-0.71


 Layer 4

node  1		 link	 weight	 bias -2.471
		1  1	-2.918
		2  0	2.063
		3  0	-0.212
		4  0	-0.064
		5  0	-10.911
		6  1	-3.313
		7  1	6.65
		8  1	-10.441
		9  0	-0.703
		10  1	1.693
		12  1	1.133
		13  0	-0.34
		14  1	-5.691
		15  0	-0.345
		16  0	-0.014
		17  0	-0.305
		18  0	0.235
		19  1	-10.467
		20  1	-4.144
		21  0	-0.077
		22  1	0.548
		23  0	0.371

node  2		 link	 weight	 bias 4.865
		1  0	0.285
		2  1	-10.636
		3  1	-3.464
		4  0	-0.878
		5  0	0.017
		6  1	-2.556
		7  0	0.705
		8  0	-0.252
		9  0	4.041
		10  0	-0.504
		12  1	0.425
		13  0	0.833
		14  1	-4.417
		15  1	-4.116
		16  0	0.781
		17  0	3.402
		18  0	-0.198
		19  0	-0.474
		20  0	0.517
		21  0	0.16
		22  0	-0.154
		23  1	-11.899

node  3		 link	 weight	 bias -4.151
		1  0	-7.785
		2  0	0.769
		3  1	-7.927
		4  0	-0.693
		5  1	2.486
		6  0	-0.181
		7  0	-0.042
		8  1	6.164
		9  0	0.718
		10  0	-0.508
		12  0	0.917
		13  1	4.438
		14  0	0.841
		15  1	1.299
		16  0	-14.824
		17  0	0.421
		18  0	14.745
		19  1	17.467
		20  0	1.946
		21  0	-0.915
		22  0	-0.197
		23  1	0.385

node  4		 link	 weight	 bias 1.543
		1  0	0.0420001
		2  1	-7.426
		3  1	4.856
		4  0	0.868
		5  1	-1.032
		6  0	-1.541
		7  0	-0.872
		8  0	0.46
		9  0	0.728
		10  0	-0.041
		12  1	-10.749
		13  0	-0.697
		14  1	18.105
		15  0	0.885
		16  0	0.483
		17  0	-0.092
		18  1	4.901
		19  0	0.15
		20  1	-3.007
		21  0	-0.161
		22  0	0.643
		23  0	0.187

node  5		 link	 weight	 bias 0
		1  0	0.469
		2  0	-0.312
		3  0	-0.76
		4  0	0.356
		5  1	0.442
		6  0	-0.191
		7  0	-0.176
		8  0	0.0779999
		9  0	-0.046
		10  0	-0.435
		12  0	0.576
		13  0	-0.1
		14  0	0.747
		15  0	-0.663
		16  0	0.0930001
		17  0	0.1
		18  1	-1.482
		19  0	-0.697
		20  1	-0.011
		21  0	0.423
		22  0	-0.323
		23  0	0.384

node  6		 link	 weight	 bias -9.434
		1  1	-0.575
		2  0	0.276
		3  1	-5.899
		4  0	0.401
		5  0	-0.381
		6  0	-0.07
		7  0	0.195
		8  0	-0.994
		9  1	-3.936
		10  1	1.265
		12  1	-20.744
		13  0	-3.772
		14  0	-0.798
		15  0	0.568
		16  1	-7.586
		17  0	-0.519
		18  0	0.298
		19  0	0.685
		20  0	-5.072
		21  1	-8.373
		22  0	-0.354
		23  1	-3.797


 Layer 5

node  1		 link	 weight	 bias 0.056
		1  0	0.165
		2  0	0.394
		3  0	0.11
		4  1	1.352
		5  1	1.575
		6  1	3.959
		7  0	0.833
		8  0	0.237
		9  0	0.513
		10  0	0.172
		12  0	0.303
		13  0	0.514
		14  0	-0.527
		15  0	-0.946
		16  0	-0.834
		17  0	-0.026
		18  0	-0.78
		19  0	-0.602
		20  0	0.541
		21  1	-0.265
		22  0	-0.906
		23  0	0.181
		24  0	-0.891
		25  0	0.75
		26  0	0.875
		27  0	0.475
		28  1	2.76
		29  0	-0.00100005


 Layer 2

node  1		 link	 weight	 bias -3.582
		1  0	-0.098
		2  0	0.612
		3  0	-1.874
		4  1	-11.646
		5  1	4.69
		6  0	-0.61
		7  1	-12.117
		8  0	0.812
		9  0	16.991
		10  0	-3.155

node  2		 link	 weight	 bias -5.545
		1  0	-0.797
		2  1	-4.199
		3  1	-6.034
		4  1	-5.501
		5  1	0.39
		6  1	-0.267
		7  0	-0.111
		8  0	4.157
		9  0	-0.374
		10  0	-0.649

node  3		 link	 weight	 bias 5.739
		1  0	-0.915
		2  0	2.095
		3  1	-15.603
		4  1	1.626
		5  0	-0.00800002
		6  1	-1.004
		7  0	-0.36
		8  1	-3.524
		9  1	-1.859
		10  0	-0.3

node  4		 link	 weight	 bias -4.476
		1  0	0.202
		2  1	6.91
		3  0	0.593
		4  1	6.568
		5  1	1.499
		6  1	4.001
		7  0	-6.01
		8  1	-2.445
		9  0	0.89
		10  1	-1.958

node  5		 link	 weight	 bias -0.592
		1  1	-8.26
		2  0	-0.983
		3  1	0.527
		4  0	-0.7
		5  1	-5.892
		6  0	0.185
		7  0	-0.699
		8  1	12.942
		9  1	0.364
		10  0	-0.801

node  6		 link	 weight	 bias -4.661
		1  0	-0.36
		2  0	-0.579
		3  0	0.316
		4  1	-3.536
		5  1	0.861
		6  0	1.545
		7  0	0.89
		8  0	0.962
		9  0	-0.863
		10  0	-0.994


 Layer 3

node  1		 link	 weight	 bias 0.724
		1  0	-0.315
		2  0	0.39
		3  0	-0.391
		4  0	-0.614
		5  0	-0.794
		6  0	0.952
		7  0	0.695
		8  0	-0.728
		9  1	-1.583
		10  0	-0.244
		12  0	0.21
		13  0	-0.446
		14  1	0.618
		15  0	0.465
		16  0	0.138
		17  0	-0.817

node  2		 link	 weight	 bias -9.215
		1  1	-0.308
		2  0	0.269
		3  0	0.013
		4  1	-3.618
		5  1	7.037
		6  1	0.659
		7  1	-10.122
		8  0	-0.497
		9  0	-0.613
		10  0	0.224
		12  0	-0.862
		13  0	-0.095
		14  0	0.735
		15  1	-2.428
		16  0	-0.017
		17  1	-1.573

node  3		 link	 weight	 bias -3.898
		1  1	0.143
		2  0	-0.394
		3  0	-0.3
		4  0	-0.235
		5  1	0.195
		6  1	-19.176
		7  1	-4.973
		8  1	0.306
		9  1	-0.235
		10  1	1.348
		12  0	0.077
		13  0	0.122
		14  0	-0.00300002
		15  1	-0.743
		16  0	0.449
		17  1	-5.241

node  4		 link	 weight	 bias -1.29
		1  0	0.126
		2  0	-0.472
		3  1	-2.821
		4  0	-0.685
		5  0	0.134
		6  1	-1.861
		7  0	-0.899
		8  1	-2.369
		9  0	0.113
		10  0	-0.246
		12  1	-8.393
		13  1	-12.198
		14  0	0.239
		15  0	0.783
		16  0	-0.331
		17  0	-0.559

node  5		 link	 weight	 bias -0.704
		1  0	1.489
		2  1	3.891
		3  1	3.957
		4  0	-0.414
		5  1	-0.422
		6  1	-4.511
		7  0	0.434
		8  1	4.645
		9  0	-0.632
		10  0	0.876
		12  1	-0.401
		13  1	2.43
		14  0	-0.452
		15  1	-0.549
		16  1	6.557
		17  0	0.974

node  6		 link	 weight	 bias 5.89
		1  0	0.967
		2  0	0.139
		3  0	-16.307
		4  1	0.263
		5  0	4.684
		6  1	-0.165
		7  1	1.783
		8  1	8.177
		9  0	0.924
		10  0	-0.469
		12  1	-1.519
		13  0	0.038
		14  0	-0.176
		15  0	-11.572
		16  1	9.117
		17  1	-6.173


 Layer 4

node  1		 link	 weight	 bias -2.857
		1  0	0.883
		2  0	-4.496
		3  1	-6.63
		4  1	1.112
		5  0	-18.737
		6  0	0.217
		7  1	-3.489
		8  1	-7.251
		9  0	0.383
		10  1	-6.333
		12  0	0.364
		13  0	-0.554
		14  1	-1.573
		15  0	-0.088
		16  0	0.468
		17  0	-0.396
		18  1	4.394
		19  0	0.163
		20  0	-0.821
		21  0	-0.355
		22  0	0.74
		23  0	0.613

node  2		 link	 weight	 bias -6.774
		1  1	-10.537
		2  1	-2.483
		3  0	0.896
		4  1	-3.913
		5  0	-0.699
		6  0	0.855
		7  0	-7.412
		8  1	-6.673
		9  0	-0.967
		10  0	-0.785
		12  0	-0.703
		13  1	-0.214
		14  0	-0.339
		15  0	-0.031
		16  0	-0.863
		17  0	-0.457
		18  1	1.236
		19  1	14.302
		20  1	-5.467
		21  1	0.86
		22  0	0.726
		23  0	-0.428

node  3		 link	 weight	 bias 0.981
		1  0	-0.587
		2  0	0.347
		3  0	-0.424
		4  0	-0.681
		5  0	0.387
		6  0	-0.349
		7  0	0.296
		8  1	2.173
		9  0	0.456
		10  0	-0.271
		12  0	-0.745
		13  0	-0.717
		14  0	0.677
		15  0	-0.796
		16  0	-3.172
		17  0	-0.844
		18  1	5.706
		19  0	0.693
		20  1	-4.203
		21  0	-0.316
		22  0	-0.79
		23  0	-0.022

node  4		 link	 weight	 bias -11.591
		1  0	-0.181
		2  0	-0.572
		3  1	4.17
		4  0	-0.522
		5  0	-0.176
		6  0	0.993
		7  1	-10.81
		8  0	0.505
		9  0	0.229
		10  1	-7.559
		12  1	5.073
		13  0	0.584
		14  0	12.052
		15  0	0.121
		16  0	0.98
		17  1	1.654
		18  0	0.649
		19  1	-3.886
		20  0	-0.537
		21  0	-0.762
		22  0	-0.94
		23  0	-0.228

node  5		 link	 weight	 bias -8.106
		1  1	-1.653
		2  0	0.762
		3  1	-12.144
		4  0	0.35
		5  0	-4.389
		6  0	0.745
		7  0	-0.96
		8  1	2.809
		9  1	3.17
		10  1	0.91
		12  0	0.341
		13  0	0.857
		14  0	0.357
		15  1	2.846
		16  0	-0.153
		17  0	-0.81
		18  1	-0.138
		19  0	0.855
		20  1	-3.393
		21  0	-7.097
		22  1	3.562
		23  0	0.636

node  6		 link	 weight	 bias -12.13
		1  1	1.45
		2  1	1.523
		3  1	-3.226
		4  0	-0.95
		5  0	-0.825
		6  0	-0.864
		7  0	0.2
		8  0	-0.373
		9  1	-13.99
		10  0	-0.681
		12  0	0.236
		13  0	0.849
		14  0	-0.103
		15  0	0.341
		16  1	-5.927
		17  0	-0.168
		18  1	-29.566
		19  0	-2.236
		20  0	-0.729
		21  1	-7.001
		22  1	-2.707
		23  1	0.938


 Layer 5

node  1		 link	 weight	 bias -2
		1  0	-0.645
		2  0	0.46
		3  0	0.653
		4  0	0.177
		5  0	0.576
		6  0	0.11
		7  0	0.931
		8  0	0.802
		9  0	-0.034
		10  0	-0.512
		12  0	0.198
		13  0	0.979
		14  0	-0.387
		15  0	0.385
		16  0	0.723
		17  0	0.72
		18  0	0.079
		19  0	-0.989
		20  0	0.559
		21  0	-0.242
		22  0	0.823
		23  0	0.222
		24  0	0.457
		25  0	-0.072
		26  1	0.473
		27  0	0.601
		28  0	0.326
		29  0	0.853


 Layer 2

node  1		 link	 weight	 bias -1.244
		1  1	-3.443
		2  1	-3.713
		3  0	0.492
		4  1	-14.776
		5  0	-0.111
		6  1	-5.852
		7  0	-0.462
		8  0	0.704
		9  0	-0.694
		10  0	0.573

node  2		 link	 weight	 bias 2.213
		1  1	-1.345
		2  0	0.915
		3  0	0.907
		4  1	-2.055
		5  1	-22.574
		6  0	-0.615
		7  0	0.311
		8  0	0.893
		9  0	5.803
		10  0	-0.427

node  3		 link	 weight	 bias 0.641
		1  0	-0.747
		2  0	-0.743
		3  0	0.977
		4  0	0.111
		5  0	-0.572
		6  0	0.453
		7  1	-1.309
		8  1	9.301
		9  0	-0.3
		10  1	-2.756

node  4		 link	 weight	 bias 1.178
		1  0	-0.758
		2  0	0.169
		3  0	2.516
		4  0	0.288
		5  0	-0.017
		6  0	-2.69
		7  0	0.142
		8  1	-11.712
		9  0	-0.574
		10  0	0.974

node  5		 link	 weight	 bias 5.468
		1  0	0.563
		2  0	-2.534
		3  1	-2.561
		4  0	0.0549999
		5  0	0.473
		6  0	0.914
		7  0	0.308
		8  0	-0.453
		9  0	-0.298
		10  0	0.994

node  6		 link	 weight	 bias 2.593
		1  0	-3.17
		2  0	0.998
		3  1	3.101
		4  0	-0.005
		5  0	-0.135
		6  0	-0.588
		7  1	0.993
		8  1	6.141
		9  1	5.747
		10  1	-0.897


 Layer 3

node  1		 link	 weight	 bias -1.194
		1  0	0.388
		2  0	-0.929
		3  0	0.772
		4  0	0.801
		5  1	2.049
		6  0	0.823
		7  0	-0.296
		8  0	0.467
		9  0	0.604
		10  0	-0.6
		12  1	-1.953
		13  0	-0.226
		14  0	0.569
		15  0	-0.494
		16  0	0.509
		17  1	0.647

node  2		 link	 weight	 bias 1.693
		1  0	0.663
		2  1	-6.369
		3  0	10.099
		4  0	0.136
		5  0	0.493
		6  0	0.0650001
		7  0	0.507
		8  0	0.046
		9  0	-0.72
		10  1	-1.677
		12  1	-1.857
		13  0	-2.683
		14  0	0.02
		15  0	-0.447
		16  1	-0.715
		17  0	-0.574

node  3		 link	 weight	 bias -4.324
		1  0	-0.269
		2  1	-7.771
		3  0	-5.22
		4  1	9.858
		5  0	-0.024
		6  1	2.482
		7  0	0.714
		8  1	2.65
		9  0	-0.147
		10  1	4.116
		12  1	-11.323
		13  0	0.42
		14  1	-11.403
		15  0	0.598
		16  0	0.952
		17  1	2.966

node  4		 link	 weight	 bias 3.67
		1  1	4.82
		2  0	0.92
		3  0	-0.418
		4  1	-2.64
		5  0	0.752
		6  0	-0.644
		7  0	-0.227
		8  0	0.635
		9  0	0.177
		10  0	-1.405
		12  1	-2.351
		13  1	-4.81
		14  1	6.14
		15  0	-0.7
		16  1	0.587
		17  0	-0.138

node  5		 link	 weight	 bias -15.347
		1  1	-14.326
		2  0	-0.637
		3  0	-0.66
		4  1	-3.248
		5  1	-0.741
		6  0	-0.861
		7  0	0.445
		8  0	-0.72
		9  0	-0.29
		10  0	0.067
		12  1	-17.079
		13  0	0.02
		14  0	-0.665
		15  0	-0.397
		16  0	0.867
		17  0	-0.391

node  6		 link	 weight	 bias 2.891
		1  0	-5.363
		2  0	-0.491
		3  0	0.282
		4  0	-0.952
		5  1	-5.066
		6  0	-0.208
		7  1	2.223
		8  0	-0.413
		9  1	-0.126
		10  1	-6.374
		12  1	-3.198
		13  0	-0.714
		14  0	-3.498
		15  0	0.922
		16  0	0.356
		17  0	-0.649


 Layer 4

node  1		 link	 weight	 bias -1.666
		1  0	0.848
		2  0	-0.555
		3  0	-0.168
		4  1	5.085
		5  1	-2.788
		6  0	-0.281
		7  0	0.608
		8  0	-0.645
		9  0	-0.699
		10  1	-2.804
		12  0	-0.067
		13  1	7.604
		14  0	0.435
		15  0	-0.299
		16  1	4.877
		17  1	-4.909
		18  1	-10.115
		19  1	4.323
		20  0	0.711
		21  0	-0.502
		22  0	-0.66
		23  1	-6.346

node  2		 link	 weight	 bias 0
		1  0	-0.756
		2  0	-0.422
		3  0	0.157
		4  0	-0.55
		5  0	0.784
		6  0	-0.938
		7  0	0.604
		8  1	1.929
		9  0	-0.015
		10  0	0.444
		12  0	-0.707
		13  0	0.533
		14  0	0.194
		15  0	0.844
		16  0	-0.929
		17  0	0.256
		18  1	0.548
		19  0	-0.806
		20  0	-0.342
		21  0	0.864
		22  0	0.623
		23  0	0.377

node  3		 link	 weight	 bias 1.136
		1  1	-16.928
		2  0	-0.944
		3  1	0.479
		4  0	0.622
		5  0	0.5
		6  0	-0.016
		7  0	0.297
		8  0	0.195
		9  1	1.419
		10  0	0.899
		12  0	-0.876
		13  0	0.884
		14  1	0.026
		15  0	1.739
		16  1	13.222
		17  1	1.712
		18  1	2.412
		19  0	0.366
		20  1	-2.865
		21  1	-3.091
		22  0	-0.808
		23  1	3.194

node  4		 link	 weight	 bias -2.027
		1  0	-0.279
		2  0	0.337
		3  0	-0.554
		4  0	-0.402
		5  1	-0.479
		6  0	-0.516
		7  1	0.998
		8  0	-0.557
		9  0	0.067
		10  0	-0.839
		12  1	0.391
		13  0	-0.717
		14  1	2.781
		15  0	-0.539
		16  0	-0.331
		17  1	0.128
		18  1	4.427
		19  0	0.974
		20  0	-0.678
		21  0	0.831
		22  0	0.372
		23  0	-0.489

node  5		 link	 weight	 bias -2.591
		1  1	4.108
		2  0	-0.687
		3  1	-12.507
		4  1	-10.515
		5  1	-2.815
		6  0	-9.649
		7  0	-0.261
		8  0	0.287
		9  1	-3.688
		10  0	0.42
		12  0	-1.812
		13  0	-0.052
		14  1	0.412
		15  1	3.289
		16  0	-0.404
		17  1	1.656
		18  0	-0.565
		19  1	-3.634
		20  0	0.453
		21  1	-5.779
		22  0	-0.944
		23  0	0.942

node  6		 link	 weight	 bias -8.158
		1  0	-5.83
		2  0	-0.354
		3  0	-0.064
		4  0	0.274
		5  0	-0.681
		6  1	3.192
		7  1	-20.095
		8  1	3.766
		9  0	0.959
		10  0	1.63
		12  1	-5.256
		13  1	1.252
		14  1	0.523
		15  0	-0.761
		16  1	-4.566
		17  1	2.151
		18  1	-1.201
		19  1	-2.864
		20  1	4.588
		21  0	0.931
		22  0	-0.516
		23  0	-0.427


 Layer 5

node  1		 link	 weight	 bias -0.408
		1  0	-0.732
		2  0	0.106
		3  0	-0.66
		4  0	-0.999
		5  1	0.249
		6  1	0.217
		7  0	0.352
		8  0	-0.566
		9  0	0.877
		10  0	0.637
		12  0	-0.524
		13  0	-0.16
		14  0	0.131
		15  0	0.582
		16  0	0.153
		17  0	-0.55
		18  0	0.794
		19  0	0.597
		20  0	-0.702
		21  0	-0.989
		22  0	-0.105
		23  0	0.0650001
		24  0	-0.435
		25  1	0.882
		26  0	-0.261
		27  1	1.152
		28  0	0.584
		29  0	0.656


 Layer 2

node  1		 link	 weight	 bias -2.153
		1  1	-0.238
		2  0	0.316
		3  0	0.606
		4  0	0.55
		5  0	0.305
		6  0	-0.953
		7  0	0.867
		8  0	-0.999
		9  0	0.573
		10  0	-0.114

node  2		 link	 weight	 bias 0.388
		1  0	1.53
		2  1	3.776
		3  0	-0.183
		4  1	-1.234
		5  0	-0.231
		6  1	1.861
		7  1	2.064
		8  0	-0.413
		9  1	-4.446
		10  0	-1.334

node  3		 link	 weight	 bias -3.403
		1  1	-16.02
		2  0	0.16
		3  1	-4.866
		4  0	-3.456
		5  0	-0.089
		6  1	-0.741
		7  1	-11.889
		8  0	-1.259
		9  1	0.696
		10  0	0.406

node  4		 link	 weight	 bias -3.273
		1  0	0.477
		2  0	-0.704
		3  1	1.418
		4  0	-5.938
		5  1	-9.222
		6  1	3.984
		7  0	-2.28
		8  0	0.485
		9  1	2.574
		10  1	0.0880001

node  5		 link	 weight	 bias -3.094
		1  0	0.161
		2  0	-0.782
		3  0	-9.565
		4  1	10.666
		5  1	3.805
		6  0	0.067
		7  0	0.666
		8  0	-0.452
		9  1	-5.609
		10  1	4.486

node  6		 link	 weight	 bias -10.793
		1  0	0.283
		2  0	0.254
		3  0	0.084
		4  1	-7.218
		5  0	0.022
		6  1	-7.208
		7  0	-0.408
		8  0	0.134
		9  0	-0.304
		10  1	3.176


 Layer 3

node  1		 link	 weight	 bias 0.999
		1  0	0.172
		2  0	-0.017
		3  0	0.556
		4  0	0.724
		5  0	-0.175
		6  1	-0.989
		7  0	-0.472
		8  1	3.629
		9  1	-0.04
		10  0	-5.94
		12  1	-1.819
		13  0	0.749
		14  1	-0.921
		15  0	-0.113
		16  0	0.358
		17  1	-1.269

node  2		 link	 weight	 bias -0.244
		1  0	0.333
		2  0	0.802
		3  0	-0.506
		4  1	-4.654
		5  0	5.03
		6  1	5.779
		7  0	0.882
		8  1	-11.884
		9  1	-11.982
		10  0	0.744
		12  0	-0.31
		13  1	3.318
		14  1	-1.709
		15  0	-2.633
		16  0	-0.152
		17  1	2.332

node  3		 link	 weight	 bias -0.821
		1  0	-0.613
		2  0	0.901
		3  0	0.371
		4  1	-7.014
		5  1	-5.134
		6  0	-0.791
		7  1	-1.589
		8  0	0.665
		9  1	-6.406
		10  0	0.744
		12  1	-6.243
		13  1	-5.324
		14  0	-0.747
		15  1	-0.773
		16  1	1.593
		17  1	1.42

node  4		 link	 weight	 bias 5.395
		1  1	-1.808
		2  0	-0.957
		3  1	-2.995
		4  0	5.943
		5  0	-8.398
		6  0	0.382
		7  1	-0.388
		8  1	-1.287
		9  1	-0.163
		10  1	-4.681
		12  0	0.325
		13  1	-9.906
		14  0	-0.977
		15  0	-0.106
		16  1	-11.755
		17  1	1.533

node  5		 link	 weight	 bias 6.127
		1  0	0.208
		2  1	2.121
		3  1	-2.439
		4  0	-0.248
		5  0	-0.852
		6  1	-2.928
		7  0	0.112
		8  1	-6.902
		9  1	-0.951
		10  0	1.067
		12  1	-16.46
		13  1	-12.735
		14  1	0.206
		15  0	-0.746
		16  0	-0.239
		17  0	0.107

node  6		 link	 weight	 bias 0.395
		1  1	-3.809
		2  0	-0.719
		3  1	-2.043
		4  0	-1.177
		5  0	0.467
		6  0	0.676
		7  1	-9.915
		8  1	-1.002
		9  0	0.89
		10  1	-3.031
		12  1	-3.54
		13  1	-3.028
		14  1	3.653
		15  1	-3.748
		16  1	-6.559
		17  1	-8.318


 Layer 4

node  1		 link	 weight	 bias 0.376
		1  1	-6.384
		2  0	2.673
		3  0	0.37
		4  0	-0.24
		5  0	0.531
		6  0	-0.983
		7  1	1.31
		8  1	-4.043
		9  0	-1.597
		10  0	-0.946
		12  1	-2.789
		13  0	0.984
		14  0	3.534
		15  0	-0.115
		16  0	0.739
		17  0	0.87
		18  1	0.792
		19  1	-0.587
		20  0	1.464
		21  0	-2.903
		22  0	0.952
		23  1	-0.837

node  2		 link	 weight	 bias -14.054
		1  1	-15.204
		2  0	0.303
		3  0	0.857
		4  1	-0.821
		5  0	-0.332
		6  0	-0.933
		7  0	0.036
		8  0	0.288
		9  0	-0.607
		10  1	-12.429
		12  0	-0.821
		13  1	-6.942
		14  1	-1.447
		15  0	0.46
		16  1	-11.553
		17  1	-9.84
		18  1	6.557
		19  0	-0.903
		20  1	-1.126
		21  0	-0.972
		22  1	-3.58
		23  1	3.591

node  3		 link	 weight	 bias 1.249
		1  0	-6.254
		2  1	-1.775
		3  1	-1.269
		4  0	0.465
		5  1	-1.133
		6  0	0.378
		7  0	-0.737
		8  1	-10.706
		9  0	3.705
		10  0	0.312
		12  1	7.054
		13  1	9.218
		14  1	-6.466
		15  0	0.936
		16  1	1.17
		17  1	-3.368
		18  1	-10.322
		19  0	0.0650001
		20  0	-0.934
		21  1	2.614
		22  1	-0.00100002
		23  0	0.262

node  4		 link	 weight	 bias 3.941
		1  1	-7.579
		2  0	-0.476
		3  0	-1.076
		4  0	-0.336
		5  0	-0.42
		6  1	-10.166
		7  1	-3.233
		8  0	-5.883
		9  1	0.069
		10  0	-2.367
		12  1	-0.415
		13  0	9.441
		14  0	1.522
		15  1	-3.905
		16  1	-4.177
		17  0	0.979
		18  0	0.626
		19  0	-0.024
		20  0	0.584
		21  0	-0.335
		22  1	-3.075
		23  0	0.852

node  5		 link	 weight	 bias -6.625
		1  0	0.548
		2  0	-10.358
		3  1	-0.0400001
		4  0	-0.448
		5  1	2.127
		6  1	2.336
		7  0	0.451
		8  0	-0.952
		9  0	0.539
		10  1	0.018
		12  1	-1.908
		13  0	-0.09
		14  0	-0.448
		15  0	-0.333
		16  0	-0.406
		17  0	0.113
		18  0	-0.697
		19  0	0.164
		20  0	0.508
		21  0	-0.663
		22  0	3.629
		23  0	-0.821

node  6		 link	 weight	 bias -1.955
		1  0	-9.935
		2  1	-2.128
		3  1	5.759
		4  0	-0.587
		5  0	-0.531
		6  1	-5.187
		7  1	-10.752
		8  0	-5.37
		9  1	-3.921
		10  1	-1.459
		12  1	-9.521
		13  0	-0.756
		14  1	2.265
		15  0	-2.337
		16  0	-12.51
		17  0	0.311
		18  0	0.986
		19  0	0.769
		20  0	3.985
		21  0	0.612
		22  0	0.43
		23  1	-8.49


 Layer 5

node  1		 link	 weight	 bias 0
		1  1	0.085
		2  0	0.156
		3  0	-0.792
		4  0	0.721
		5  0	-0.738
		6  0	0.429
		7  0	0.058
		8  0	-0.332
		9  0	0.692
		10  0	-0.843
		12  0	-0.636
		13  0	0.762
		14  0	0.973
		15  0	-0.827
		16  0	-0.939
		17  0	0.28
		18  1	-0.218
		19  0	-0.931
		20  0	0.727
		21  0	-0.184
		22  0	-0.361
		23  0	0.66
		24  0	0.304
		25  0	0.979
		26  0	-0.363
		27  0	-0.53
		28  0	-0.49
		29  0	-0.489
