
======================================================
Score	2.82148e+07
Z	-51.7781
alpha	-1.16062
betta	0.974416
gamma	-3.52504
Vx	-7.89344
Vy	20
Vz	20
engIng	1
cFuel	142
tfuel	0
======================================================

Initial Parametrs
rOa	{ 188 ; 70 ; -50 }

V	{ 10 ; 20 ; 20 }

w	{ -0.5 ; -0.5 ; -0.5 }

alpha	-0.35
betta	-0.35
gamma	-0.35
======================================================

 Layer 2

node  1		 link	 weight	 bias 0.0250001
		1  0	-0.274
		2  0	0.433
		3  0	-0.466
		4  0	-0.426
		5  0	0.183
		6  0	0.46
		7  0	0.441
		8  0	-0.49
		9  0	0.146
		10  0	-0.139

node  2		 link	 weight	 bias -1.824
		1  0	-0.38
		2  0	0.291
		3  0	0.095
		4  0	0.064
		5  0	-0.012
		6  0	0.18
		7  0	0.207
		8  0	-0.412
		9  1	-0.106
		10  0	0.084

node  3		 link	 weight	 bias -5.311
		1  0	0.423
		2  0	0.178
		3  0	-0.041
		4  0	-0.344
		5  0	0.236
		6  0	-0.468
		7  0	0.149
		8  0	0.157
		9  0	-0.435
		10  0	-0.204

node  4		 link	 weight	 bias 1.999
		1  0	0.331
		2  0	-0.29
		3  1	4.407
		4  0	-0.04
		5  0	-0.118
		6  0	-0.463
		7  0	-0.476
		8  0	-0.086
		9  0	-0.452
		10  1	2.426

node  5		 link	 weight	 bias -0.886
		1  0	1.931
		2  0	-0.271
		3  0	0.024
		4  0	0.1
		5  0	0.213
		6  0	0.028
		7  0	-0.4
		8  0	0.32
		9  0	0.098
		10  0	0.12

node  6		 link	 weight	 bias -1.003
		1  0	0.134
		2  0	-0.311
		3  0	-0.016
		4  0	-0.158
		5  0	-0.158
		6  0	0.019
		7  0	-0.192
		8  1	0.156
		9  0	0.482
		10  0	0.028

node  7		 link	 weight	 bias -2.058
		1  0	-0.257
		2  0	0.00300002
		3  0	-0.253
		4  0	0.045
		5  0	-0.221
		6  1	-2.477
		7  0	-0.262
		8  0	0.154
		9  0	-0.318
		10  0	0.415

node  8		 link	 weight	 bias 1.048
		1  1	0.031
		2  0	-0.194
		3  0	0.297
		4  0	-0.164
		5  0	-0.291
		6  1	0.193
		7  0	0.018
		8  0	0.407
		9  0	-0.053
		10  0	0.31


 Layer 3

node  1		 link	 weight	 bias 9.097
		1  0	-0.092
		2  0	-0.448
		3  1	-1.581
		4  0	0.488
		5  0	-0.141
		6  0	-0.398
		7  0	0.495
		8  0	-0.306
		9  0	-0.198
		10  0	0.064
		12  0	0.012
		13  0	0.213
		14  0	3.636
		15  0	-0.226
		16  0	-0.281
		17  0	-0.45
		18  0	0.106
		19  0	-0.005

node  2		 link	 weight	 bias 0.215
		1  0	0.102
		2  0	-0.081
		3  0	-0.497
		4  0	0.212
		5  0	-0.22
		6  0	-0.071
		7  0	-0.2
		8  0	-0.027
		9  0	0.157
		10  1	-2.793
		12  0	-0.326
		13  0	0.243
		14  1	-5.574
		15  0	0.181
		16  0	0.229
		17  0	0.449
		18  0	0.169
		19  0	-0.161

node  3		 link	 weight	 bias 4.68
		1  0	0.25
		2  0	-0.107
		3  0	0.048
		4  0	-0.276
		5  0	-0.272
		6  1	-5.844
		7  1	0.424
		8  0	-0.065
		9  1	0.673
		10  0	0.352
		12  0	-0.166
		13  0	-0.09
		14  0	0.282
		15  1	-1.516
		16  0	0.05
		17  0	0.164
		18  0	-0.455
		19  0	0.462

node  4		 link	 weight	 bias -2.777
		1  0	-0.224
		2  0	-0.091
		3  0	-0.19
		4  0	-0.095
		5  0	0.196
		6  0	0.285
		7  0	-0.067
		8  1	-4.757
		9  0	-0.397
		10  0	0.062
		12  0	-0.091
		13  0	-0.138
		14  0	0.401
		15  0	0.48
		16  1	-0.00300008
		17  0	-1.666
		18  0	0.369
		19  0	-0.388

node  5		 link	 weight	 bias 0
		1  0	0.094
		2  0	-0.072
		3  0	0.177
		4  0	0.186
		5  0	0.392
		6  0	-0.198
		7  0	0.157
		8  0	0.355
		9  0	-0.157
		10  0	0.207
		12  0	-0.365
		13  0	-0.424
		14  0	0.225
		15  0	-0.068
		16  0	0.044
		17  0	0.043
		18  0	0.119
		19  0	-0.089

node  6		 link	 weight	 bias -3.019
		1  0	-0.194
		2  0	0.483
		3  0	0.184
		4  0	0.214
		5  0	0.273
		6  1	4.944
		7  0	-0.307
		8  0	0.259
		9  0	-0.00600001
		10  0	0.292
		12  0	-0.252
		13  1	3.712
		14  0	0.318
		15  0	0.045
		16  0	0.412
		17  0	0.013
		18  0	-0.152
		19  0	-0.115

node  7		 link	 weight	 bias 0
		1  0	0.269
		2  0	-0.241
		3  0	-0.077
		4  0	-0.271
		5  0	-0.117
		6  0	0.447
		7  1	-2.1
		8  0	-0.277
		9  0	-0.258
		10  0	-0.267
		12  0	0.167
		13  0	0.418
		14  0	-0.186
		15  0	0.038
		16  0	0.1
		17  1	1.839
		18  0	0.014
		19  0	-0.157

node  8		 link	 weight	 bias 0
		1  1	-0.254
		2  0	-0.444
		3  0	-0.13
		4  0	0.455
		5  0	-0.242
		6  1	-0.156
		7  1	2.457
		8  0	-0.282
		9  0	-0.284
		10  0	-0.161
		12  0	-0.461
		13  0	0.412
		14  0	-0.332
		15  0	-0.226
		16  0	0.335
		17  0	-0.203
		18  1	-0.221
		19  0	-0.13


 Layer 4

node  1		 link	 weight	 bias -2.377
		1  1	-0.266
		2  0	0.082
		3  0	0.408
		4  0	0.106
		5  1	-0.058
		6  0	-0.371
		7  0	0.243
		8  0	-0.482
		9  0	-0.276
		10  0	-0.044
		12  0	0.072
		13  0	-0.153
		14  0	-0.405
		15  0	-0.318
		16  0	-0.199
		17  0	0.326
		18  0	-0.491
		19  1	1.212
		20  0	0.24
		21  0	0.14
		22  0	0.035
		23  0	-0.305
		24  1	3.446
		25  0	-0.242
		26  0	0.488
		27  0	-0.005


 Layer 2

node  1		 link	 weight	 bias 0.185
		1  0	0.118
		2  0	-2.895
		3  0	-0.242
		4  0	0.314
		5  0	0.205
		6  0	-0.414
		7  1	-5.732
		8  0	0.195
		9  1	-0.096
		10  0	-0.143

node  2		 link	 weight	 bias 1.174
		1  0	0.00800002
		2  0	0.067
		3  0	-0.346
		4  0	0.374
		5  0	0.454
		6  0	-0.305
		7  0	0.096
		8  0	-0.248
		9  0	-0.404
		10  0	-0.394

node  3		 link	 weight	 bias 1.66
		1  0	0.198
		2  0	-0.412
		3  0	-0.439
		4  0	0.18
		5  0	0.35
		6  1	-2.811
		7  0	0.34
		8  0	-0.027
		9  0	0.296
		10  0	0.089

node  4		 link	 weight	 bias -0.0500001
		1  0	-0.297
		2  0	-0.411
		3  0	-0.138
		4  0	0.388
		5  0	-0.037
		6  0	-0.421
		7  0	0.275
		8  0	0.452
		9  1	-0.403
		10  0	-0.453

node  5		 link	 weight	 bias -0.675
		1  1	-3.896
		2  0	-0.441
		3  1	-2.32
		4  0	-0.095
		5  0	-0.224
		6  0	-0.154
		7  0	-0.075
		8  0	-0.108
		9  0	-0.075
		10  0	-0.134

node  6		 link	 weight	 bias -0.167
		1  0	0.489
		2  0	0.296
		3  0	0.184
		4  0	-0.00400001
		5  0	0.083
		6  0	0.369
		7  0	-0.48
		8  0	-0.269
		9  0	0.064
		10  0	-0.329

node  7		 link	 weight	 bias -2.413
		1  0	-0.212
		2  0	-0.213
		3  0	0.467
		4  0	0.377
		5  1	-1.321
		6  1	-3.769
		7  0	0.22
		8  1	-0.436
		9  0	-0.409
		10  0	0.167

node  8		 link	 weight	 bias 0.241
		1  0	-0.12
		2  1	-1.641
		3  0	-0.453
		4  0	0.258
		5  0	-0.115
		6  0	0.028
		7  0	0.449
		8  0	-0.064
		9  0	-0.469
		10  0	0.116


 Layer 3

node  1		 link	 weight	 bias -3.825
		1  0	0.053
		2  0	-0.432
		3  0	-0.386
		4  0	0.056
		5  0	0.173
		6  0	0.112
		7  0	-0.197
		8  0	-0.093
		9  0	0.409
		10  0	-0.422
		12  0	-0.07
		13  0	-0.305
		14  1	0.119
		15  0	0.198
		16  0	0.127
		17  0	-0.064
		18  0	-0.224
		19  0	0.064

node  2		 link	 weight	 bias 1.472
		1  0	-0.043
		2  0	-0.137
		3  0	0.434
		4  0	0.175
		5  0	-0.45
		6  0	-0.492
		7  0	-0.317
		8  0	0.132
		9  0	-0.273
		10  0	-0.25
		12  0	0.126
		13  0	-0.457
		14  1	-0.283
		15  0	0.317
		16  0	-0.218
		17  0	-0.225
		18  0	-0.187
		19  0	0.035

node  3		 link	 weight	 bias 2.201
		1  0	0.491
		2  0	-0.376
		3  0	0.13
		4  1	-2.345
		5  0	0.181
		6  0	-0.39
		7  0	0.463
		8  0	0.408
		9  0	0.36
		10  0	-0.072
		12  0	0.269
		13  0	0.11
		14  0	0.335
		15  1	0.126
		16  0	-0.473
		17  1	3.644
		18  0	-0.335
		19  0	0.315

node  4		 link	 weight	 bias 1.747
		1  0	0.269
		2  0	0.148
		3  0	-0.077
		4  0	-0.421
		5  0	-0.059
		6  0	-0.421
		7  1	4.901
		8  0	-0.451
		9  0	-0.243
		10  0	0.109
		12  0	-0.489
		13  0	-0.019
		14  0	0.206
		15  0	-0.452
		16  0	0.311
		17  0	-0.481
		18  0	0.447
		19  1	1.859

node  5		 link	 weight	 bias 1.768
		1  0	-0.286
		2  0	-0.027
		3  0	-0.036
		4  0	0.33
		5  0	0.42
		6  0	-0.347
		7  0	0.119
		8  0	0.363
		9  0	-0.484
		10  0	-0.211
		12  0	-0.191
		13  0	0.12
		14  0	0.169
		15  0	-2.853
		16  0	-0.364
		17  0	0.253
		18  0	-0.355
		19  0	-0.19

node  6		 link	 weight	 bias -5.001
		1  0	-0.047
		2  1	-0.739
		3  0	-0.488
		4  0	-0.5
		5  0	0.429
		6  0	0.351
		7  0	0.07
		8  0	-0.239
		9  0	-0.488
		10  0	-0.394
		12  0	-0.349
		13  0	-0.29
		14  0	0.271
		15  0	0.341
		16  0	0.304
		17  1	4.216
		18  0	-0.421
		19  0	0.399

node  7		 link	 weight	 bias -1.216
		1  0	-0.157
		2  0	-0.221
		3  0	-0.201
		4  0	0.42
		5  0	-0.276
		6  0	0.068
		7  0	0.064
		8  0	-0.022
		9  1	2.26
		10  0	0.375
		12  0	0.405
		13  0	-0.273
		14  0	0.104
		15  0	0.141
		16  0	0.331
		17  0	-1.52
		18  0	-0.122
		19  0	0.029

node  8		 link	 weight	 bias 2.286
		1  0	-0.147
		2  0	0.387
		3  0	0.22
		4  0	0.26
		5  0	-0.027
		6  0	-0.406
		7  0	-0.782
		8  1	1.721
		9  0	0.184
		10  0	-0.323
		12  0	-0.358
		13  1	-1.643
		14  1	2.633
		15  0	0.438
		16  0	0.138
		17  0	2.237
		18  1	2.617
		19  0	0.021


 Layer 4

node  1		 link	 weight	 bias -0.651
		1  0	-0.044
		2  0	0.443
		3  0	-0.314
		4  1	-0.457
		5  0	0.105
		6  0	0.469
		7  0	-0.442
		8  0	0.153
		9  1	-1.044
		10  0	0.32
		12  0	0.145
		13  0	-0.028
		14  1	-0.113
		15  0	-0.025
		16  0	-0.474
		17  0	0.032
		18  1	0.884
		19  0	-0.406
		20  0	0.404
		21  0	0.232
		22  0	-0.335
		23  1	1.867
		24  0	0.091
		25  0	-0.232
		26  0	-0.066
		27  1	-0.685


 Layer 2

node  1		 link	 weight	 bias 0.914
		1  1	1.519
		2  0	-0.141
		3  0	0.305
		4  0	0.155
		5  0	0.473
		6  0	0.078
		7  1	11.725
		8  1	-1.673
		9  0	0.479
		10  1	-7.863

node  2		 link	 weight	 bias 0
		1  0	-0.419
		2  0	-0.369
		3  0	-0.136
		4  0	-0.049
		5  0	-0.395
		6  0	-0.378
		7  1	0.147
		8  0	-0.053
		9  0	-0.344
		10  0	-0.338

node  3		 link	 weight	 bias -0.636
		1  0	-0.187
		2  0	0.076
		3  0	0.443
		4  0	0.00700003
		5  0	0.354
		6  0	-0.449
		7  0	0.407
		8  0	-0.277
		9  0	-0.465
		10  0	0.442

node  4		 link	 weight	 bias 2.434
		1  0	-0.335
		2  1	2.607
		3  0	0.334
		4  1	-0.808
		5  0	0.042
		6  0	0.116
		7  1	1.795
		8  0	0.248
		9  0	-0.464
		10  0	-0.226

node  5		 link	 weight	 bias 0.154
		1  0	0.074
		2  0	-0.224
		3  0	0.37
		4  0	0.025
		5  0	0.144
		6  0	0.338
		7  0	-0.457
		8  0	-0.065
		9  0	-0.229
		10  0	-0.019

node  6		 link	 weight	 bias -1.818
		1  0	0.18
		2  0	-0.238
		3  0	0.109
		4  0	0.245
		5  0	0.326
		6  0	-0.174
		7  0	0.334
		8  0	-0.499
		9  0	-0.164
		10  0	-0.291

node  7		 link	 weight	 bias 1.738
		1  0	0.461
		2  0	-0.046
		3  0	-0.088
		4  0	-0.404
		5  0	-0.325
		6  0	-0.247
		7  0	-0.424
		8  0	-0.216
		9  0	-0.32
		10  0	-0.072

node  8		 link	 weight	 bias -2.625
		1  0	0.396
		2  0	0.1
		3  0	0.042
		4  0	0.476
		5  1	-1.994
		6  1	-2.27
		7  0	-0.309
		8  0	0.00400001
		9  1	7.066
		10  0	0.303


 Layer 3

node  1		 link	 weight	 bias 0.459
		1  0	0.415
		2  0	0.101
		3  0	0.44
		4  0	0.401
		5  1	0.155
		6  0	-0.359
		7  0	0.199
		8  0	-0.228
		9  0	0.035
		10  0	-0.035
		12  0	0.167
		13  0	-0.259
		14  0	0.113
		15  0	-0.298
		16  0	0.23
		17  0	-0.101
		18  0	-0.413
		19  0	0.223

node  2		 link	 weight	 bias 1.688
		1  0	-0.3
		2  0	-0.307
		3  1	1.186
		4  0	-0.158
		5  0	-0.276
		6  0	0.383
		7  0	-0.475
		8  0	-0.134
		9  0	-0.245
		10  0	-0.053
		12  0	-0.308
		13  0	0.185
		14  0	-0.283
		15  1	2.346
		16  0	0.233
		17  1	0.657
		18  0	-0.46
		19  0	-0.125

node  3		 link	 weight	 bias 2.669
		1  0	0.038
		2  0	-0.015
		3  0	0.167
		4  1	1.019
		5  1	-0.044
		6  0	-0.169
		7  0	-0.085
		8  0	-0.138
		9  0	-0.157
		10  0	-0.038
		12  0	0.301
		13  0	-0.439
		14  0	-0.242
		15  0	0.199
		16  1	0.637
		17  0	0.32
		18  0	0.078
		19  0	-0.029

node  4		 link	 weight	 bias -1.569
		1  0	-0.297
		2  0	0.337
		3  0	0.495
		4  0	0.223
		5  0	-0.09
		6  0	0.032
		7  0	0.261
		8  0	0.364
		9  0	-0.139
		10  0	0.49
		12  0	0.452
		13  0	0.289
		14  0	-0.352
		15  0	0.168
		16  0	-0.262
		17  0	0.175
		18  0	-0.496
		19  1	-3.051

node  5		 link	 weight	 bias 0
		1  0	0.329
		2  0	-0.306
		3  0	0.277
		4  0	0.267
		5  0	-0.00799999
		6  0	-0.398
		7  0	0.282
		8  0	0.285
		9  0	0.35
		10  0	0.012
		12  1	-1.879
		13  0	0.012
		14  0	0.146
		15  0	-0.358
		16  0	-0.335
		17  0	0.296
		18  1	-1.672
		19  1	3.622

node  6		 link	 weight	 bias 0.00300002
		1  0	-0.284
		2  0	0.425
		3  0	-0.216
		4  0	-0.007
		5  1	1.336
		6  0	0.119
		7  0	-0.348
		8  0	0.045
		9  0	0.138
		10  0	0.15
		12  0	-0.431
		13  0	0.496
		14  0	-0.072
		15  1	0.073
		16  0	0.374
		17  0	0.303
		18  0	0.119
		19  0	-0.215

node  7		 link	 weight	 bias -0.226
		1  1	6.927
		2  0	-0.224
		3  0	0.107
		4  0	-0.227
		5  0	0.405
		6  0	0.09
		7  0	-0.181
		8  0	0.441
		9  0	-0.24
		10  0	0.067
		12  0	-0.475
		13  0	0.445
		14  0	-0.499
		15  0	-0.315
		16  1	7.074
		17  0	0.177
		18  0	0.128
		19  0	-0.229

node  8		 link	 weight	 bias 0
		1  0	-0.269
		2  0	-0.147
		3  0	0.021
		4  0	0.188
		5  0	0.102
		6  1	2.54
		7  0	0.095
		8  1	0.491
		9  0	-0.168
		10  0	-0.121
		12  1	0.119
		13  0	0.125
		14  0	-0.221
		15  0	0.428
		16  0	-0.284
		17  0	-0.262
		18  0	0.107
		19  1	-5.656


 Layer 4

node  1		 link	 weight	 bias 0
		1  0	0.487
		2  0	-0.121
		3  0	0.191
		4  0	-0.292
		5  0	-0.416
		6  0	0.387
		7  0	-0.211
		8  1	1.501
		9  0	0.225
		10  0	0.369
		12  0	0.423
		13  1	15.596
		14  0	-0.389
		15  0	0.402
		16  0	0.138
		17  0	-0.38
		18  0	-0.26
		19  0	-0.361
		20  0	0.458
		21  0	-0.051
		22  0	-0.014
		23  1	0.187
		24  0	-0.252
		25  0	-0.17
		26  0	-0.26
		27  1	0.605


 Layer 2

node  1		 link	 weight	 bias 0.336
		1  0	0.436
		2  1	-1.545
		3  0	0.068
		4  1	-3.637
		5  0	-0.26
		6  0	0.188
		7  0	0.326
		8  0	-0.337
		9  0	0.137
		10  0	-0.028

node  2		 link	 weight	 bias -0.55
		1  0	-0.339
		2  0	-0.021
		3  0	0.313
		4  0	-0.109
		5  0	0.249
		6  0	0.105
		7  0	-0.337
		8  0	-0.153
		9  0	-0.217
		10  0	-0.457

node  3		 link	 weight	 bias -1.528
		1  0	0.202
		2  1	0.306
		3  0	-0.048
		4  0	0.321
		5  0	-0.161
		6  0	0.145
		7  0	0.269
		8  0	-0.252
		9  1	-0.159
		10  0	-0.418

node  4		 link	 weight	 bias -2.433
		1  0	0.278
		2  0	-0.248
		3  0	-0.404
		4  0	0.047
		5  0	0.00700003
		6  0	0.179
		7  0	0.477
		8  0	0.244
		9  0	0.494
		10  0	0.342

node  5		 link	 weight	 bias 0
		1  0	-0.14
		2  0	-0.397
		3  0	-0.052
		4  0	0.355
		5  0	0.153
		6  0	-0.341
		7  0	-0.266
		8  0	-0.196
		9  0	-0.197
		10  0	-0.139

node  6		 link	 weight	 bias -1.133
		1  0	0.427
		2  0	0.224
		3  0	-0.436
		4  0	-0.049
		5  0	-0.363
		6  0	0.229
		7  0	0.146
		8  0	0.381
		9  1	0.12
		10  0	0.442

node  7		 link	 weight	 bias 0.89
		1  1	1.175
		2  0	0.031
		3  0	-0.044
		4  0	0.344
		5  0	-0.286
		6  0	0.152
		7  0	-0.092
		8  0	-0.392
		9  0	0.071
		10  0	0.216

node  8		 link	 weight	 bias -1.372
		1  1	5.131
		2  0	-0.12
		3  0	-0.432
		4  0	-0.038
		5  0	-0.218
		6  1	3.003
		7  1	0.376
		8  0	-0.275
		9  0	-0.238
		10  0	2.285


 Layer 3

node  1		 link	 weight	 bias -0.3
		1  0	-0.333
		2  0	-0.204
		3  0	-0.057
		4  0	0.288
		5  0	0.452
		6  0	-0.289
		7  0	0.00800002
		8  1	-1.534
		9  0	0.316
		10  0	-0.306
		12  0	-0.121
		13  0	0.448
		14  1	-0.397
		15  0	0.24
		16  0	-0.183
		17  0	0.377
		18  0	-0.108
		19  0	0.164

node  2		 link	 weight	 bias 5.596
		1  0	0.04
		2  0	0.118
		3  0	0.268
		4  1	-3.091
		5  0	0.221
		6  1	-0.407
		7  0	-0.49
		8  0	-0.424
		9  0	0.013
		10  1	4.882
		12  0	-0.392
		13  0	0.149
		14  0	-0.092
		15  1	-0.454
		16  0	-0.473
		17  0	0.00700003
		18  0	0.065
		19  0	-0.151

node  3		 link	 weight	 bias 0.605
		1  0	0.201
		2  0	-0.233
		3  0	-0.02
		4  1	-1.564
		5  0	0.193
		6  0	0.059
		7  0	0.492
		8  0	0.00800002
		9  1	-3.49
		10  0	0.475
		12  0	-0.36
		13  0	0.261
		14  0	-0.235
		15  0	0.34
		16  0	-0.133
		17  0	-0.405
		18  0	-0.185
		19  1	-0.303

node  4		 link	 weight	 bias -1.054
		1  0	0.392
		2  0	-0.152
		3  1	0.32
		4  0	-0.392
		5  0	0.344
		6  0	-0.026
		7  0	0.351
		8  0	0.465
		9  0	-0.138
		10  1	0.733
		12  0	-0.248
		13  0	-0.134
		14  1	0.473
		15  0	-0.331
		16  0	-0.09
		17  0	0.00599998
		18  0	-0.295
		19  0	0.333

node  5		 link	 weight	 bias 0
		1  0	0.366
		2  0	0.119
		3  0	-0.247
		4  1	-6.484
		5  0	-0.025
		6  0	0.254
		7  0	0.233
		8  0	0.136
		9  0	0.193
		10  0	0.313
		12  0	0.349
		13  0	-0.052
		14  0	0.019
		15  0	-0.059
		16  1	-5.554
		17  0	-0.331
		18  0	-0.379
		19  0	-0.488

node  6		 link	 weight	 bias -2.147
		1  0	0.108
		2  0	-0.019
		3  1	-4.861
		4  0	0.474
		5  0	-0.035
		6  0	0.239
		7  1	-0.299
		8  1	5.194
		9  0	0.485
		10  0	0.249
		12  0	0.178
		13  0	-0.174
		14  0	0.443
		15  0	-0.242
		16  0	-0.453
		17  1	-3.08
		18  1	-0.0630002
		19  0	0.168

node  7		 link	 weight	 bias -3.591
		1  0	0.066
		2  0	-0.301
		3  0	0.474
		4  0	-0.313
		5  0	0.143
		6  0	-0.221
		7  1	0.985
		8  1	-1.599
		9  0	-0.459
		10  0	0.151
		12  0	-0.329
		13  0	-0.012
		14  0	0.00999999
		15  1	-2.456
		16  0	-2.554
		17  0	-0.476
		18  0	-0.114
		19  0	0.413

node  8		 link	 weight	 bias 0
		1  0	-0.035
		2  0	-0.414
		3  0	0.136
		4  0	0.016
		5  0	0.115
		6  0	0.378
		7  0	-0.423
		8  0	0.19
		9  0	0.415
		10  0	-0.302
		12  1	-2.735
		13  0	-5.241
		14  0	0.264
		15  1	-5.654
		16  0	-0.236
		17  0	-0.099
		18  0	-0.222
		19  0	0.023


 Layer 4

node  1		 link	 weight	 bias 0.688
		1  1	0.839
		2  0	-0.146
		3  0	-0.252
		4  0	0.497
		5  0	0.444
		6  0	-0.34
		7  0	-0.234
		8  0	0.334
		9  0	0.119
		10  0	-0.156
		12  0	-0.206
		13  0	0.157
		14  0	0.47
		15  0	-0.142
		16  0	0.417
		17  0	0.235
		18  0	-0.472
		19  0	-0.044
		20  0	-0.495
		21  0	0.026
		22  0	-0.35
		23  0	0.439
		24  0	0.112
		25  0	0.00199997
		26  0	0.122
		27  0	0.28
