
======================================================
Score	4.9389e+13
Z	-53.4604
alpha	-0.574
betta	-0.202288
gamma	-0.574
Vx	5.60513
Vy	20
Vz	20
engIng	1
cFuel	22
tfuel	0
======================================================

Initial Parametrs
rOa	{ 86 ; 34 ; -50 }

V	{ 10 ; 20 ; 20 }

w	{ -0.5 ; -0.5 ; -0.5 }

alpha	-0.35
betta	-0.35
gamma	-0.35
======================================================

 Layer 2

node  1		 link	 weight	 bias 0
		1  0	0.475
		2  0	-0.355
		3  0	-0.141
		4  0	-0.337
		5  0	0.493
		6  0	0.302
		7  0	0.38
		8  0	-0.272
		9  0	0.328
		10  0	-0.259

node  2		 link	 weight	 bias -1.641
		1  0	-0.193
		2  1	-5.423
		3  0	-0.393
		4  0	-0.057
		5  0	-0.225
		6  0	-0.354
		7  0	-0.132
		8  0	-0.42
		9  0	-0.482
		10  0	0.022

node  3		 link	 weight	 bias 2.93
		1  0	0.43
		2  0	-0.467
		3  0	-0.027
		4  0	-0.348
		5  0	-0.184
		6  0	0.364
		7  0	0.249
		8  0	0.411
		9  1	-2.493
		10  0	0.078

node  4		 link	 weight	 bias -0.822
		1  0	-0.399
		2  0	0.155
		3  0	-0.0370001
		4  1	0.049
		5  0	0.118
		6  1	-2.954
		7  0	0.199
		8  0	-0.467
		9  0	-0.371
		10  0	-0.278

node  5		 link	 weight	 bias 0
		1  0	-0.297
		2  0	-0.469
		3  0	0.275
		4  0	0.339
		5  0	0.496
		6  1	-1.879
		7  1	0.00400001
		8  0	0.259
		9  0	-0.455
		10  0	-0.311

node  6		 link	 weight	 bias 1.351
		1  0	-0.427
		2  0	-0.41
		3  0	0.349
		4  0	-0.167
		5  0	-0.252
		6  0	-0.118
		7  0	-0.385
		8  0	0.084
		9  0	0.363
		10  0	-0.377

node  7		 link	 weight	 bias 2.006
		1  0	-0.368
		2  0	-0.056
		3  0	0.459
		4  0	-0.278
		5  0	0.414
		6  0	-0.294
		7  1	1.313
		8  0	-0.026
		9  0	0.426
		10  0	0.00800002

node  8		 link	 weight	 bias 0.525
		1  0	0.263
		2  0	-0.086
		3  0	0.483
		4  0	0.242
		5  0	-0.195
		6  0	0.024
		7  0	-0.039
		8  0	0.274
		9  0	-0.184
		10  0	0.422


 Layer 3

node  1		 link	 weight	 bias -1.61
		1  0	-0.128
		2  1	-1.041
		3  0	-0.447
		4  0	0.314
		5  0	-0.245
		6  0	-5.454
		7  0	0.099
		8  0	-0.472
		9  0	0.367
		10  1	6.034
		12  1	0.0640001
		13  0	0.334
		14  0	-0.222
		15  0	-0.36
		16  0	-0.138
		17  0	-0.343
		18  0	-0.405
		19  0	-0.361

node  2		 link	 weight	 bias -1.023
		1  0	-0.176
		2  0	-0.244
		3  0	0.259
		4  0	0.241
		5  0	-0.045
		6  0	0.486
		7  0	0.435
		8  0	0.455
		9  0	0.109
		10  1	-0.407
		12  1	-0.232
		13  0	0.05
		14  0	0.025
		15  0	-0.474
		16  0	0.136
		17  0	-0.113
		18  0	-0.486
		19  0	0.416

node  3		 link	 weight	 bias 2.209
		1  0	0.077
		2  0	0.248
		3  0	-0.059
		4  0	0.294
		5  0	-0.131
		6  0	-0.00600001
		7  0	-0.172
		8  0	-0.057
		9  0	-0.225
		10  0	0.184
		12  0	0.493
		13  0	0.395
		14  0	-0.441
		15  0	0.077
		16  1	3.591
		17  0	0.488
		18  0	0.177
		19  0	0.415

node  4		 link	 weight	 bias -2.627
		1  0	-0.245
		2  0	-0.234
		3  0	0.00800002
		4  0	0.404
		5  0	-0.205
		6  0	-0.349
		7  0	0.296
		8  1	-0.644
		9  0	0.072
		10  0	0.246
		12  1	2.767
		13  0	-0.033
		14  0	-0.168
		15  0	0.139
		16  0	0.247
		17  0	-5.277
		18  1	-4.474
		19  0	-0.352

node  5		 link	 weight	 bias 1.958
		1  0	0.216
		2  0	-0.464
		3  0	-0.222
		4  0	0.322
		5  0	-0.217
		6  1	-0.458
		7  0	-0.084
		8  0	0.138
		9  0	0.436
		10  0	0.051
		12  0	0.096
		13  0	-0.448
		14  0	0.401
		15  0	-0.093
		16  0	0.265
		17  1	2.924
		18  0	0.166
		19  0	0.405

node  6		 link	 weight	 bias 0.648
		1  0	0.367
		2  0	-0.131
		3  0	-0.398
		4  0	0.198
		5  0	-0.108
		6  0	0.46
		7  0	0.134
		8  0	-0.484
		9  0	-0.017
		10  0	0.408
		12  0	-0.442
		13  0	0.005
		14  0	0.317
		15  0	0.183
		16  0	-0.108
		17  0	0.164
		18  1	-1.732
		19  0	0.468

node  7		 link	 weight	 bias -0.958
		1  0	-0.336
		2  1	-6.655
		3  1	9.051
		4  0	0.316
		5  0	-0.272
		6  0	0.356
		7  0	-0.257
		8  0	0.487
		9  1	4.779
		10  0	-0.454
		12  0	-0.07
		13  0	-0.044
		14  0	0.147
		15  0	-0.161
		16  0	-0.484
		17  0	-0.037
		18  0	-0.105
		19  0	0.00599998

node  8		 link	 weight	 bias 0
		1  0	0.108
		2  0	-0.472
		3  1	0.412
		4  1	-0.245
		5  0	-0.232
		6  0	-0.371
		7  0	0.191
		8  1	-3.323
		9  0	0.42
		10  0	-0.288
		12  1	1.417
		13  0	0.483
		14  0	0.109
		15  0	0.393
		16  0	-0.132
		17  0	0.169
		18  1	-2.041
		19  0	-0.587


 Layer 4

node  1		 link	 weight	 bias -0.534
		1  1	-0.217
		2  0	0.263
		3  0	0.344
		4  0	0.492
		5  1	-9.131
		6  0	0.276
		7  0	-0.182
		8  0	0.11
		9  0	0.277
		10  0	-0.461
		12  0	0.455
		13  0	0.223
		14  0	-0.355
		15  0	0.1
		16  0	-0.038
		17  0	-0.255
		18  0	0.472
		19  1	1.481
		20  0	0.398
		21  0	0.02
		22  0	-0.98
		23  0	0.221
		24  0	0.468
		25  1	4.729
		26  0	0.022
		27  0	0.029


 Layer 2

node  1		 link	 weight	 bias -1.584
		1  1	-5.165
		2  1	-7.373
		3  1	-0.702
		4  1	2.388
		5  0	-0.201
		6  0	-0.023
		7  0	0.145
		8  1	-1.178
		9  0	0.437
		10  1	1.193

node  2		 link	 weight	 bias -1.499
		1  0	-0.358
		2  0	0.155
		3  0	-0.339
		4  0	-0.234
		5  0	0.063
		6  0	0.442
		7  0	0.333
		8  0	0.138
		9  0	-0.15
		10  0	0.485

node  3		 link	 weight	 bias 0
		1  0	-0.152
		2  0	0.472
		3  0	0.00999999
		4  1	-4.987
		5  0	0.00599998
		6  0	-0.474
		7  0	-0.332
		8  0	0.279
		9  0	0.051
		10  0	-0.307

node  4		 link	 weight	 bias 1.953
		1  0	-0.112
		2  0	-0.394
		3  0	0.192
		4  0	0.169
		5  0	0.244
		6  0	-0.312
		7  0	0.432
		8  0	-0.386
		9  1	-0.0329999
		10  0	-0.484

node  5		 link	 weight	 bias 2.243
		1  0	0.151
		2  0	-0.243
		3  0	0.283
		4  0	-0.398
		5  0	0.246
		6  0	0.266
		7  0	0.225
		8  0	-0.18
		9  0	-0.254
		10  0	-0.283

node  6		 link	 weight	 bias -0.942
		1  0	-0.214
		2  0	0.216
		3  1	-1.941
		4  0	0.36
		5  0	0.419
		6  0	-0.315
		7  0	0.101
		8  0	-0.014
		9  0	0.218
		10  0	0.38

node  7		 link	 weight	 bias 2.079
		1  0	0.142
		2  0	0.198
		3  0	0.199
		4  0	-0.497
		5  0	0.287
		6  0	-0.013
		7  0	0.079
		8  1	-4.013
		9  0	-0.077
		10  0	-0.441

node  8		 link	 weight	 bias -0.594
		1  1	-0.063
		2  0	0.471
		3  1	0.0839999
		4  0	0.279
		5  0	0.091
		6  1	-3.408
		7  0	0.033
		8  1	0.0199998
		9  0	0.131
		10  0	0.069


 Layer 3

node  1		 link	 weight	 bias -1.964
		1  0	-0.403
		2  1	3.631
		3  0	-0.128
		4  0	-0.499
		5  1	-0.196
		6  0	0.385
		7  0	-0.424
		8  0	0.133
		9  1	-1.375
		10  0	0.107
		12  1	-1.8
		13  0	-0.148
		14  0	0.255
		15  0	0.314
		16  0	0.225
		17  0	0.394
		18  0	-0.174
		19  1	-1.123

node  2		 link	 weight	 bias -1.015
		1  0	0.219
		2  0	-0.466
		3  0	0.33
		4  0	-0.228
		5  0	0.409
		6  0	0.196
		7  0	0.04
		8  1	-8.848
		9  0	-0.287
		10  1	-5.1
		12  0	0.303
		13  1	-0.246
		14  1	3.094
		15  0	0.268
		16  0	-0.00600001
		17  0	-0.031
		18  0	-0.117
		19  0	-0.278

node  3		 link	 weight	 bias 2.26
		1  0	0.372
		2  0	-0.415
		3  1	0.024
		4  0	-0.36
		5  1	-1.893
		6  0	0.491
		7  0	0.358
		8  0	-0.272
		9  1	-0.889
		10  0	0.206
		12  0	-0.144
		13  0	-0.493
		14  0	0.339
		15  0	0.00400001
		16  0	-0.407
		17  0	-0.378
		18  0	0.205
		19  0	0.049

node  4		 link	 weight	 bias 1.044
		1  1	-6.183
		2  0	0.216
		3  0	-0.164
		4  0	0.465
		5  0	-0.233
		6  0	0.231
		7  1	-0.241
		8  0	0.387
		9  0	0.403
		10  0	-0.332
		12  0	0.171
		13  0	-0.3
		14  0	-0.125
		15  1	6.86
		16  0	-0.161
		17  0	0.251
		18  0	0.313
		19  0	-0.215

node  5		 link	 weight	 bias -5.613
		1  0	-0.285
		2  0	-0.273
		3  0	0.014
		4  1	3.761
		5  0	-0.033
		6  0	-0.14
		7  0	-0.368
		8  0	-0.118
		9  0	0.294
		10  0	0.025
		12  0	-0.487
		13  0	-0.252
		14  0	-0.14
		15  0	0.363
		16  1	-0.381
		17  0	0.169
		18  1	0.393
		19  1	-3.227

node  6		 link	 weight	 bias -3.758
		1  1	0.89
		2  1	-0.703
		3  0	0.311
		4  0	-0.286
		5  1	0.0230002
		6  1	-2.669
		7  0	-0.294
		8  0	0.145
		9  0	-0.19
		10  0	-0.168
		12  0	-0.182
		13  1	0.376
		14  0	0.184
		15  0	0.134
		16  0	-0.105
		17  0	0.461
		18  0	-0.117
		19  0	-0.332

node  7		 link	 weight	 bias -2.256
		1  0	-0.016
		2  0	-0.344
		3  0	0.095
		4  0	-0.161
		5  0	-0.32
		6  1	0.015
		7  0	0.438
		8  1	-0.02
		9  0	-0.263
		10  0	-0.26
		12  0	0.48
		13  0	-0.018
		14  0	-0.076
		15  0	0.281
		16  0	0.174
		17  0	-0.157
		18  0	0.381
		19  0	0.113

node  8		 link	 weight	 bias -1.076
		1  0	-0.491
		2  1	-3.128
		3  0	-0.083
		4  1	-2.566
		5  0	-0.136
		6  0	0.328
		7  0	0.109
		8  0	-0.121
		9  0	-0.102
		10  0	-0.203
		12  0	0.353
		13  0	-0.28
		14  0	0.087
		15  0	0.468
		16  0	-0.256
		17  0	-2.176
		18  0	0.226
		19  0	-0.408


 Layer 4

node  1		 link	 weight	 bias -2.657
		1  0	-0.37
		2  0	0.301
		3  0	-0.02
		4  1	0.689
		5  0	-0.245
		6  0	0.087
		7  0	0.404
		8  0	0.183
		9  1	0.518
		10  0	-0.432
		12  1	-3.661
		13  0	-0.112
		14  0	0.174
		15  0	0.017
		16  1	-3.414
		17  0	0.19
		18  0	0.266
		19  1	-0.474
		20  0	0.374
		21  0	0.135
		22  0	0.212
		23  0	-0.224
		24  0	0.00800002
		25  0	0.493
		26  1	-1.387
		27  0	0.447


 Layer 2

node  1		 link	 weight	 bias 0.258
		1  0	0.045
		2  1	1.077
		3  0	0.358
		4  0	0.317
		5  0	-0.377
		6  0	0.000999987
		7  0	-0.09
		8  0	-0.027
		9  0	-0.36
		10  0	0.065

node  2		 link	 weight	 bias 1.42
		1  0	0.213
		2  0	0.475
		3  0	0.14
		4  0	0.092
		5  0	0.172
		6  0	0.00199997
		7  1	-3.106
		8  0	-0.172
		9  0	-0.349
		10  0	-0.129

node  3		 link	 weight	 bias 2.421
		1  1	2.482
		2  0	0.727
		3  0	0.335
		4  0	-0.021
		5  1	-0.693001
		6  0	-0.461
		7  0	0.273
		8  0	0.334
		9  0	0.147
		10  0	-0.105

node  4		 link	 weight	 bias 0
		1  1	2.791
		2  0	0.264
		3  0	-0.081
		4  0	-0.451
		5  1	-4.839
		6  0	0.132
		7  0	-0.123
		8  0	0.425
		9  0	0.263
		10  0	-0.437

node  5		 link	 weight	 bias -1.95
		1  0	0.273
		2  0	0.212
		3  0	-0.016
		4  0	-0.264
		5  0	0.015
		6  0	0.271
		7  0	0.016
		8  0	-0.287
		9  0	-0.42
		10  0	-0.442

node  6		 link	 weight	 bias 0
		1  0	-0.492
		2  0	-0.324
		3  0	-0.131
		4  0	-0.028
		5  0	0.063
		6  1	-2.662
		7  0	-0.196
		8  0	-0.456
		9  0	-0.411
		10  0	0.3

node  7		 link	 weight	 bias 7.154
		1  0	-0.474
		2  0	-0.079
		3  0	-0.282
		4  0	-0.428
		5  0	0.174
		6  0	-0.425
		7  0	-0.184
		8  0	-0.258
		9  0	-0.44
		10  0	0.444

node  8		 link	 weight	 bias -0.778
		1  0	-0.087
		2  0	-0.363
		3  1	5.872
		4  0	-0.457
		5  0	-0.373
		6  0	-0.445
		7  0	-0.079
		8  0	0.46
		9  0	-0.341
		10  0	0.139


 Layer 3

node  1		 link	 weight	 bias -1.457
		1  0	-0.424
		2  0	-0.244
		3  0	0.091
		4  0	0.071
		5  0	-0.336
		6  1	0.59
		7  0	0.47
		8  0	0.176
		9  1	2.858
		10  0	-0.371
		12  0	-0.399
		13  1	1.014
		14  1	2.794
		15  1	0.258
		16  0	-0.103
		17  0	0.351
		18  0	-0.18
		19  0	-0.242

node  2		 link	 weight	 bias -1.732
		1  0	-0.108
		2  0	-0.137
		3  1	1.642
		4  1	-3.645
		5  0	-0.077
		6  0	-0.349
		7  1	-1.754
		8  0	-0.059
		9  1	-0.429
		10  1	-3.737
		12  0	0.023
		13  0	0.132
		14  0	-0.021
		15  0	0.383
		16  0	-0.228
		17  0	0.199
		18  1	-5.01
		19  0	-0.304

node  3		 link	 weight	 bias 0.0899999
		1  1	1.699
		2  0	0.016
		3  0	0.458
		4  1	-0.182
		5  0	-0.255
		6  0	-0.465
		7  0	0.054
		8  0	0.403
		9  0	-0.474
		10  0	-0.485
		12  0	-0.476
		13  0	-0.373
		14  0	-0.444
		15  0	0.279
		16  0	0.28
		17  0	-0.005
		18  0	-0.493
		19  0	-0.209

node  4		 link	 weight	 bias 1.893
		1  1	-0.7
		2  0	0.081
		3  0	-0.118
		4  0	0.179
		5  0	0.419
		6  0	-0.165
		7  0	0.052
		8  0	0.00700003
		9  0	-0.367
		10  0	0.027
		12  1	-3.702
		13  0	0.376
		14  1	-4.873
		15  0	0.106
		16  0	0.258
		17  0	0.177
		18  0	-0.113
		19  1	0.195

node  5		 link	 weight	 bias -7.127
		1  0	0.346
		2  0	-0.29
		3  0	-0.081
		4  0	-0.49
		5  0	-0.024
		6  0	-0.279
		7  1	-3.658
		8  1	-0.0840001
		9  0	-0.291
		10  0	-0.085
		12  0	0.281
		13  0	-0.375
		14  1	-5.514
		15  0	0.161
		16  0	0.012
		17  0	-0.424
		18  0	0.221
		19  0	0.218

node  6		 link	 weight	 bias -2.137
		1  0	0.271
		2  0	0.318
		3  1	-3.038
		4  1	2.55
		5  0	-0.052
		6  0	-0.283
		7  0	0.276
		8  1	-5.392
		9  1	-3.289
		10  0	0.061
		12  0	-0.395
		13  0	0.278
		14  0	0.392
		15  0	-0.044
		16  1	4.568
		17  0	0.265
		18  0	-0.232
		19  1	1.945

node  7		 link	 weight	 bias 1.623
		1  0	-0.387
		2  0	-0.403
		3  0	-0.345
		4  0	0.179
		5  0	-0.056
		6  0	-0.182
		7  0	-0.202
		8  0	-0.266
		9  0	0.092
		10  0	-0.256
		12  0	0.327
		13  0	-0.554
		14  1	0.865
		15  0	0.491
		16  0	0.366
		17  0	0.122
		18  0	0.389
		19  1	-0.974

node  8		 link	 weight	 bias -0.769
		1  0	-0.426
		2  0	0.399
		3  1	-0.339
		4  0	-0.41
		5  0	0.309
		6  0	0.267
		7  0	-0.213
		8  0	0.219
		9  0	0.084
		10  1	-2.264
		12  0	-0.149
		13  0	0.265
		14  0	-0.148
		15  0	0.492
		16  0	-0.131
		17  0	0.183
		18  0	0.199
		19  0	-0.357


 Layer 4

node  1		 link	 weight	 bias -0.342
		1  0	0.353
		2  0	0.417
		3  0	-0.494
		4  0	0.331
		5  0	-0.061
		6  0	0.422
		7  1	0.406
		8  1	1.149
		9  0	-0.464
		10  0	-0.063
		12  0	-0.261
		13  1	-0.186
		14  0	0.429
		15  0	0.476
		16  0	0.416
		17  1	-0.53
		18  1	-0.026
		19  0	-0.127
		20  0	-0.42
		21  0	-0.191
		22  0	-0.379
		23  0	0.212
		24  0	-0.128
		25  0	0.184
		26  0	-0.307
		27  0	-0.369


 Layer 2

node  1		 link	 weight	 bias 2.2
		1  0	1.099
		2  0	0.116
		3  0	0.048
		4  0	0.275
		5  0	0.467
		6  0	0.272
		7  1	2.624
		8  0	0.402
		9  1	0.984
		10  1	-1.543

node  2		 link	 weight	 bias 9.965
		1  0	-0.011
		2  0	-0.21
		3  0	0.706
		4  0	0.09
		5  0	0.148
		6  0	0.037
		7  0	-0.019
		8  0	0.159
		9  1	4.94
		10  0	-0.441

node  3		 link	 weight	 bias 0.218
		1  0	0.066
		2  1	-1.866
		3  1	-0.38
		4  0	0.067
		5  0	0.358
		6  0	-0.301
		7  0	0.037
		8  0	0.484
		9  0	0.367
		10  0	0.392

node  4		 link	 weight	 bias 1.002
		1  0	-0.287
		2  1	-3.221
		3  1	-1.589
		4  1	-0.196
		5  1	8.946
		6  0	0.449
		7  0	-0.374
		8  1	-1.047
		9  0	0.23
		10  0	0.00400001

node  5		 link	 weight	 bias 0
		1  0	0.063
		2  0	0.439
		3  1	5.368
		4  1	-3.118
		5  0	0.42
		6  0	0.038
		7  0	-0.47
		8  0	-0.149
		9  0	0.442
		10  1	6.844

node  6		 link	 weight	 bias 7.039
		1  0	-0.226
		2  0	0.399
		3  0	0.367
		4  0	-0.121
		5  0	0.198
		6  0	-0.34
		7  1	0.516
		8  1	0.18
		9  0	0.111
		10  0	-0.443

node  7		 link	 weight	 bias 0.944
		1  0	0.116
		2  0	0.419
		3  0	0.114
		4  0	0.43
		5  1	4.02
		6  0	-0.419
		7  0	-0.127
		8  0	0.118
		9  0	-0.017
		10  1	-0.244

node  8		 link	 weight	 bias -2.19
		1  0	-0.019
		2  1	4.244
		3  1	1.376
		4  0	-0.00799999
		5  0	-0.382
		6  0	0.482
		7  0	-0.409
		8  0	0.176
		9  0	0.306
		10  0	0.449


 Layer 3

node  1		 link	 weight	 bias 0
		1  0	-0.281
		2  0	-0.428
		3  0	-0.19
		4  1	1.271
		5  1	-3.264
		6  1	2.762
		7  0	-0.352
		8  1	0.386
		9  0	0.123
		10  0	0.238
		12  0	1.141
		13  1	-0.184
		14  0	0.356
		15  0	0.216
		16  1	1.286
		17  0	-0.088
		18  0	0.338
		19  0	-0.182

node  2		 link	 weight	 bias -1.912
		1  0	0.381
		2  0	-0.3
		3  1	-10.696
		4  0	0.454
		5  1	-1.535
		6  0	0.49
		7  0	-0.141
		8  0	0.178
		9  0	0.221
		10  0	-0.219
		12  0	0.195
		13  0	-0.248
		14  0	0.332
		15  0	-0.398
		16  1	-3.098
		17  0	-0.26
		18  1	0.41
		19  0	-0.093

node  3		 link	 weight	 bias -1.663
		1  0	0
		2  0	0.271
		3  0	0.456
		4  0	-0.163
		5  0	0.155
		6  1	3.328
		7  1	-0.285
		8  0	-0.002
		9  0	0.04
		10  0	-0.056
		12  0	0.143
		13  0	0.005
		14  0	0.265
		15  0	0.00300002
		16  0	0.13
		17  0	-0.493
		18  0	-0.397
		19  0	-0.019

node  4		 link	 weight	 bias -2.954
		1  0	-0.036
		2  0	-0.368
		3  1	1.619
		4  1	-0.705
		5  0	-0.383
		6  0	-0.021
		7  0	-0.412
		8  1	-8.883
		9  1	0.0930001
		10  0	0.148
		12  0	-0.184
		13  0	0.058
		14  0	0.022
		15  0	0.306
		16  0	0.41
		17  0	-0.291
		18  0	0.367
		19  1	-3.664

node  5		 link	 weight	 bias -0.658
		1  0	-0.327
		2  0	0.028
		3  1	-0.484
		4  0	0.028
		5  0	-0.255
		6  1	-3.957
		7  1	-2.298
		8  0	0.045
		9  0	0.479
		10  1	-0.105
		12  0	-0.134
		13  0	-0.211
		14  0	1.706
		15  0	0.354
		16  0	-0.444
		17  0	0.179
		18  0	-0.109
		19  0	-0.483

node  6		 link	 weight	 bias -1.36
		1  0	-0.251
		2  1	-0.569
		3  0	0.132
		4  0	-0.275
		5  0	0.289
		6  1	-0.647
		7  0	0.342
		8  0	-0.168
		9  0	-0.385
		10  0	-0.299
		12  1	-3.217
		13  0	0.458
		14  0	-0.343
		15  1	-4.659
		16  0	-0.249
		17  0	0.302
		18  0	0.102
		19  0	-0.209

node  7		 link	 weight	 bias 0.341
		1  0	0.093
		2  0	0.272
		3  0	-0.197
		4  0	0.388
		5  0	0.192
		6  0	-0.244
		7  0	-0.16
		8  0	0.367
		9  0	0.429
		10  0	0.233
		12  1	-1.748
		13  1	-0.545
		14  0	-0.308
		15  1	-2.89
		16  0	0.099
		17  0	0.172
		18  0	-0.331
		19  0	-0.335

node  8		 link	 weight	 bias -0.03
		1  0	-0.199
		2  0	-0.056
		3  0	0.174
		4  0	0.397
		5  0	-0.171
		6  0	-0.207
		7  0	0.219
		8  0	0.081
		9  0	-0.061
		10  0	0.203
		12  0	-0.378
		13  0	-0.017
		14  1	-2.271
		15  0	-0.438
		16  0	-0.177
		17  0	0.153
		18  0	-0.39
		19  0	-0.092


 Layer 4

node  1		 link	 weight	 bias 0
		1  1	0.0739999
		2  0	0.247
		3  0	0.118
		4  0	0.352
		5  0	-0.284
		6  1	0.546
		7  0	0.239
		8  0	-0.097
		9  0	0.036
		10  0	-0.081
		12  0	0.394
		13  0	0.402
		14  0	0.362
		15  0	0.183
		16  0	0.336
		17  0	0.415
		18  0	0.422
		19  0	0.089
		20  1	0.504
		21  1	0.181
		22  0	-0.371
		23  0	0.114
		24  1	0.109
		25  0	-0.341
		26  0	0.154
		27  0	-0.102
