
======================================================
Score	1.1353e+09
Z	-48.6319
alpha	1.48326
betta	-0.886625
gamma	-0.992349
Vx	-11.3465
Vy	19.98
Vz	19.89
engIng	1
cFuel	13
tfuel	0
======================================================

Initial Parametrs
rOa	{ 0 ; 0 ; -50.5 }

V	{ 10 ; 19.98 ; 19.89 }

w	{ -0.4944 ; -0.4955 ; -0.495 }

alpha	-0.34606
betta	-0.34752
gamma	-0.34335
======================================================

 Layer 2

node  1		 link	 weight	 bias -21.838
		1  1	-17.192
		2  0	-25.83
		3  0	7.08
		4  0	-9.495
		5  0	-4.75
		6  0	-12.411
		7  0	6.021
		8  1	-12.227
		9  0	-8.393
		10  0	5.333

node  2		 link	 weight	 bias -16.195
		1  1	-9.424
		2  1	-11.515
		3  1	-8.32
		4  1	-5.101
		5  0	4.022
		6  1	-26.704
		7  0	6.806
		8  0	3.313
		9  1	-6.19
		10  0	-6.123

node  3		 link	 weight	 bias -15.435
		1  0	-0.244
		2  1	-13.116
		3  0	-8.063
		4  0	-18.264
		5  1	6.003
		6  1	-10.051
		7  1	-8.852
		8  1	7.187
		9  0	-12.27
		10  1	-15.222

node  4		 link	 weight	 bias -7.89
		1  1	1.818
		2  1	-8.099
		3  0	-9.936
		4  1	1.057
		5  1	-17.614
		6  0	-12.713
		7  0	6.173
		8  1	-21.104
		9  0	-5.241
		10  0	-3.398

node  5		 link	 weight	 bias -21.563
		1  0	-6.247
		2  0	-0.835
		3  1	-1.253
		4  1	7.781
		5  0	-1.973
		6  1	-14.787
		7  1	-5.631
		8  1	-6.828
		9  1	-25.117
		10  1	-5.319

node  6		 link	 weight	 bias -13.138
		1  0	2.437
		2  1	-6.754
		3  1	1.799
		4  0	-17.222
		5  1	-13.664
		6  0	-3.595
		7  1	-16.377
		8  1	7.151
		9  1	-3.741
		10  1	-19.641


 Layer 3

node  1		 link	 weight	 bias -39.804
		1  1	-9.656
		2  1	-13.681
		3  0	-26.95
		4  1	-17.341
		5  0	-23.713
		6  1	-1.129
		7  0	8.499
		8  0	-4.998
		9  1	3.996
		10  0	-59.297
		12  0	0.645
		13  1	-3.946
		14  1	-2.258
		15  1	-1.314
		16  1	-17.887
		17  1	-17.744

node  2		 link	 weight	 bias -34.17
		1  1	-6.189
		2  0	-2.168
		3  1	3.993
		4  1	-18.742
		5  1	-14.682
		6  0	3.639
		7  1	-11.865
		8  0	-11.493
		9  0	-21.372
		10  1	-2.091
		12  0	-11.794
		13  1	3.042
		14  1	-4.881
		15  1	-17.124
		16  0	-4.135
		17  0	4.641

node  3		 link	 weight	 bias -11.446
		1  1	7.315
		2  0	-17.6
		3  1	1.592
		4  1	-13.14
		5  1	6.117
		6  1	6.36
		7  1	-24.977
		8  0	-11.899
		9  0	11.328
		10  0	-8.8
		12  0	0.366
		13  0	-10.143
		14  1	14.67
		15  0	-8.174
		16  1	-7.902
		17  1	-13.712

node  4		 link	 weight	 bias -15.932
		1  1	-17.097
		2  0	-18.917
		3  0	-1.531
		4  0	-12.775
		5  1	-81.266
		6  1	-2.378
		7  0	18.913
		8  1	11.615
		9  1	-3.787
		10  0	1.639
		12  1	-22.177
		13  0	0.271
		14  0	-5.257
		15  1	-3.81
		16  0	-33.471
		17  0	-23.121

node  5		 link	 weight	 bias -1.952
		1  0	-10.032
		2  1	-2.281
		3  1	-14.732
		4  0	-3.741
		5  1	17.62
		6  0	0.445
		7  0	-4.824
		8  0	8.172
		9  0	-6.995
		10  1	-20.253
		12  0	-14.901
		13  0	2.616
		14  1	-22.699
		15  1	-6.12
		16  0	-6.068
		17  1	-15.197

node  6		 link	 weight	 bias -7.572
		1  1	15.007
		2  1	-18.826
		3  0	-4.996
		4  0	-14.622
		5  1	0.82
		6  0	-26.742
		7  1	-27.015
		8  1	-4.682
		9  1	-3.275
		10  0	-16.292
		12  1	-19.839
		13  1	4.196
		14  0	2.775
		15  1	-1.314
		16  0	4.047
		17  1	-12.207


 Layer 4

node  1		 link	 weight	 bias 2.998
		1  1	-19.153
		2  1	-17.163
		3  1	-17.962
		4  0	-22.54
		5  0	-20.308
		6  1	-13.143
		7  1	-44.314
		8  1	-9.136
		9  0	9.585
		10  0	-36.356
		12  1	-8.151
		13  0	-12.016
		14  1	-8.756
		15  0	-6.975
		16  0	-20.691
		17  1	-15.474
		18  1	-16.729
		19  1	9.029
		20  1	-0.777
		21  1	-10.143
		22  1	-6.709
		23  1	-31.687

node  2		 link	 weight	 bias 13.3
		1  0	2.188
		2  0	-7.81
		3  0	-0.428
		4  0	0.251
		5  0	3.307
		6  0	-14.872
		7  1	-7.854
		8  1	3.822
		9  1	1.559
		10  1	-16.7
		12  1	-29.752
		13  0	-2.392
		14  1	-0.594
		15  0	-12.12
		16  1	-5.862
		17  0	-0.755
		18  0	0.612
		19  0	-15.453
		20  1	14.424
		21  0	-0.165
		22  0	-17.214
		23  1	-3.476

node  3		 link	 weight	 bias -13.995
		1  0	10.141
		2  1	17.524
		3  1	-0.343
		4  1	-1.476
		5  1	-11.901
		6  0	-12.835
		7  1	-37.806
		8  0	-3.859
		9  1	-12.408
		10  0	-13.387
		12  0	0.688
		13  0	-14.851
		14  1	-22.065
		15  0	2.213
		16  1	0.687
		17  1	-5.493
		18  1	-3.054
		19  1	-45.991
		20  1	-6.779
		21  1	-46.761
		22  0	1.148
		23  0	-6.155

node  4		 link	 weight	 bias -19.119
		1  0	-17.677
		2  1	-3.201
		3  0	-3.761
		4  1	-5.292
		5  0	-0.825
		6  1	-2.101
		7  0	-29.291
		8  1	2.302
		9  1	-15.836
		10  0	-0.565
		12  0	3.05
		13  0	3.59
		14  1	-4.245
		15  0	-32.1
		16  1	2.486
		17  0	-22.885
		18  0	-8.99
		19  0	4.631
		20  1	-5.577
		21  1	9.807
		22  1	-3.098
		23  0	-0.614

node  5		 link	 weight	 bias -15.057
		1  1	-14.2
		2  0	4.609
		3  0	-5.529
		4  1	4.371
		5  0	-21.298
		6  1	4.712
		7  1	2.639
		8  0	6.993
		9  0	-0.362
		10  0	-18.426
		12  1	-29.006
		13  0	4.702
		14  0	10.33
		15  0	0.25
		16  1	-3.412
		17  1	-25.158
		18  0	-18.367
		19  0	-13.145
		20  0	-6.89
		21  1	-8.857
		22  0	-32.113
		23  0	24.374

node  6		 link	 weight	 bias -36.129
		1  0	-0.086
		2  1	-20.73
		3  0	-9.532
		4  1	-23.637
		5  1	1.936
		6  0	-7.499
		7  0	-17.812
		8  1	8.945
		9  0	6.412
		10  1	1.489
		12  0	0.493
		13  0	-2.332
		14  0	-37.14
		15  1	-13.991
		16  1	5.969
		17  0	0.986
		18  0	-5.384
		19  0	1.193
		20  0	-28.565
		21  1	-26.526
		22  1	-7.608
		23  1	-4.234


 Layer 5

node  1		 link	 weight	 bias -1.382
		1  0	-0.299
		2  0	0.742
		3  0	-0.71
		4  0	0.15
		5  0	-0.26
		6  0	-0.05
		7  0	0.142
		8  0	0.059
		9  1	-0.768
		10  0	-0.285
		12  0	0.0700001
		13  0	-0.732
		14  0	-6.329
		15  0	-0.342
		16  0	0.839
		17  0	0.386
		18  0	0.335
		19  0	-0.323
		20  0	0.495
		21  0	-0.726
		22  0	0.824
		23  0	0.609
		24  0	-0.425
		25  1	-1.417
		26  0	0.041
		27  0	-0.809
		28  0	0.641
		29  0	0.423


 Layer 2

node  1		 link	 weight	 bias -19.828
		1  0	-22.461
		2  1	-4.302
		3  1	5.146
		4  1	-15.601
		5  1	6.484
		6  0	-3.051
		7  1	-35.009
		8  0	-0.502
		9  0	-0.711
		10  1	-20.077

node  2		 link	 weight	 bias 3.736
		1  0	0.673
		2  0	-0.929
		3  0	-2.774
		4  1	-2.158
		5  0	0.498
		6  0	-0.229
		7  0	-0.791
		8  0	0.0319999
		9  1	2.78
		10  0	1.898

node  3		 link	 weight	 bias -5.668
		1  0	0.213
		2  1	-9.385
		3  1	-12.982
		4  0	-6.168
		5  1	-37.794
		6  0	-8.069
		7  1	22.785
		8  1	-20.323
		9  1	-13.014
		10  0	0.33

node  4		 link	 weight	 bias 17.406
		1  1	-1.989
		2  1	-4.29
		3  1	4.329
		4  1	23.82
		5  1	19.628
		6  0	-17
		7  1	2.153
		8  1	-19.264
		9  1	-30.258
		10  1	-31.79

node  5		 link	 weight	 bias -27.911
		1  1	18.021
		2  1	11.153
		3  0	-10.172
		4  0	-30.485
		5  0	13.283
		6  1	-10.424
		7  1	17.021
		8  1	-14.462
		9  0	-5.061
		10  1	2.637

node  6		 link	 weight	 bias -17.133
		1  1	-21.496
		2  1	-7.626
		3  1	6.854
		4  1	-1.686
		5  1	22.824
		6  0	-15.77
		7  0	-16.472
		8  1	-14.863
		9  0	-17.213
		10  1	-2.793


 Layer 3

node  1		 link	 weight	 bias -0.124
		1  1	-16.93
		2  1	1.439
		3  1	1.741
		4  1	-5.468
		5  1	3.887
		6  1	-4.151
		7  1	-24.001
		8  1	-17.153
		9  0	-29.107
		10  0	-2.897
		12  1	-24.669
		13  0	-13.264
		14  0	-3.267
		15  0	-0.897
		16  0	-8.844
		17  1	-2.559

node  2		 link	 weight	 bias -14.769
		1  1	5.295
		2  0	0.28
		3  1	-3.056
		4  1	-9.849
		5  0	2.07
		6  1	14.467
		7  0	-3.026
		8  0	-17.679
		9  1	-11.996
		10  0	0.929
		12  0	-0.845
		13  0	-10.388
		14  1	-13.083
		15  0	-8.925
		16  1	-9.439
		17  1	-7.985

node  3		 link	 weight	 bias -2.792
		1  0	9.841
		2  1	0.195
		3  1	-9.214
		4  0	22.179
		5  0	0.957
		6  1	-19.987
		7  1	-8.044
		8  0	0.959
		9  0	-8.854
		10  1	-5.921
		12  1	4.478
		13  1	-15.273
		14  0	-5.694
		15  0	-3.171
		16  1	-7.191
		17  1	-10.748

node  4		 link	 weight	 bias -28.583
		1  1	0.112
		2  1	-11.877
		3  1	-14.112
		4  1	-5.192
		5  1	-8.258
		6  1	2.255
		7  1	6.695
		8  1	-2.503
		9  1	-4.558
		10  0	-11.919
		12  1	-4.778
		13  0	5.869
		14  1	8.321
		15  1	-13.773
		16  0	0.031
		17  1	-9.608

node  5		 link	 weight	 bias -0.009
		1  1	-18.396
		2  1	-8.104
		3  1	9.85
		4  1	-19.28
		5  0	-0.74
		6  0	-1.566
		7  0	-7.981
		8  1	-30.861
		9  1	-34.328
		10  1	23.796
		12  1	-28.835
		13  0	7.332
		14  1	5.534
		15  1	-6.172
		16  0	-2.572
		17  0	11.454

node  6		 link	 weight	 bias -1.255
		1  1	-20.096
		2  1	6.556
		3  1	9.669
		4  0	9.086
		5  0	-12.352
		6  0	1.728
		7  0	15.161
		8  1	15.651
		9  1	-15.538
		10  0	-1.303
		12  1	-32.319
		13  0	-3.172
		14  1	6.904
		15  0	-6.328
		16  1	-5.211
		17  1	1.572


 Layer 4

node  1		 link	 weight	 bias -16.783
		1  1	0.283
		2  1	-11.978
		3  0	-0.684
		4  1	12.761
		5  0	-1.508
		6  0	-21.627
		7  0	-2.014
		8  0	-9.235
		9  1	35.194
		10  1	-25.551
		12  1	-22.716
		13  0	-15.688
		14  1	5.477
		15  1	-23.167
		16  1	-24.138
		17  0	-13.095
		18  1	10.465
		19  1	-2.086
		20  1	25.118
		21  1	-3.62
		22  0	-9.236
		23  0	4.946

node  2		 link	 weight	 bias -39.975
		1  0	-26.594
		2  1	9.205
		3  0	-3.066
		4  1	-24.364
		5  1	-24.822
		6  0	0.843
		7  0	-16.619
		8  0	-6.372
		9  1	3.129
		10  1	20.548
		12  0	-29.714
		13  0	1.646
		14  0	12.532
		15  1	5.743
		16  1	11.562
		17  1	-29.033
		18  1	-19.43
		19  0	-7.156
		20  1	-14.955
		21  1	15.885
		22  1	-21.591
		23  1	-18.273

node  3		 link	 weight	 bias -6.106
		1  0	-0.635
		2  0	-7.884
		3  1	-15.953
		4  0	-9.606
		5  1	-7.353
		6  1	-10.089
		7  1	-0.361
		8  1	-5.371
		9  0	-22.732
		10  1	-13.883
		12  0	0.924
		13  1	-9.622
		14  1	-13.612
		15  0	-3.629
		16  0	-22.985
		17  1	12.239
		18  1	9.303
		19  1	20.405
		20  0	4.085
		21  0	0.596
		22  0	-0.336
		23  0	-0.817

node  4		 link	 weight	 bias -16.065
		1  1	1.075
		2  0	7.329
		3  0	-9.519
		4  0	-5.921
		5  0	-5.495
		6  1	-23.631
		7  0	0.278
		8  0	-13.648
		9  0	-5.464
		10  0	1.034
		12  0	-21.928
		13  0	10.77
		14  1	-3.939
		15  0	6.289
		16  0	-4.116
		17  0	-29.29
		18  0	-12.851
		19  0	4.223
		20  1	-15.106
		21  0	-9.031
		22  0	-8.257
		23  1	-30.965

node  5		 link	 weight	 bias -15.37
		1  0	-17.834
		2  1	11.536
		3  1	-16.206
		4  0	-9.473
		5  0	-39.581
		6  0	-25.244
		7  0	-18.748
		8  1	-14.338
		9  0	-15.685
		10  0	-13.907
		12  1	-18.25
		13  0	-1.153
		14  1	2.291
		15  0	-6.445
		16  0	-2.116
		17  0	11.251
		18  1	-15.579
		19  0	8.918
		20  1	6.882
		21  1	-6.321
		22  1	-8.447
		23  0	12.147

node  6		 link	 weight	 bias -41.752
		1  0	-13.37
		2  1	-1.681
		3  0	-2.332
		4  0	-3.245
		5  0	4.492
		6  1	-0.241
		7  0	14.795
		8  1	-2.419
		9  1	4.019
		10  1	-20.622
		12  0	-13.862
		13  0	-24.316
		14  0	-27.599
		15  0	-1.673
		16  0	3.256
		17  0	-13.765
		18  1	-29.78
		19  1	1.408
		20  0	0.068
		21  0	6.24
		22  0	2.351
		23  1	24.445


 Layer 5

node  1		 link	 weight	 bias -2.994
		1  0	-0.952
		2  0	0.569
		3  0	-0.424
		4  1	8.093
		5  1	-1.889
		6  1	0.419
		7  0	0.259
		8  0	-0.402
		9  0	0.276
		10  1	-0.333
		12  1	-1.809
		13  1	-4.091
		14  0	-0.393
		15  1	1.074
		16  0	-0.384
		17  0	-0.461
		18  0	0.572
		19  0	0.856
		20  0	0.395
		21  1	-4.795
		22  1	0.594
		23  0	0.783
		24  0	-0.269
		25  1	-2.271
		26  0	0.7
		27  0	0.635
		28  0	-0.695
		29  0	-0.483


 Layer 2

node  1		 link	 weight	 bias 8.464
		1  0	0.609
		2  1	-16.933
		3  1	7.181
		4  0	0.646
		5  0	0.892
		6  1	2.005
		7  1	-8.595
		8  0	-1.624
		9  1	-11.433
		10  0	-0.187

node  2		 link	 weight	 bias 3.372
		1  1	-20.381
		2  0	2.745
		3  0	3.841
		4  0	-6.411
		5  1	-9.95
		6  1	3.386
		7  0	-16.903
		8  1	-4.736
		9  1	-43.073
		10  0	-2.756

node  3		 link	 weight	 bias 8.814
		1  1	-6.169
		2  0	2.871
		3  0	-0.243
		4  1	-23.582
		5  0	-12.549
		6  1	2.113
		7  1	-43.617
		8  1	12.223
		9  0	14.363
		10  1	-12.362

node  4		 link	 weight	 bias -6.884
		1  0	-19.032
		2  0	0.786
		3  0	0.122
		4  1	-23.583
		5  1	-3.204
		6  1	-31.325
		7  1	-5.695
		8  0	-2.624
		9  0	15.058
		10  0	-0.91

node  5		 link	 weight	 bias -9.407
		1  0	-14.205
		2  0	-14.208
		3  1	-28.155
		4  0	-2.113
		5  1	-3.451
		6  0	-1.42
		7  0	4.868
		8  1	-8.207
		9  1	-29.642
		10  0	7.39

node  6		 link	 weight	 bias -7.056
		1  0	-7.064
		2  0	-2.94
		3  0	-19.467
		4  1	-21.908
		5  0	-18.349
		6  1	1.889
		7  0	-11.838
		8  0	0.686
		9  0	-5.212
		10  1	-30.461


 Layer 3

node  1		 link	 weight	 bias 0.361
		1  0	0.976
		2  0	-0.893
		3  0	0.61
		4  0	-0.575
		5  1	-7.034
		6  0	0.8
		7  0	0.383
		8  1	-0.015
		9  0	-0.703
		10  0	-0.714
		12  1	1.079
		13  1	-0.202
		14  1	-0.378
		15  1	-0.529
		16  0	-0.725
		17  0	-0.761

node  2		 link	 weight	 bias 2.214
		1  0	-14.089
		2  1	-10.909
		3  1	-5.263
		4  0	-12.716
		5  0	3.229
		6  0	3.619
		7  0	-9.381
		8  1	-12.291
		9  1	-4.343
		10  0	-0.702
		12  1	-12.063
		13  1	-23.581
		14  0	-7.579
		15  0	-19.562
		16  0	-12.07
		17  0	18.902

node  3		 link	 weight	 bias 13.495
		1  0	-3.59
		2  1	-26.786
		3  0	-4.383
		4  0	1.129
		5  1	-9.202
		6  1	-7.171
		7  1	-4.481
		8  0	-7.541
		9  1	6.801
		10  0	-1.451
		12  1	-18.968
		13  0	-0.975
		14  1	7.123
		15  0	-10.576
		16  1	11.684
		17  1	-27.009

node  4		 link	 weight	 bias -28.547
		1  0	-22.425
		2  1	-42.76
		3  0	-6.762
		4  0	-6.463
		5  1	-31.318
		6  0	-9.662
		7  0	-13.332
		8  1	-21.516
		9  0	4.194
		10  1	-7.756
		12  0	-13.823
		13  0	-5.991
		14  0	-10.013
		15  1	-12.876
		16  0	-6.342
		17  1	6.537

node  5		 link	 weight	 bias -22.289
		1  0	-10.561
		2  0	-6.419
		3  0	-2.134
		4  0	10.7
		5  0	28.292
		6  0	32.133
		7  1	0.52
		8  1	-18.585
		9  0	0.723
		10  0	-18.666
		12  0	7.278
		13  1	-4.406
		14  1	0.97
		15  1	-17.17
		16  0	7.608
		17  1	-11.718

node  6		 link	 weight	 bias -25.905
		1  1	-22.637
		2  1	-8.937
		3  0	-0.063
		4  1	-37.134
		5  0	-8.327
		6  1	5.378
		7  0	-11.764
		8  0	2.984
		9  1	-15.933
		10  1	2.649
		12  0	3.447
		13  1	-8.827
		14  1	-2.327
		15  0	1.071
		16  1	11.054
		17  1	-13.084


 Layer 4

node  1		 link	 weight	 bias 0.138
		1  1	-37.775
		2  1	-15.222
		3  1	-8.284
		4  1	11.302
		5  0	5.002
		6  1	-11.04
		7  0	0.099
		8  0	16.176
		9  0	-4.174
		10  1	5.001
		12  1	-10.673
		13  1	-14.686
		14  1	-24.847
		15  1	-9.58
		16  1	-37.706
		17  1	-10.187
		18  1	-3.161
		19  1	-7.338
		20  1	-25.899
		21  1	-11.462
		22  1	-25.07
		23  1	5.949

node  2		 link	 weight	 bias 9.311
		1  1	-0.776
		2  0	10.055
		3  1	-2.557
		4  0	-26.883
		5  0	13.347
		6  1	-11.185
		7  1	-1.773
		8  0	-20.011
		9  0	-13.295
		10  1	-35.672
		12  0	28.924
		13  0	6.916
		14  0	-3.125
		15  1	-16.666
		16  0	-0.974
		17  0	-7.763
		18  1	-28.861
		19  0	5.693
		20  1	-3.939
		21  1	-26.023
		22  0	-6.88
		23  1	-2.541

node  3		 link	 weight	 bias -9.784
		1  1	-31.179
		2  1	-23.061
		3  0	-3.314
		4  0	-0.822
		5  0	-7.143
		6  1	-6.808
		7  0	-13.867
		8  0	-23.571
		9  1	-1.464
		10  0	-9.374
		12  1	-21.357
		13  1	-2.513
		14  1	-5.372
		15  1	-15.412
		16  1	-22.988
		17  0	1.474
		18  0	-15.016
		19  1	-13.251
		20  0	-16.979
		21  1	-13.667
		22  0	5.785
		23  1	-8.317

node  4		 link	 weight	 bias 26.166
		1  0	-46.59
		2  0	-8.133
		3  1	-10.191
		4  1	-1.743
		5  1	-29.571
		6  0	-35.776
		7  0	-29.871
		8  1	-14.488
		9  1	-3.652
		10  1	-5.941
		12  0	-27.453
		13  1	1.448
		14  0	-6.523
		15  0	-16.074
		16  1	-18.965
		17  0	13.143
		18  1	-42.198
		19  0	-1.576
		20  0	-26.706
		21  0	-2.333
		22  0	-0.189
		23  0	3.078

node  5		 link	 weight	 bias -20.225
		1  0	-9.723
		2  1	-7.067
		3  1	-20.416
		4  1	-18.38
		5  1	3.117
		6  1	-10.723
		7  1	-5.485
		8  0	-5.013
		9  0	3.044
		10  0	-54.863
		12  0	-16.561
		13  0	6.99
		14  1	-5.48
		15  0	-3.587
		16  1	-13.542
		17  0	-6.825
		18  0	5.677
		19  1	9.668
		20  1	-2.252
		21  0	9.865
		22  0	-9.965
		23  0	-20.121

node  6		 link	 weight	 bias -2.558
		1  1	-32.972
		2  0	-0.934
		3  1	-11.345
		4  1	-15.684
		5  1	-14.533
		6  1	6.516
		7  0	-7.892
		8  0	-14.136
		9  0	-7.936
		10  0	-12.27
		12  1	-13.508
		13  1	-0.54
		14  0	-25.293
		15  0	-17.157
		16  1	3.627
		17  0	-15.913
		18  1	-2.303
		19  0	1.259
		20  1	1.598
		21  1	-23.732
		22  0	-15.916
		23  0	13.088


 Layer 5

node  1		 link	 weight	 bias 1.506
		1  1	0.081
		2  0	0.57
		3  0	-0.444
		4  0	-0.653
		5  1	-5.247
		6  0	-0.893
		7  0	-0.836
		8  0	0.594
		9  0	-0.434
		10  0	-0.941
		12  0	-0.871
		13  0	0.392
		14  0	-0.791
		15  1	-0.019
		16  0	-0.742
		17  1	0.0210001
		18  1	-3.869
		19  0	-0.637
		20  1	-0.439
		21  0	0.92
		22  0	-0.089
		23  0	0.872
		24  0	0.168
		25  0	-0.435
		26  0	-0.654
		27  0	-0.008
		28  1	1.09
		29  0	-0.479


 Layer 2

node  1		 link	 weight	 bias -2.571
		1  0	-23.292
		2  0	-4.089
		3  0	-0.551
		4  0	12.24
		5  1	-41.928
		6  1	-29.035
		7  0	1.943
		8  0	-14.638
		9  0	-12.283
		10  1	4.781

node  2		 link	 weight	 bias 1.409
		1  1	2.522
		2  1	5.495
		3  1	-1.594
		4  1	-7.745
		5  1	-17.518
		6  1	-1.316
		7  0	-0.789
		8  0	0.621
		9  0	-1.67
		10  1	3.371

node  3		 link	 weight	 bias -31.452
		1  0	0.774
		2  0	-6.271
		3  0	-7.679
		4  1	4.411
		5  0	-19.225
		6  1	-4.849
		7  1	-5.362
		8  0	-2.899
		9  0	-0.643
		10  1	0.227

node  4		 link	 weight	 bias -24.594
		1  1	-22.983
		2  0	-13.788
		3  1	-12.845
		4  0	-0.319
		5  0	-5.006
		6  1	-1.275
		7  1	-23.098
		8  1	-19.218
		9  1	-4.312
		10  0	-8.768

node  5		 link	 weight	 bias 1.741
		1  0	-0.403
		2  1	-41.726
		3  1	-14.177
		4  1	-36.149
		5  1	0.483
		6  0	3.2
		7  1	11.075
		8  1	-7.239
		9  1	-12.477
		10  0	-7.535

node  6		 link	 weight	 bias -1.466
		1  1	0.73
		2  0	6.192
		3  0	-12.968
		4  1	-20.364
		5  1	0.707
		6  0	-15.577
		7  0	-38.177
		8  0	-7.68
		9  1	-0.645
		10  0	-2.756


 Layer 3

node  1		 link	 weight	 bias -16.764
		1  1	-0.924
		2  1	8.523
		3  0	0.095
		4  0	-7.48
		5  0	0.519
		6  0	0.88
		7  0	-0.131
		8  1	-17.644
		9  0	-11.325
		10  0	-21.593
		12  1	-8.618
		13  0	-12.213
		14  0	0.559
		15  1	-10.002
		16  0	-3.22
		17  1	-17.086

node  2		 link	 weight	 bias -15.491
		1  0	-14.134
		2  1	7.771
		3  1	-2.925
		4  0	-43.73
		5  0	8.699
		6  0	-8.123
		7  1	4.127
		8  0	0.381
		9  0	7.815
		10  0	-3.513
		12  0	-9.08
		13  1	-16.934
		14  1	-1.045
		15  1	6.475
		16  1	-6.663
		17  0	-2.769

node  3		 link	 weight	 bias -34.767
		1  1	-4.583
		2  0	-0.399
		3  1	-17.238
		4  0	-4.255
		5  1	9.261
		6  0	-18.339
		7  0	7.442
		8  1	-0.651
		9  0	6.761
		10  0	-19.236
		12  0	-25.85
		13  0	18.763
		14  0	-27.523
		15  1	1.657
		16  0	-5.875
		17  0	-7.722

node  4		 link	 weight	 bias -38.627
		1  0	-12.498
		2  0	-20.322
		3  1	-42.885
		4  0	-4.16
		5  1	1.592
		6  0	-5.735
		7  1	-0.328
		8  1	1.679
		9  0	6.798
		10  0	-10.198
		12  1	2.944
		13  1	-6.019
		14  1	-0.067
		15  0	-13.926
		16  1	-20.972
		17  0	-15.656

node  5		 link	 weight	 bias -19.17
		1  1	-14.546
		2  1	-4.525
		3  0	-9.872
		4  1	-7.357
		5  0	-3.43
		6  0	-2.689
		7  0	-8.162
		8  0	-28.934
		9  0	-3.728
		10  1	-11.332
		12  0	-1.031
		13  1	-6.631
		14  0	-14.569
		15  1	-23.26
		16  1	-19.987
		17  0	-0.354

node  6		 link	 weight	 bias 12.753
		1  0	-4.344
		2  1	-26.141
		3  1	-11.943
		4  1	-23.735
		5  1	-11.819
		6  0	-28.517
		7  0	10.944
		8  0	7.545
		9  1	-13.219
		10  1	-6.163
		12  1	-0.292
		13  0	-4.018
		14  0	-11.975
		15  0	5.095
		16  1	-1.079
		17  0	-4.248


 Layer 4

node  1		 link	 weight	 bias -9.925
		1  1	-10.159
		2  1	-28.952
		3  1	-4.945
		4  0	7.905
		5  0	-18.809
		6  0	-0.16
		7  0	-10.317
		8  0	-0.492
		9  1	-36.842
		10  1	-22.011
		12  0	15.578
		13  1	-9.002
		14  1	-6.519
		15  1	-8.514
		16  0	-1.435
		17  1	-5.029
		18  0	-13.74
		19  1	-0.349
		20  0	-22.913
		21  0	-6.029
		22  0	26.996
		23  1	-24.874

node  2		 link	 weight	 bias 19.105
		1  0	-23.184
		2  0	-4.208
		3  0	-12.587
		4  1	-8.273
		5  0	5.881
		6  0	-19.042
		7  0	2.808
		8  1	-11.662
		9  1	6.618
		10  1	5.817
		12  1	2.717
		13  0	1.581
		14  1	-11.975
		15  0	-12.402
		16  0	4.216
		17  1	-17.969
		18  0	-5.563
		19  0	0.395
		20  1	-19.191
		21  0	-0.826
		22  1	6.247
		23  0	-19.683

node  3		 link	 weight	 bias 9.592
		1  0	-1.398
		2  1	1.546
		3  1	5.114
		4  0	9.49
		5  0	-9.186
		6  0	-1.178
		7  0	0.345
		8  1	6.117
		9  1	-12.005
		10  1	2.101
		12  0	-4.741
		13  0	-47.535
		14  0	0.24
		15  1	-8.893
		16  0	-0.846
		17  1	-18.516
		18  0	5.028
		19  1	-11.981
		20  1	-3.202
		21  0	-7.548
		22  1	22.542
		23  1	16.492

node  4		 link	 weight	 bias -2.418
		1  0	-0.457
		2  0	0.316
		3  0	-0.125
		4  1	-8.379
		5  0	-0.627
		6  1	-0.254
		7  0	-0.738
		8  1	3.482
		9  0	0.527
		10  0	-0.307
		12  1	4.328
		13  1	-4.403
		14  0	-0.678
		15  0	0.985
		16  1	-7.022
		17  1	-3.903
		18  1	-0.862
		19  1	-0.983
		20  0	0.286
		21  0	0.955
		22  0	0.957
		23  1	0.944

node  5		 link	 weight	 bias 10.085
		1  0	-29.105
		2  0	-13.752
		3  1	-0.122
		4  0	4.002
		5  1	1.759
		6  1	7.686
		7  0	-27.333
		8  1	-31.862
		9  0	-0.871
		10  1	-6.35
		12  0	5.087
		13  1	-23.313
		14  1	-8.631
		15  0	11.39
		16  1	7.776
		17  0	-1.557
		18  1	-0.315
		19  1	-5.839
		20  1	-1.61
		21  1	7.015
		22  0	-6.077
		23  1	8.938

node  6		 link	 weight	 bias -21.047
		1  0	-9.708
		2  1	19.352
		3  1	9.109
		4  1	-0.712
		5  1	-7.252
		6  1	-0.909
		7  1	-11.326
		8  0	-11
		9  0	-3.912
		10  0	-3.554
		12  0	-20.676
		13  1	-8.856
		14  0	0.183
		15  0	-5.695
		16  1	-15.427
		17  0	-12.047
		18  0	-6.402
		19  1	-7.945
		20  1	-28.226
		21  1	10.036
		22  0	8.19
		23  1	4.806


 Layer 5

node  1		 link	 weight	 bias 0.456
		1  0	0.183
		2  0	0.873
		3  0	0.225
		4  1	-0.269
		5  1	-2.697
		6  0	-0.496
		7  0	0.798
		8  0	0.368
		9  0	-0.297
		10  0	0.091
		12  0	-0.981
		13  0	-0.547
		14  0	-0.487
		15  0	-0.884
		16  0	0.347
		17  0	-0.021
		18  0	-2.169
		19  1	-0.05
		20  0	0.403
		21  1	-1.523
		22  0	0.853
		23  0	-0.82
		24  1	-3.855
		25  0	-0.304
		26  1	-1.649
		27  1	5.617
		28  1	3.038
		29  1	3.916
