
======================================================
Score	9.95923e+09
Z	0
alpha	2.42122
betta	-1.00089
gamma	-2.13313
Vx	-2.71218
Vy	-0.0883605
Vz	0.0898367
engIng	0
cFuel	152
tfuel	215.958
======================================================

Initial Parametrs
rOa	{ 0 ; 0 ; -50 }

V	{ 10 ; 20 ; 20 }

w	{ -0.5 ; -0.5 ; -0.5 }

alpha	-0.35
betta	-0.35
gamma	-0.35
======================================================

 Layer 2

node  1		 link	 weight	 bias -22.739
		1  0	-14.051
		2  1	-13.245
		3  1	13.102
		4  0	-5.91
		5  0	-8.238
		6  1	-9.438
		7  0	-2.586
		8  0	-1.546
		9  0	-1.902
		10  0	0.518

node  2		 link	 weight	 bias -12.317
		1  1	3.922
		2  1	-22.485
		3  0	-7.854
		4  0	10.483
		5  1	-16.794
		6  1	-9.869
		7  1	13.308
		8  1	-3.562
		9  1	1.149
		10  1	-5.334

node  3		 link	 weight	 bias -8.73
		1  1	3.179
		2  1	-1.848
		3  0	0.377
		4  1	-10.108
		5  1	0.116
		6  0	-2.368
		7  0	-6.028
		8  1	-6.529
		9  1	-3.414
		10  1	-3.415

node  4		 link	 weight	 bias -5.264
		1  1	9.479
		2  0	0.423
		3  0	-2.345
		4  1	-7.77
		5  1	-12.014
		6  1	2.127
		7  0	19.689
		8  0	-3.345
		9  1	-9.958
		10  0	4.157

node  5		 link	 weight	 bias -1.417
		1  1	-10.638
		2  0	-0.835
		3  0	1.056
		4  1	-4.635
		5  0	-0.92
		6  1	-4.488
		7  0	7.689
		8  0	-14.267
		9  0	-36.156
		10  0	-7.76

node  6		 link	 weight	 bias -17.325
		1  1	3.794
		2  1	-12.928
		3  1	1.997
		4  1	-20.422
		5  1	-13.345
		6  0	-17.775
		7  0	-11.376
		8  0	0.699
		9  0	8.07
		10  1	-6.483


 Layer 3

node  1		 link	 weight	 bias -34.777
		1  0	-3.073
		2  0	0.25
		3  1	-30.493
		4  1	-15.246
		5  0	-6.168
		6  0	-2.465
		7  0	1.656
		8  0	-1.149
		9  1	-4.741
		10  0	-17.175
		12  0	0.645
		13  0	-7.274
		14  1	-13.689
		15  1	-3.188
		16  0	8.636
		17  1	-2.847

node  2		 link	 weight	 bias -28.161
		1  1	1.457
		2  0	-15.365
		3  1	-30.328
		4  0	-0.195
		5  1	2.535
		6  1	13.633
		7  1	-4.7
		8  1	-4.192
		9  1	6.137
		10  1	-0.117
		12  0	-4.981
		13  0	-11.698
		14  1	-2.751
		15  0	-3.191
		16  0	-5.554
		17  1	7.024

node  3		 link	 weight	 bias -13.351
		1  1	-12.983
		2  0	-7.025
		3  0	5.459
		4  1	-13.819
		5  1	18.946
		6  1	-1.895
		7  1	-12.057
		8  1	2.212
		9  1	15.913
		10  0	-12.877
		12  1	-1.597
		13  1	-1.3
		14  0	6.36
		15  1	-9.828
		16  1	11.557
		17  0	-8.443

node  4		 link	 weight	 bias -3.944
		1  1	-7.995
		2  1	-29.436
		3  0	-4.744
		4  1	-14.327
		5  1	-52.002
		6  0	-12.718
		7  1	-11.795
		8  0	0.403
		9  0	-8.102
		10  1	1.639
		12  0	-9.664
		13  0	0.271
		14  0	1.732
		15  0	-3.056
		16  1	-26.891
		17  1	2.401

node  5		 link	 weight	 bias 6.727
		1  0	-10.032
		2  1	-20.983
		3  1	2.278
		4  0	-3.99
		5  1	-0.139
		6  1	-21.94
		7  0	1.87
		8  1	1.332
		9  1	1.979
		10  0	-7.162
		12  1	-24.482
		13  0	-4.889
		14  0	-19.009
		15  0	0.916
		16  0	3.839
		17  1	-13.205

node  6		 link	 weight	 bias 2.213
		1  1	9.653
		2  1	13.981
		3  1	-6.892
		4  1	-0.258
		5  1	6.385
		6  0	-18.037
		7  0	-3.312
		8  1	-15.192
		9  1	2.036
		10  1	-11.909
		12  0	-4.161
		13  0	30.084
		14  0	-10.068
		15  1	-2.423
		16  1	-1.852
		17  1	4.345


 Layer 4

node  1		 link	 weight	 bias -6.732
		1  1	-8.036
		2  1	0.853
		3  0	-10.308
		4  0	-19.052
		5  1	-18.889
		6  0	-9.004
		7  0	-17.948
		8  1	1.584
		9  1	4.754
		10  1	-13.393
		12  0	0.318
		13  0	-9.299
		14  1	-7.452
		15  1	-1.444
		16  0	-15.548
		17  1	-10.032
		18  1	1.256
		19  1	13.569
		20  1	-9.719
		21  0	-6.037
		22  1	-13.428
		23  1	-19.321

node  2		 link	 weight	 bias -22.835
		1  0	-2.586
		2  1	-29.088
		3  0	-0.428
		4  1	-8.116
		5  0	3.307
		6  1	-10.28
		7  0	-4.391
		8  0	-3.383
		9  0	-0.595
		10  1	-2.656
		12  1	1.572
		13  0	-3.025
		14  1	-3.589
		15  0	-11.816
		16  1	-7.059
		17  0	-0.132
		18  1	1.201
		19  0	-11.114
		20  0	-0.321
		21  0	-0.124
		22  0	-14.806
		23  0	4.374

node  3		 link	 weight	 bias -24.031
		1  0	3.092
		2  0	-10.426
		3  1	0.092
		4  0	-0.401
		5  1	5.398
		6  1	5.054
		7  0	-5.92
		8  0	4.374
		9  1	-12.658
		10  1	0.401
		12  1	-1.986
		13  1	-6.744
		14  1	-21.775
		15  1	-4.081
		16  0	-12.046
		17  1	-23.338
		18  0	0.349
		19  1	-32.319
		20  0	-7.026
		21  0	-23.827
		22  1	-3.825
		23  0	-12.751

node  4		 link	 weight	 bias -4.608
		1  0	-4.548
		2  1	2.437
		3  0	-3.761
		4  0	-0.436
		5  0	-0.825
		6  0	-12.019
		7  0	-5.692
		8  1	-17.226
		9  1	-18.237
		10  0	-0.565
		12  0	-4.93
		13  0	-17.007
		14  1	1.843
		15  0	-37.766
		16  0	-1.84
		17  0	-0.744
		18  1	-16.319
		19  0	4.631
		20  1	0.411
		21  1	11.622
		22  1	2.207
		23  1	-6.789

node  5		 link	 weight	 bias 3.453
		1  0	-1.319
		2  1	22.881
		3  0	-5.529
		4  1	-2.515
		5  0	0.051
		6  0	3.485
		7  1	-15.766
		8  0	-2.335
		9  1	7.927
		10  0	-18.535
		12  0	-19.188
		13  1	-4.071
		14  0	11.875
		15  0	0.25
		16  1	-4.386
		17  0	-6.02
		18  0	4.654
		19  0	0.838
		20  1	2.772
		21  1	-8.663
		22  1	-14.435
		23  1	13.396

node  6		 link	 weight	 bias -9.022
		1  1	-2.912
		2  0	4.919
		3  0	-16.094
		4  0	-19.221
		5  0	-2.595
		6  0	-4.865
		7  1	-13.744
		8  0	-0.257
		9  1	0.827
		10  1	-8.838
		12  1	-4.145
		13  1	11.386
		14  1	-20.742
		15  1	-1.927
		16  1	10.648
		17  0	6.034
		18  1	-24.172
		19  1	7.101
		20  0	-24.588
		21  1	1.614
		22  1	-13.222
		23  1	-14.13


 Layer 5

node  1		 link	 weight	 bias 0.007
		1  0	-0.299
		2  0	0.742
		3  0	-0.71
		4  0	0.15
		5  0	-0.26
		6  0	-0.05
		7  0	0.142
		8  0	0.059
		9  1	-0.768
		10  0	-0.285
		12  0	0.0700001
		13  0	-0.732
		14  0	-6.329
		15  0	-0.342
		16  0	0.839
		17  0	0.386
		18  0	0.335
		19  0	-0.323
		20  0	0.495
		21  0	-0.726
		22  0	0.824
		23  0	0.609
		24  0	-0.425
		25  1	-0.029
		26  0	0.041
		27  0	-0.809
		28  0	0.641
		29  0	0.423


 Layer 2

node  1		 link	 weight	 bias -6.144
		1  0	0.074
		2  1	-28.154
		3  1	16.228
		4  0	2.554
		5  1	-11.496
		6  1	-7.8
		7  1	-9.002
		8  0	-0.502
		9  0	6.784
		10  1	-13.758

node  2		 link	 weight	 bias 3.426
		1  0	0.673
		2  0	-0.929
		3  0	-2.774
		4  1	-4.016
		5  0	0.498
		6  0	-2.548
		7  0	-0.791
		8  1	2.078
		9  0	-0.027
		10  0	1.898

node  3		 link	 weight	 bias 5.44
		1  0	0.213
		2  1	-23.485
		3  1	0.258
		4  1	-3.75
		5  1	0.627
		6  0	-6.749
		7  0	6.488
		8  0	-5.723
		9  1	-8.648
		10  1	-1.426

node  4		 link	 weight	 bias 12.353
		1  1	-14.787
		2  1	13.957
		3  0	-8.179
		4  1	-6.875
		5  0	3.473
		6  0	-7.003
		7  0	5.01
		8  1	-34.76
		9  1	-19.609
		10  1	-37.503

node  5		 link	 weight	 bias -31.386
		1  0	4.603
		2  1	14.272
		3  1	-15.63
		4  0	-26.455
		5  1	5.82
		6  1	-8.424
		7  1	-12.569
		8  0	-0.713
		9  0	-0.33
		10  1	-12.015

node  6		 link	 weight	 bias -17.736
		1  0	-10.281
		2  1	-6.507
		3  1	0.843
		4  1	-2.743
		5  1	5.559
		6  1	-32.925
		7  0	-16.472
		8  1	-5.895
		9  0	-11.355
		10  0	-8.668


 Layer 3

node  1		 link	 weight	 bias 6.917
		1  1	-24.2
		2  0	-1.403
		3  0	15.363
		4  0	-10.076
		5  1	-10.591
		6  1	-7.165
		7  1	-40.089
		8  1	-36.779
		9  0	-11.426
		10  0	-0.863
		12  1	-19.453
		13  0	-7.135
		14  1	-22.68
		15  1	-7.781
		16  1	-18.639
		17  1	-8.896

node  2		 link	 weight	 bias -7.421
		1  1	0.005
		2  0	2.137
		3  1	-4.722
		4  0	-4.613
		5  1	1.54
		6  0	7.705
		7  0	-1.176
		8  0	9.92
		9  1	-9
		10  0	0.929
		12  1	13.747
		13  0	-9.185
		14  1	-11.469
		15  0	-11.583
		16  1	-17.578
		17  1	1.954

node  3		 link	 weight	 bias 19.178
		1  1	-8.526
		2  0	-0.827
		3  1	1.405
		4  0	19.737
		5  1	2.934
		6  0	-19.184
		7  0	-0.674
		8  0	0.959
		9  1	2.26
		10  0	-19.283
		12  0	-6.563
		13  0	-10.272
		14  1	-5.334
		15  0	-5.746
		16  1	-12.087
		17  0	-0.034

node  4		 link	 weight	 bias -29.466
		1  0	0.258
		2  0	-26.922
		3  1	-15.297
		4  0	3.483
		5  0	1.887
		6  0	-7.035
		7  1	-8.165
		8  0	-2.622
		9  0	-4.311
		10  0	-11.919
		12  0	6.189
		13  0	3.755
		14  1	1.133
		15  0	-2.82
		16  0	2.478
		17  1	-12.828

node  5		 link	 weight	 bias 21.436
		1  0	0.891
		2  0	-0.833
		3  0	17.236
		4  0	-7.313
		5  0	-16.298
		6  1	-8.658
		7  0	-7.981
		8  0	-17.05
		9  1	-0.221
		10  0	12.581
		12  0	-24.569
		13  1	-0.92
		14  1	0.807
		15  1	-0.234
		16  1	-5.687
		17  0	6.995

node  6		 link	 weight	 bias 10.919
		1  1	-14.771
		2  0	5.494
		3  0	6.667
		4  1	1.282
		5  0	-11.704
		6  1	3.97
		7  0	6.717
		8  0	11.732
		9  0	-10.908
		10  1	7.239
		12  0	-3.982
		13  1	-3.182
		14  0	1.512
		15  0	0.224
		16  0	2.452
		17  1	6.97


 Layer 4

node  1		 link	 weight	 bias -23.864
		1  1	-4.192
		2  0	-0.704
		3  1	3.529
		4  0	0.274
		5  0	-3.533
		6  1	-17.437
		7  1	-13.858
		8  0	-9.235
		9  1	7.796
		10  0	-16.686
		12  0	-0.234
		13  0	-13.398
		14  0	-12.238
		15  0	-6.057
		16  0	-18.678
		17  1	-11.203
		18  1	-6.771
		19  1	-2.668
		20  1	-11.299
		21  0	-3.62
		22  0	-9.826
		23  0	3.702

node  2		 link	 weight	 bias -21.92
		1  1	-3.398
		2  1	-8.265
		3  1	-2.265
		4  0	-1.697
		5  1	7.165
		6  1	4.598
		7  1	-31.793
		8  1	-0.106
		9  1	27.052
		10  1	17.262
		12  0	-16.238
		13  1	13.932
		14  1	28.656
		15  0	-7.229
		16  1	18.727
		17  1	-22.276
		18  1	-17.025
		19  1	-21.108
		20  0	-30.572
		21  1	9.109
		22  1	-21.247
		23  1	-8.486

node  3		 link	 weight	 bias -22.695
		1  0	-0.635
		2  1	-20.365
		3  1	-33.716
		4  1	-4.588
		5  1	2.237
		6  0	-0.168
		7  0	3.695
		8  1	-11.898
		9  1	-12.868
		10  1	-0.274
		12  1	1.714
		13  0	14.999
		14  0	-0.513
		15  0	-8.304
		16  1	-36.147
		17  0	13.397
		18  1	-11.505
		19  0	-0.12
		20  1	7.121
		21  1	-6.759
		22  0	-0.336
		23  0	2.314

node  4		 link	 weight	 bias -4.024
		1  0	-2.175
		2  1	-1.064
		3  1	-7.023
		4  1	-11.213
		5  1	-42.569
		6  0	-6.866
		7  0	-13.579
		8  1	-29.974
		9  1	-4.824
		10  0	1.034
		12  1	-18.05
		13  1	1.079
		14  1	-0.727
		15  1	-4.817
		16  0	-4.116
		17  1	-29.15
		18  1	-13.798
		19  1	1.325
		20  0	-4.893
		21  0	-12.269
		22  0	-1.276
		23  1	-9.799

node  5		 link	 weight	 bias -19.372
		1  1	-14.94
		2  1	1.898
		3  0	-11.596
		4  1	-37.425
		5  0	-26.309
		6  0	-20.766
		7  0	-9.464
		8  0	11.323
		9  0	-26.538
		10  0	-19.626
		12  1	-29.292
		13  0	-0.634
		14  1	6.661
		15  0	3.743
		16  0	-2.116
		17  1	6.76
		18  0	-5.896
		19  1	-0.523
		20  0	-0.728
		21  1	-0.023
		22  0	-0.867
		23  1	19.703

node  6		 link	 weight	 bias -35.625
		1  1	-8.217
		2  1	1.369
		3  1	-3.378
		4  0	0.33
		5  1	-2.742
		6  1	-7.254
		7  0	18.117
		8  1	6.28
		9  1	10.851
		10  1	-14.63
		12  1	-17.452
		13  1	-15.02
		14  0	-33.019
		15  0	-1.673
		16  0	0.307
		17  0	-17.316
		18  0	-18.051
		19  1	1.099
		20  0	-1.625
		21  1	18.719
		22  1	0.343
		23  0	-1.887


 Layer 5

node  1		 link	 weight	 bias 1.178
		1  0	-0.952
		2  0	0.569
		3  0	-0.424
		4  1	6.109
		5  1	-3.069
		6  1	0.767
		7  0	0.259
		8  0	-0.402
		9  0	0.276
		10  1	-0.333
		12  1	-4.34
		13  1	-2.581
		14  0	-0.393
		15  1	0.925
		16  0	-0.384
		17  0	-0.461
		18  0	0.572
		19  0	0.856
		20  0	0.395
		21  1	-1.432
		22  0	-0.076
		23  0	0.783
		24  0	-0.269
		25  1	-3.002
		26  0	0.7
		27  0	0.635
		28  0	-0.695
		29  0	-0.483


 Layer 2

node  1		 link	 weight	 bias 5.367
		1  0	0.609
		2  1	-21.183
		3  1	9.068
		4  0	0.646
		5  0	0.892
		6  0	-0.777
		7  1	-10.091
		8  0	-1.624
		9  1	-8.595
		10  0	-0.187

node  2		 link	 weight	 bias -19.504
		1  1	-12.623
		2  0	2.745
		3  0	-5.525
		4  1	-13.214
		5  0	-2.658
		6  0	0.9
		7  1	-24.122
		8  1	-16.738
		9  0	-17.034
		10  1	-19.672

node  3		 link	 weight	 bias 3.504
		1  1	-11.717
		2  1	2.871
		3  1	0.04
		4  1	-22.483
		5  1	-12.258
		6  0	-1.891
		7  1	-21.742
		8  0	-17.071
		9  0	-0.381
		10  1	-9.01

node  4		 link	 weight	 bias -9.093
		1  0	-19.032
		2  1	-6.389
		3  1	-12.744
		4  1	-23.302
		5  1	-3.594
		6  1	-30.1
		7  1	-5.541
		8  1	-9.813
		9  0	3.642
		10  0	-0.91

node  5		 link	 weight	 bias 3.259
		1  1	3.184
		2  1	-11.785
		3  1	-5.051
		4  1	-1.094
		5  0	-5.059
		6  1	5.55
		7  1	3.498
		8  0	11.019
		9  0	-12.085
		10  0	0.06

node  6		 link	 weight	 bias -5.24
		1  0	-14.384
		2  1	-4.939
		3  0	3.567
		4  0	-5.078
		5  1	-28.567
		6  0	2.3
		7  0	-9.126
		8  0	0.686
		9  1	-12.753
		10  0	-15.983


 Layer 3

node  1		 link	 weight	 bias 0.924
		1  0	0.976
		2  0	-0.893
		3  0	0.61
		4  0	-0.575
		5  1	-7.118
		6  0	0.8
		7  0	0.383
		8  1	0.476
		9  0	-0.703
		10  0	-0.714
		12  1	-0.994
		13  1	-3.298
		14  1	1.122
		15  1	1.465
		16  0	-0.725
		17  0	-0.761

node  2		 link	 weight	 bias -9.671
		1  1	-19.574
		2  1	-17.593
		3  1	-3.028
		4  0	-31.234
		5  0	9.536
		6  0	2.675
		7  1	-9.92
		8  0	-2.064
		9  0	-10.115
		10  1	9.869
		12  0	-25.005
		13  1	2.763
		14  0	-16.773
		15  1	-4.166
		16  0	-9.789
		17  1	11.088

node  3		 link	 weight	 bias -1.052
		1  1	3.54
		2  1	3.141
		3  1	-27.132
		4  0	1.129
		5  0	-8.862
		6  1	1.179
		7  1	-16.83
		8  1	-22.913
		9  1	0.194
		10  1	-1.451
		12  1	-33.861
		13  0	-0.975
		14  0	-0.175
		15  1	1.848
		16  0	4.101
		17  1	-11.926

node  4		 link	 weight	 bias -23.387
		1  0	0.602
		2  0	1.72
		3  0	2.108
		4  0	1.762
		5  0	-22.124
		6  0	-5.551
		7  1	-12.276
		8  0	-4.213
		9  1	18.878
		10  1	-22.433
		12  0	-17.123
		13  0	-3.927
		14  0	-22.492
		15  0	-0.52
		16  1	-22.652
		17  1	-2.418

node  5		 link	 weight	 bias -10.745
		1  0	0.726
		2  1	-16.052
		3  1	1.346
		4  0	-5.522
		5  0	24.112
		6  0	32.133
		7  0	2.463
		8  1	-9.45
		9  0	-0.782
		10  1	-7.08
		12  0	7.278
		13  0	-14.973
		14  0	-19.58
		15  1	6.771
		16  0	-12.454
		17  1	-19.213

node  6		 link	 weight	 bias 16.756
		1  0	-9.979
		2  1	-15.416
		3  0	-0.063
		4  1	-27.489
		5  1	4.889
		6  0	12.762
		7  0	-3.001
		8  1	-10.65
		9  1	-9.924
		10  1	-18.216
		12  1	6.107
		13  1	-13.574
		14  1	12.941
		15  1	11.942
		16  1	9.003
		17  0	-0.25


 Layer 4

node  1		 link	 weight	 bias -1.304
		1  0	-42.411
		2  0	2.927
		3  0	-2.758
		4  0	0.133
		5  0	5.381
		6  0	-2.362
		7  0	-6.006
		8  0	10.134
		9  0	-0.855
		10  0	10.812
		12  0	-6.022
		13  1	-9.42
		14  1	-15.543
		15  1	-15.61
		16  0	-21.406
		17  1	2.967
		18  0	-15.55
		19  1	0.447
		20  1	-9.957
		21  1	2.207
		22  0	3.884
		23  1	3.077

node  2		 link	 weight	 bias 9.095
		1  0	0.979
		2  1	-20.575
		3  0	-4.321
		4  1	1.101
		5  1	-12.653
		6  1	0.634
		7  0	0.0779999
		8  1	-10.981
		9  1	-23.611
		10  0	-5.869
		12  0	29.601
		13  1	-5.948
		14  0	-1.142
		15  0	-19.547
		16  0	-0.974
		17  1	-4.363
		18  0	-24.018
		19  1	7.867
		20  1	-18.861
		21  0	-24.077
		22  0	-4.785
		23  0	6.003

node  3		 link	 weight	 bias -2.734
		1  0	-15.815
		2  0	-14.583
		3  1	4.51
		4  1	-5.26
		5  0	-7.437
		6  1	-0.428
		7  1	-31.586
		8  1	-14.348
		9  1	-14.112
		10  1	-5.241
		12  0	-15.067
		13  0	0.344
		14  1	11.169
		15  1	-9.513
		16  0	-12.168
		17  0	-3.544
		18  1	-7.568
		19  0	-11.249
		20  0	-7.791
		21  0	-25.59
		22  0	5.774
		23  0	-3.693

node  4		 link	 weight	 bias -1.638
		1  1	-11.406
		2  0	-6.888
		3  1	1.333
		4  0	-11.858
		5  1	-42.609
		6  1	-16.641
		7  1	-22.552
		8  0	4.576
		9  0	-6.688
		10  0	-5.023
		12  1	-36.689
		13  0	-3.731
		14  1	11.934
		15  0	-0.64
		16  0	-18.071
		17  1	22.035
		18  1	-15.769
		19  1	-3.84
		20  0	-20.47
		21  0	8.293
		22  0	-2.359
		23  1	-1.504

node  5		 link	 weight	 bias 6.962
		1  1	-6.285
		2  0	0.73
		3  1	-23.538
		4  1	-33.185
		5  1	3.391
		6  0	-21.623
		7  0	-6.272
		8  1	-0.696
		9  1	-7.131
		10  1	-24.221
		12  0	9.149
		13  0	-0.419
		14  1	-3.828
		15  1	-1.453
		16  1	-36.156
		17  0	-0.083
		18  0	7.9
		19  1	-15.303
		20  1	-10.295
		21  0	9.573
		22  0	-7.935
		23  0	-27.422

node  6		 link	 weight	 bias -3.575
		1  0	-13.606
		2  1	-3.573
		3  1	-2.261
		4  1	-7.983
		5  0	-8.374
		6  1	8.942
		7  1	-8.85
		8  1	-16.899
		9  1	7.342
		10  0	-0.176
		12  1	2.897
		13  1	-13.685
		14  0	-14.197
		15  1	-2.312
		16  0	-0.343
		17  1	3.776
		18  1	-23.105
		19  0	2.56
		20  1	3.867
		21  1	-11.602
		22  1	-0.873
		23  0	14.703


 Layer 5

node  1		 link	 weight	 bias 0.987
		1  0	0.081
		2  0	0.57
		3  0	-0.444
		4  0	-0.653
		5  1	-5.925
		6  0	-0.893
		7  0	-0.836
		8  0	0.594
		9  0	-0.434
		10  0	-0.941
		12  0	-0.871
		13  0	0.392
		14  1	-0.791
		15  0	0.057
		16  0	-0.742
		17  1	-1.882
		18  1	-4.359
		19  0	-0.637
		20  1	1.124
		21  0	0.92
		22  0	-0.089
		23  0	0.872
		24  0	0.168
		25  0	-0.435
		26  0	-0.654
		27  0	-0.216
		28  1	0.028
		29  0	-0.479


 Layer 2

node  1		 link	 weight	 bias -28.214
		1  1	-12.284
		2  0	-4.089
		3  1	8.896
		4  1	11.561
		5  1	-18.794
		6  1	-36.682
		7  1	8.596
		8  0	-29.75
		9  1	-12.316
		10  1	11.882

node  2		 link	 weight	 bias -9.863
		1  1	0.721
		2  1	-4.286
		3  1	7.593
		4  1	8.574
		5  0	-0.955
		6  0	-0.491
		7  0	-0.789
		8  0	0.621
		9  0	2.627
		10  1	-0.552

node  3		 link	 weight	 bias -19.919
		1  0	-1.694
		2  1	-7.692
		3  1	-0.386
		4  1	-2.606
		5  1	-28.32
		6  0	-7.167
		7  1	-15.379
		8  0	-12.108
		9  1	6.264
		10  1	1.149

node  4		 link	 weight	 bias -28.207
		1  1	-32.987
		2  1	-14.979
		3  0	-17.007
		4  0	-4.182
		5  0	-0.434
		6  1	-5.008
		7  1	-19.046
		8  1	-14.26
		9  1	11.719
		10  1	5.678

node  5		 link	 weight	 bias 21.572
		1  1	-4.767
		2  1	-2.811
		3  1	-43.224
		4  1	-9.606
		5  0	-30.408
		6  0	3.2
		7  1	-9.882
		8  0	3.042
		9  1	-29.358
		10  1	-1.887

node  6		 link	 weight	 bias -21.86
		1  0	-4.847
		2  0	3.477
		3  1	-10.36
		4  0	-17.722
		5  0	-14.111
		6  1	-15.337
		7  0	-33.748
		8  1	-8.223
		9  0	2.99
		10  1	-5.596


 Layer 3

node  1		 link	 weight	 bias -1.128
		1  1	-23.619
		2  0	17.005
		3  1	-2.547
		4  1	-10.385
		5  1	5.857
		6  1	-7.637
		7  0	-1.009
		8  1	-18.364
		9  0	0.265
		10  0	-21.593
		12  0	0.305
		13  0	4.064
		14  0	4.497
		15  0	-3.88
		16  0	0.709
		17  1	-3.317

node  2		 link	 weight	 bias -17.413
		1  0	-10.557
		2  1	5.253
		3  1	1.405
		4  0	-30.143
		5  0	1.744
		6  1	-4.916
		7  0	-0.394
		8  0	-0.216
		9  1	1.346
		10  1	-10.698
		12  0	-0.443
		13  0	-11.91
		14  0	-2.125
		15  0	0.307
		16  1	-2.211
		17  0	-2.769

node  3		 link	 weight	 bias -27.859
		1  0	0.904
		2  1	-1.635
		3  0	-4.78
		4  0	2.711
		5  1	-24.451
		6  0	-23.326
		7  0	4.007
		8  0	-0.278
		9  0	-0.342
		10  1	-27.941
		12  1	-28.876
		13  0	7.707
		14  1	-45.303
		15  0	2.271
		16  1	-7.243
		17  1	-5.869

node  4		 link	 weight	 bias -35.171
		1  0	-12.498
		2  1	2.695
		3  1	-37.297
		4  0	0.19
		5  0	1.707
		6  1	-10.446
		7  1	1.926
		8  0	-3.508
		9  0	3.428
		10  0	-7.04
		12  1	13.21
		13  1	-23.203
		14  1	-16.837
		15  1	-12.791
		16  1	-8.695
		17  1	-6.571

node  5		 link	 weight	 bias -24.425
		1  1	-10.663
		2  1	-4.611
		3  0	12.787
		4  0	8.456
		5  1	-8.403
		6  0	-2.836
		7  1	-25.656
		8  1	7.24
		9  0	-6.463
		10  0	-10.353
		12  1	-11.714
		13  0	1.248
		14  1	-1.325
		15  0	-17.849
		16  0	-8.595
		17  1	1.747

node  6		 link	 weight	 bias 11.073
		1  0	-0.156
		2  0	-10.437
		3  1	3.236
		4  0	-11.482
		5  1	-4.865
		6  0	-28.517
		7  0	10.944
		8  0	-0.507
		9  0	-6.056
		10  0	0.159
		12  1	-14.825
		13  1	7.515
		14  0	-11.975
		15  0	5.095
		16  0	7.668
		17  1	-7.435


 Layer 4

node  1		 link	 weight	 bias -7.541
		1  0	3.56
		2  1	-14.717
		3  0	-1.826
		4  1	7.454
		5  0	-18.131
		6  1	3.066
		7  1	-7.616
		8  1	-12.984
		9  1	-7.431
		10  1	-2.896
		12  0	14.263
		13  0	-0.758
		14  1	-11.469
		15  0	-11.712
		16  0	-3.537
		17  0	0.103
		18  1	0.418
		19  0	-0.349
		20  1	-41.122
		21  0	-2.034
		22  1	9.877
		23  1	-19.418

node  2		 link	 weight	 bias 19.772
		1  1	-34.79
		2  0	10.496
		3  0	-5.143
		4  1	-17.054
		5  0	5.881
		6  0	-19.042
		7  1	-5.513
		8  0	-14.309
		9  1	-6.479
		10  0	5.857
		12  0	0.678
		13  1	-18.231
		14  0	-25.876
		15  0	-5.537
		16  1	4.905
		17  0	-12.829
		18  1	-14.304
		19  0	-7.509
		20  1	-4.332
		21  1	-1.785
		22  1	-0.918
		23  1	-4.941

node  3		 link	 weight	 bias 1.597
		1  0	-3.271
		2  1	2.311
		3  0	-0.124
		4  0	-1.747
		5  0	6.045
		6  0	0.52
		7  1	1.771
		8  1	2.357
		9  1	3.169
		10  0	-0.625
		12  1	-8.701
		13  0	-36.541
		14  1	4.806
		15  1	-4.687
		16  1	1.472
		17  1	-2.544
		18  0	5.028
		19  1	13.536
		20  0	-5.701
		21  1	-14.427
		22  1	21.265
		23  0	4.731

node  4		 link	 weight	 bias -1.389
		1  0	-0.457
		2  0	0.316
		3  0	-0.125
		4  1	-3.311
		5  0	-0.627
		6  0	1.101
		7  0	-0.738
		8  0	0.141
		9  0	0.527
		10  0	-0.307
		12  1	-0.256
		13  1	-0.794
		14  0	-0.678
		15  0	0.985
		16  0	-0.6
		17  0	0.887
		18  0	-0.543
		19  0	-0.657
		20  0	0.286
		21  0	0.955
		22  0	0.957
		23  0	0.411

node  5		 link	 weight	 bias 8.062
		1  0	-31.244
		2  0	-0.147
		3  1	6.738
		4  1	1.099
		5  0	-5.241
		6  0	2.405
		7  0	-22.735
		8  1	-48.24
		9  1	-6.938
		10  0	-1.363
		12  1	3.104
		13  0	-26.41
		14  1	-19.909
		15  1	11.448
		16  0	0.571
		17  0	-1.557
		18  1	-5.574
		19  1	-6.017
		20  1	-0.085
		21  1	-2.77
		22  1	-8.997
		23  1	6.012

node  6		 link	 weight	 bias -16.664
		1  0	-17.956
		2  1	18.603
		3  0	3.161
		4  0	-3.283
		5  0	-1.764
		6  0	1.756
		7  0	0.706
		8  1	-1.113
		9  0	-11.474
		10  0	-2.235
		12  0	-8.459
		13  1	1.39
		14  0	2.508
		15  0	0.327
		16  1	-2.718
		17  1	3.799
		18  0	-14.589
		19  0	-1.387
		20  0	-7.1
		21  1	-18.009
		22  1	-15.007
		23  1	4.747


 Layer 5

node  1		 link	 weight	 bias 0
		1  0	0.183
		2  0	0.873
		3  0	0.225
		4  0	-0.703
		5  0	0.457
		6  1	10.336
		7  0	0.798
		8  0	0.368
		9  0	-0.297
		10  0	0.091
		12  0	-0.981
		13  0	-0.547
		14  0	-0.487
		15  0	-0.884
		16  0	0.347
		17  0	-0.021
		18  0	-2.169
		19  0	0.1
		20  0	0.403
		21  1	-6.291
		22  1	1.369
		23  0	-0.82
		24  1	-4.951
		25  0	-0.304
		26  1	1.743
		27  1	7.816
		28  0	-0.261
		29  1	2.522
