
======================================================
Score	5.12012e+11
Z	-22.9668
alpha	-1.36671
betta	0.974159
gamma	-1.2853
Vx	-17.952
Vy	9.35061
Vz	14.8575
engIng	0
cFuel	257
tfuel	45
======================================================

Initial Parametrs
rOa	{ 194 ; 93 ; -50 }

V	{ 10 ; 20 ; 20 }

w	{ -0.5 ; -0.5 ; -0.5 }

alpha	-0.35
betta	-0.35
gamma	-0.35
======================================================

 Layer 2

node  1		 link	 weight	 bias -1.16
		1  0	0.266
		2  0	-0.028
		3  0	0.217
		4  0	-0.051
		5  0	0.446
		6  0	-0.192
		7  0	-0.04
		8  0	0.428
		9  0	-0.404
		10  0	-0.202

node  2		 link	 weight	 bias 1.472
		1  0	-0.441
		2  0	0.393
		3  0	0.276
		4  0	0.445
		5  0	0.391
		6  1	-9.813
		7  0	-0.223
		8  0	-0.486
		9  0	-0.331
		10  0	-0.441

node  3		 link	 weight	 bias 0.648
		1  0	-0.343
		2  1	2.878
		3  0	0.231
		4  0	-0.071
		5  1	0.0609999
		6  0	0.294
		7  0	0.049
		8  0	-0.359
		9  0	-0.325
		10  1	0.697

node  4		 link	 weight	 bias -5.184
		1  1	-10.837
		2  1	-9.483
		3  0	0.027
		4  0	-0.473
		5  0	0.222
		6  0	-0.258
		7  0	-0.452
		8  0	-2.177
		9  0	-0.083
		10  0	0.178

node  5		 link	 weight	 bias 1.004
		1  1	0.855
		2  0	-0.079
		3  0	0.344
		4  0	-0.403
		5  0	0.314
		6  0	-0.47
		7  0	0.155
		8  0	0.399
		9  0	-0.181
		10  0	-0.398


 Layer 3

node  1		 link	 weight	 bias -0.967
		1  0	-0.491
		2  0	-0.197
		3  0	0.362
		4  0	0.115
		5  0	0.215
		6  0	0.488
		7  0	-0.098
		8  0	-0.117
		9  0	0.122
		10  0	-0.324
		12  0	-0.164
		13  1	-5.899
		14  0	0.265
		15  0	-0.103
		16  0	-0.123

node  2		 link	 weight	 bias -1.735
		1  0	-0.06
		2  0	-0.053
		3  0	-0.045
		4  0	0.083
		5  0	0.061
		6  0	-0.263
		7  0	0.481
		8  0	0.043
		9  1	-12.829
		10  0	0.37
		12  1	-5.175
		13  0	-0.42
		14  0	0.122
		15  0	-0.376
		16  0	0.137

node  3		 link	 weight	 bias -1.341
		1  0	-0.032
		2  0	0.299
		3  0	0.451
		4  0	0.454
		5  1	1.418
		6  1	0.408001
		7  0	0.159
		8  0	-0.039
		9  0	-0.275
		10  0	-0.168
		12  1	1.836
		13  0	0.45
		14  0	0.117
		15  0	-0.47
		16  0	0.005

node  4		 link	 weight	 bias -0.697
		1  0	0.495
		2  0	0.082
		3  1	2.802
		4  0	0.259
		5  1	0.914
		6  1	-1.669
		7  0	0.005
		8  0	-0.432
		9  0	0.229
		10  0	0.08
		12  0	-0.419
		13  1	3.343
		14  0	0.196
		15  1	2.184
		16  1	-1.045

node  5		 link	 weight	 bias -3.574
		1  0	-0.173
		2  0	5.285
		3  0	-0.397
		4  0	-0.352
		5  1	-3.929
		6  0	-0.319
		7  0	0.19
		8  0	0.306
		9  0	-0.36
		10  0	0.381
		12  0	0.385
		13  1	0.076
		14  0	-0.107
		15  0	-0.022
		16  0	-0.479


 Layer 4

node  1		 link	 weight	 bias -2.785
		1  1	-0.286
		2  0	-0.412
		3  0	-0.479
		4  0	0.305
		5  0	-0.155
		6  0	5.442
		7  0	-0.415
		8  0	-0.231
		9  0	-0.325
		10  0	-0.157
		12  0	-0.032
		13  0	0.497
		14  0	-0.105
		15  0	0.31
		16  1	-3.172
		17  1	6.756
		18  0	0.107
		19  1	-1.975
		20  0	0.064
		21  0	0.168


 Layer 2

node  1		 link	 weight	 bias -4.844
		1  0	0.482
		2  0	0.483
		3  0	0.479
		4  0	0.367
		5  0	-0.087
		6  0	-0.048
		7  0	-0.301
		8  0	0.259
		9  0	-0.385
		10  0	0.045

node  2		 link	 weight	 bias 3.466
		1  0	0.247
		2  1	1.689
		3  0	0.104
		4  0	-0.331
		5  0	-0.312
		6  0	-0.359
		7  0	-0.242
		8  0	-0.139
		9  0	-0.495
		10  0	-0.268

node  3		 link	 weight	 bias -0.227
		1  1	-1.231
		2  1	5.47
		3  0	0.334
		4  0	0.372
		5  0	0.186
		6  1	-3.624
		7  0	0.142
		8  0	0.254
		9  0	-0.379
		10  0	0.128

node  4		 link	 weight	 bias -1.597
		1  0	-0.222
		2  0	-0.266
		3  0	-0.056
		4  0	-0.343
		5  0	-0.085
		6  0	0.382
		7  0	0.277
		8  0	0.329
		9  0	0.185
		10  0	0.234

node  5		 link	 weight	 bias -0.291
		1  0	0.408
		2  0	-0.372
		3  1	0.31
		4  0	-0.453
		5  1	0.974
		6  0	0.065
		7  1	-0.705
		8  1	1.059
		9  0	0.254
		10  0	0.042


 Layer 3

node  1		 link	 weight	 bias 2.346
		1  0	0.435
		2  1	0.902
		3  0	-0.392
		4  0	0.185
		5  1	-4.215
		6  0	0.428
		7  0	0.418
		8  0	0.345
		9  0	0.456
		10  0	0.148
		12  0	0.387
		13  0	-0.351
		14  0	-0.095
		15  0	0.231
		16  1	-6.991

node  2		 link	 weight	 bias -2.243
		1  0	-0.14
		2  0	0.175
		3  1	1.4
		4  1	-0.96
		5  0	0.103
		6  0	-0.19
		7  0	0.196
		8  0	0.18
		9  0	-0.121
		10  0	0.089
		12  0	-0.363
		13  0	-0.167
		14  0	-0.45
		15  1	3.853
		16  0	-0.496

node  3		 link	 weight	 bias -10.521
		1  0	-0.329
		2  1	-4.711
		3  0	0.922
		4  1	0.413
		5  0	-0.017
		6  0	0.433
		7  0	0.209
		8  0	-0.142
		9  0	0.144
		10  1	1.783
		12  1	-0.254
		13  0	0.245
		14  0	0.176
		15  1	7.359
		16  1	0.434

node  4		 link	 weight	 bias 2.031
		1  0	0.028
		2  0	-0.228
		3  0	0.012
		4  1	-3.02
		5  0	-0.376
		6  0	-0.253
		7  0	-0.157
		8  0	0.26
		9  0	-0.108
		10  0	0.217
		12  0	-0.318
		13  1	8.267
		14  0	0.153
		15  0	0.245
		16  0	-0.455

node  5		 link	 weight	 bias 1.936
		1  0	-0.454
		2  1	-2.15
		3  1	3.139
		4  0	0.209
		5  0	0.189
		6  0	0.363
		7  0	0.058
		8  0	0.173
		9  0	-0.088
		10  1	-4.682
		12  0	0.029
		13  0	0.305
		14  0	0.249
		15  0	-0.412
		16  0	-0.009


 Layer 4

node  1		 link	 weight	 bias 1.769
		1  0	0.379
		2  0	-0.343
		3  0	-0.154
		4  0	0.122
		5  1	8.117
		6  1	-2.987
		7  0	0.244
		8  1	10.561
		9  0	0.142
		10  0	-0.289
		12  0	-0.284
		13  0	-0.365
		14  0	0.465
		15  1	4.474
		16  0	0.095
		17  1	-5.319
		18  1	-1.513
		19  0	0.113
		20  0	-0.157
		21  0	0.462


 Layer 2

node  1		 link	 weight	 bias -2.023
		1  0	0.495
		2  0	0.011
		3  1	-1.65
		4  1	-5.299
		5  0	-0.202
		6  0	-0.232
		7  0	-0.179
		8  0	-0.456
		9  0	0.291
		10  0	0.465

node  2		 link	 weight	 bias 3.94
		1  1	-7.7
		2  0	-0.00600001
		3  0	-0.363
		4  0	0.495
		5  0	-0.391
		6  0	-0.178
		7  0	0.426
		8  1	10.755
		9  0	0.306
		10  0	-0.485

node  3		 link	 weight	 bias -2.1
		1  0	0.496
		2  1	2.873
		3  0	-0.215
		4  0	0.046
		5  0	-0.025
		6  0	0.125
		7  1	0.148
		8  0	-0.149
		9  1	2.258
		10  0	-0.337

node  4		 link	 weight	 bias -1.719
		1  0	-0.493
		2  0	-0.356
		3  0	-0.349
		4  1	1.619
		5  0	-0.316
		6  0	0.024
		7  1	-3.545
		8  1	-0.053
		9  1	2.204
		10  0	0.27

node  5		 link	 weight	 bias 3.545
		1  0	0.005
		2  0	-0.233
		3  0	-0.203
		4  0	-0.149
		5  0	-0.026
		6  0	-0.041
		7  0	-0.46
		8  0	-0.134
		9  0	0.212
		10  0	0.249


 Layer 3

node  1		 link	 weight	 bias -0.683
		1  0	-0.235
		2  0	-0.136
		3  0	-0.152
		4  0	0.034
		5  0	0.258
		6  1	-9.679
		7  0	-0.312
		8  0	0.336
		9  0	-0.281
		10  0	0.338
		12  0	0.077
		13  0	-0.431
		14  1	-2.444
		15  0	0.493
		16  0	0.464

node  2		 link	 weight	 bias -0.129
		1  0	-0.184
		2  0	0.011
		3  0	0.00999999
		4  0	0.221
		5  0	0.019
		6  0	-0.153
		7  0	0.361
		8  0	0.223
		9  0	-0.137
		10  0	-0.137
		12  0	-0.253
		13  0	0.332
		14  0	0.489
		15  0	-0.326
		16  0	0.434

node  3		 link	 weight	 bias 1.162
		1  0	-0.292
		2  0	0.122
		3  0	0.407
		4  0	0.234
		5  0	0.057
		6  0	0.276
		7  0	0.458
		8  1	0.177
		9  0	0.064
		10  0	0.392
		12  0	-0.064
		13  0	0.353
		14  0	-0.088
		15  0	0.321
		16  0	0.374

node  4		 link	 weight	 bias 1.29
		1  0	-0.298
		2  0	0.277
		3  0	-0.32
		4  0	-0.335
		5  0	0.467
		6  0	0.095
		7  0	0.191
		8  0	-0.434
		9  0	0.331
		10  0	0.112
		12  0	0.099
		13  0	0.458
		14  0	-0.428
		15  1	-3.039
		16  0	-0.446

node  5		 link	 weight	 bias -0.412
		1  0	-0.123
		2  0	-0.418
		3  0	0.275
		4  0	0.298
		5  0	-0.353
		6  0	0.372
		7  0	0.495
		8  0	0.395
		9  0	0.416
		10  0	-0.383
		12  0	0.32
		13  0	-0.248
		14  0	0.408
		15  0	-0.49
		16  0	0.361


 Layer 4

node  1		 link	 weight	 bias -0.321
		1  0	0.459
		2  0	-0.37
		3  0	-0.365
		4  0	-0.452
		5  0	-0.494
		6  0	-0.051
		7  0	0.009
		8  1	1.891
		9  0	-0.314
		10  0	0.371
		12  0	-0.214
		13  0	-0.399
		14  0	-0.312
		15  0	-0.463
		16  0	0.451
		17  0	-0.134
		18  0	-0.166
		19  1	-0.45
		20  1	-0.109
		21  0	-0.138


 Layer 2

node  1		 link	 weight	 bias -0.533
		1  1	-5.782
		2  0	0.286
		3  0	0.056
		4  0	-0.146
		5  0	0.059
		6  0	-0.493
		7  0	-0.333
		8  0	-0.367
		9  0	0.49
		10  0	0.162

node  2		 link	 weight	 bias 8.244
		1  1	-3.891
		2  0	0.073
		3  0	-0.069
		4  0	0.195
		5  0	-0.27
		6  0	-0.438
		7  0	-0.00799999
		8  0	-0.412
		9  0	-0.318
		10  0	-0.093

node  3		 link	 weight	 bias 2.744
		1  1	-0.151
		2  0	-0.184
		3  0	-0.2
		4  0	0.271
		5  0	0.39
		6  0	-0.415
		7  0	0.31
		8  0	-0.318
		9  0	-0.456
		10  0	0.292

node  4		 link	 weight	 bias 1.228
		1  0	-0.405
		2  1	5.291
		3  1	-0.66
		4  0	0.284
		5  0	-0.496
		6  0	-0.228
		7  0	0.009
		8  0	0.298
		9  0	-0.468
		10  0	0

node  5		 link	 weight	 bias -0.149
		1  0	0.304
		2  0	0.45
		3  0	-0.147
		4  0	-0.054
		5  0	0.283
		6  0	-0.358
		7  0	0.097
		8  0	0.419
		9  0	0.333
		10  0	0.458


 Layer 3

node  1		 link	 weight	 bias -0.0590003
		1  0	-0.214
		2  0	-0.276
		3  0	0.327
		4  0	-0.349
		5  0	0.222
		6  0	-0.467
		7  0	-0.126
		8  0	0.221
		9  0	-0.421
		10  1	2.788
		12  0	0.046
		13  0	-0.357
		14  0	0.464
		15  0	0.067
		16  0	-0.411

node  2		 link	 weight	 bias -4.934
		1  0	0.318
		2  0	0.041
		3  0	-0.184
		4  0	0.087
		5  0	0.297
		6  0	-0.054
		7  0	0.344
		8  0	0.487
		9  0	-1.465
		10  0	0.053
		12  0	0.473
		13  0	0.446
		14  0	-0.364
		15  0	0.167
		16  0	-0.083

node  3		 link	 weight	 bias -2.082
		1  0	-0.05
		2  1	4.384
		3  0	0.011
		4  0	0.103
		5  0	-0.295
		6  0	0.134
		7  1	2.686
		8  1	6.169
		9  0	0.00300002
		10  0	1.048
		12  1	1.339
		13  0	0.243
		14  0	-0.384
		15  0	0.046
		16  0	0.47

node  4		 link	 weight	 bias -0.801
		1  0	0.318
		2  0	0.374
		3  0	0.442
		4  0	0.473
		5  0	-0.253
		6  1	-3.167
		7  0	-0.075
		8  0	0.327
		9  1	-0.462
		10  0	0.416
		12  0	-0.404
		13  0	0.069
		14  0	-0.121
		15  0	-0.024
		16  0	0.228

node  5		 link	 weight	 bias -4.339
		1  0	-0.075
		2  0	0.136
		3  0	-0.053
		4  0	-0.00999999
		5  0	0.005
		6  1	4.771
		7  0	0.498
		8  0	0.276
		9  0	0.423
		10  0	0.174
		12  0	0.087
		13  0	-0.4
		14  0	0.325
		15  0	-0.116
		16  0	-0.459


 Layer 4

node  1		 link	 weight	 bias 0.285
		1  1	0.089
		2  0	-0.054
		3  0	-0.257
		4  0	0.35
		5  1	-0.325
		6  0	0.26
		7  0	-0.192
		8  0	-0.17
		9  0	-0.32
		10  0	-0.185
		12  0	-0.045
		13  0	-0.081
		14  0	0.248
		15  0	-0.354
		16  0	-0.476
		17  0	-0.324
		18  0	-0.291
		19  0	-0.319
		20  1	-0.136
		21  0	-0.148
