
======================================================
Score	1.42607e+10
Z	0
alpha	-0.35
betta	-2.0398
gamma	-1.55477
Vx	-1.88475
Vy	0.0676051
Vz	0.0731902
engIng	0
cFuel	49
tfuel	191.694
======================================================

Initial Parametrs
rOa	{ 0 ; 0 ; -50 }

V	{ 10 ; 20 ; 20 }

w	{ -0.5 ; -0.5 ; -0.5 }

alpha	-0.35
betta	-0.35
gamma	-0.35
======================================================

 Layer 2

node  1		 link	 weight	 bias 0.935
		1  0	-0.671
		2  0	5.585
		3  0	0.211
		4  1	-0.078
		5  0	-0.449
		6  0	0.425
		7  1	5.265
		8  0	-0.548
		9  1	-2.619
		10  0	0.677

node  2		 link	 weight	 bias -1.158
		1  1	-7.522
		2  1	-0.237
		3  0	-6.89
		4  0	-0.795
		5  0	-0.08
		6  0	-0.584
		7  1	1.386
		8  0	0.341
		9  1	-0.738
		10  0	0.665

node  3		 link	 weight	 bias -14.938
		1  0	-0.859
		2  0	0.786
		3  1	-10.395
		4  0	-0.264
		5  1	3.427
		6  1	2.331
		7  1	-0.975
		8  1	3.702
		9  0	0.209
		10  0	-0.134

node  4		 link	 weight	 bias -1.358
		1  1	-3.974
		2  0	-2.359
		3  0	-0.336
		4  0	0.652
		5  0	0.865
		6  1	-5.962
		7  0	-0.22
		8  1	-0.046
		9  0	1.161
		10  1	-1.853

node  5		 link	 weight	 bias -2.468
		1  1	0.609
		2  1	-4.724
		3  0	0.209
		4  1	0.614
		5  0	0.894
		6  1	5.577
		7  0	0.7
		8  0	0.09
		9  1	0.594
		10  0	-0.925

node  6		 link	 weight	 bias 1.374
		1  0	-0.303
		2  1	-9.458
		3  0	-0.04
		4  1	-0.037
		5  1	-0.527
		6  0	3.927
		7  1	-1.784
		8  1	-7.175
		9  1	-4.966
		10  0	-0.63


 Layer 3

node  1		 link	 weight	 bias 2.713
		1  0	-0.208
		2  1	-7.707
		3  1	-12.288
		4  0	-0.911
		5  1	1.054
		6  1	-4.949
		7  0	-0.323
		8  0	0.672
		9  0	-0.512
		10  0	0.246
		12  0	0.883
		13  1	8.849
		14  0	0.497
		15  1	7.915
		16  0	-0.424
		17  0	-0.942

node  2		 link	 weight	 bias -6.644
		1  1	-8.991
		2  1	-8.733
		3  0	-0.808
		4  0	0.779
		5  0	0.536
		6  0	0.159
		7  0	-0.797
		8  1	8.159
		9  0	-0.505
		10  0	-0.774
		12  0	0.994
		13  1	1.573
		14  0	0.314
		15  0	-0.356
		16  0	-0.362
		17  0	-1

node  3		 link	 weight	 bias -9.356
		1  0	0.653
		2  0	-1.18
		3  0	0.288
		4  1	-4.089
		5  0	0.82
		6  1	0.328
		7  0	0.364
		8  1	-0.044
		9  0	0.968
		10  0	0.209
		12  0	0.451
		13  0	-0.158
		14  1	8.029
		15  1	-5.213
		16  1	5.571
		17  1	-10.001

node  4		 link	 weight	 bias 3.667
		1  1	-6.478
		2  1	-1.149
		3  0	4.997
		4  1	-1.802
		5  0	-1.967
		6  0	-0.157
		7  0	-0.286
		8  1	0.597
		9  0	-0.928
		10  1	-1.677
		12  0	-0.122
		13  1	0.816
		14  0	-0.098
		15  1	-2.114
		16  1	-4.895
		17  1	4.755

node  5		 link	 weight	 bias -4.128
		1  1	-14.715
		2  1	-2.174
		3  0	-0.232
		4  0	0.211
		5  1	-2.516
		6  0	0.164
		7  0	-0.88
		8  1	-6.021
		9  0	-0.852
		10  0	0.274
		12  1	-8.656
		13  0	-0.504
		14  0	-0.545
		15  1	-11.05
		16  0	0.539
		17  0	-0.75

node  6		 link	 weight	 bias -1.177
		1  0	0.459
		2  0	-0.659
		3  0	0.279
		4  0	-1.264
		5  0	0.833
		6  1	-1.298
		7  1	-2.03
		8  1	-0.98
		9  0	0.39
		10  0	-0.514
		12  1	-5.942
		13  0	0.086
		14  0	-0.264
		15  0	-0.986
		16  0	-0.529
		17  1	1.786


 Layer 4

node  1		 link	 weight	 bias -1.879
		1  0	-0.454
		2  0	-0.686
		3  1	-0.741
		4  0	0.603
		5  1	-3.298
		6  0	-0.295
		7  0	-1.777
		8  1	1.985
		9  0	-0.414
		10  0	-3.938
		12  0	-0.791
		13  0	-5.711
		14  1	-2.136
		15  0	-0.58
		16  0	0.7
		17  1	1.029
		18  0	0.958
		19  0	-0.983
		20  1	-1.906
		21  0	-0.951
		22  1	-4.598
		23  0	-0.361

node  2		 link	 weight	 bias 1.495
		1  0	-0.192
		2  1	-7.408
		3  1	2.11
		4  0	-4.983
		5  0	-0.599
		6  1	-4.003
		7  1	-8.185
		8  1	-6.257
		9  1	-1.988
		10  0	0.616
		12  1	-12.766
		13  1	-0.791
		14  0	0.11
		15  0	0.659
		16  0	0.766
		17  1	0.139
		18  0	-0.331
		19  0	3.849
		20  0	0.146
		21  1	-0.776
		22  0	-0.432
		23  1	-3.723

node  3		 link	 weight	 bias 0.704
		1  0	0.205
		2  0	-0.902
		3  0	2.055
		4  0	-0.444
		5  0	-0.812
		6  0	0.791
		7  0	-0.856
		8  0	-0.682
		9  0	0.733
		10  0	-0.285
		12  1	-2.935
		13  0	-0.673
		14  1	-4.838
		15  0	-0.293
		16  0	0.842
		17  0	0.454
		18  0	0.938
		19  1	-1.897
		20  0	0.0599999
		21  0	0.97
		22  0	-3.099
		23  0	0.937

node  4		 link	 weight	 bias 0.003
		1  1	3.054
		2  0	-0.262
		3  0	0.471
		4  0	0.627
		5  1	5.287
		6  0	-0.394
		7  0	0.959
		8  0	-0.00400001
		9  0	0.026
		10  1	-2.105
		12  0	-0.006
		13  0	-0.866
		14  1	-6.996
		15  0	-1.724
		16  1	0.619
		17  1	-2.503
		18  1	-2.049
		19  0	-0.688
		20  0	-0.00599998
		21  0	-0.759
		22  1	2.319
		23  0	0.967

node  5		 link	 weight	 bias -3.547
		1  1	4.252
		2  0	-0.474
		3  1	4.506
		4  0	-0.943
		5  0	-0.28
		6  0	-0.454
		7  0	0.082
		8  0	-0.313
		9  1	-0.435
		10  0	0.921
		12  0	0.319
		13  0	-0.707
		14  1	3.763
		15  0	1.301
		16  0	-0.373
		17  0	-0.765
		18  0	0.9
		19  1	-0.989
		20  0	-0.697
		21  0	-0.28
		22  0	0.871
		23  1	-0.771

node  6		 link	 weight	 bias -3.15
		1  1	1.484
		2  1	0.178
		3  1	-4.302
		4  0	-0.192
		5  0	0.431
		6  0	-2.786
		7  0	-0.441
		8  1	-0.267
		9  0	-0.407
		10  0	-0.574
		12  0	-0.063
		13  1	2.847
		14  0	-0.998
		15  0	-0.159
		16  0	2.794
		17  1	7.042
		18  0	-0.627
		19  0	-0.58
		20  1	-8.381
		21  0	-0.522
		22  1	-5.065
		23  0	-0.482


 Layer 5

node  1		 link	 weight	 bias 0
		1  0	-0.556
		2  0	0.926
		3  0	-0.084
		4  0	0.51
		5  0	0.356
		6  0	0.736
		7  0	0.117
		8  1	-0.863
		9  0	0.852
		10  0	0.52
		12  0	0.864
		13  0	-0.326
		14  0	0.841
		15  0	-0.265
		16  0	0.857
		17  0	-0.048
		18  0	0.642
		19  0	0.189
		20  0	0.798
		21  0	0.4
		22  0	-0.473
		23  0	0.83
		24  0	0.738
		25  0	-0.735
		26  0	-0.846
		27  0	-0.442
		28  1	-2.837
		29  0	-0.176


 Layer 2

node  1		 link	 weight	 bias 4.698
		1  0	0.147
		2  0	-0.576
		3  0	0.54
		4  0	-0.03
		5  0	-2.156
		6  0	-5.887
		7  0	-0.32
		8  1	-5.801
		9  0	0.154
		10  0	-0.673

node  2		 link	 weight	 bias -2.13
		1  1	-2.236
		2  0	-0.044
		3  0	-0.239
		4  0	0.718
		5  0	0.209
		6  1	0.106
		7  1	-5.167
		8  1	-1.665
		9  0	0.697
		10  0	-0.933

node  3		 link	 weight	 bias 1.452
		1  0	-0.237
		2  1	-8.793
		3  0	-0.47
		4  0	0.867
		5  1	-1.372
		6  1	-0.148
		7  0	0.946
		8  1	-3.135
		9  0	0.27
		10  1	-1.075

node  4		 link	 weight	 bias -4.391
		1  0	-0.015
		2  0	-0.354
		3  1	-14.56
		4  0	0.094
		5  0	-0.019
		6  1	-2.289
		7  0	-0.854
		8  0	0.83
		9  0	-0.326
		10  1	-12.384

node  5		 link	 weight	 bias -1.52
		1  0	0.52
		2  1	-1.069
		3  0	0.648
		4  1	-2.757
		5  1	-6.413
		6  0	0.599
		7  0	-0.158
		8  0	-0.941
		9  1	-0.781
		10  1	-2.32

node  6		 link	 weight	 bias 1.231
		1  0	1.838
		2  1	0.262
		3  1	0.175
		4  0	0.00899994
		5  0	-9.104
		6  1	-0.672
		7  0	0.44
		8  1	-2.008
		9  0	-0.188
		10  0	-8.252


 Layer 3

node  1		 link	 weight	 bias 1.763
		1  0	0.427
		2  0	-0.993
		3  0	-0.821
		4  0	0.066
		5  1	4.358
		6  0	-0.31
		7  0	-0.279
		8  0	0.906
		9  0	-0.949
		10  0	-0.233
		12  0	-0.373
		13  0	0.084
		14  0	0.442
		15  0	-0.735
		16  1	0.377
		17  0	-0.478

node  2		 link	 weight	 bias -2.604
		1  0	0.338
		2  1	-8.136
		3  1	0.236
		4  0	0.718
		5  0	0.324
		6  0	-0.944
		7  0	-0.57
		8  1	0.378
		9  0	-6.854
		10  1	0.528
		12  0	0.145
		13  1	-5.844
		14  1	-2.8
		15  0	0.664
		16  0	0.566
		17  0	-0.679

node  3		 link	 weight	 bias -2.833
		1  0	0.477
		2  1	-0.949
		3  1	1.683
		4  0	-0.649
		5  1	-0.802
		6  0	0.4
		7  0	0.437
		8  1	-2.617
		9  0	0.067
		10  0	0.926
		12  1	-2.036
		13  1	7.429
		14  1	3.993
		15  0	0.892
		16  0	-0.237
		17  0	0.243

node  4		 link	 weight	 bias 10.63
		1  0	0.0549999
		2  0	-0.119
		3  0	0.825
		4  0	0.388
		5  0	-0.387
		6  0	0.659
		7  0	0.351
		8  0	-0.43
		9  0	0.45
		10  0	0.475
		12  1	1.847
		13  0	0.193
		14  1	0.8
		15  0	5.832
		16  0	0.882
		17  0	-0.876

node  5		 link	 weight	 bias -1.725
		1  0	0.28
		2  0	-0.495
		3  1	-0.409
		4  0	-0.831
		5  0	-0.195
		6  1	-1.135
		7  1	-8.918
		8  0	-0.63
		9  0	0.445
		10  0	-3.269
		12  1	-0.012
		13  0	0.332
		14  0	-0.651
		15  1	8.892
		16  1	-2.649
		17  0	-0.616

node  6		 link	 weight	 bias 4.307
		1  1	-7.956
		2  1	3.541
		3  0	0.845
		4  1	-2.114
		5  1	-18.986
		6  0	0.781
		7  0	-0.139
		8  0	-0.568
		9  0	-0.825
		10  0	-0.513
		12  0	-0.694
		13  0	0.397
		14  1	0.887
		15  0	0.642
		16  0	-0.456
		17  1	0.128


 Layer 4

node  1		 link	 weight	 bias -1.873
		1  0	3.927
		2  0	-0.836
		3  0	-0.104
		4  0	-0.749
		5  0	-0.101
		6  0	0.58
		7  0	-0.423
		8  0	0.167
		9  1	0.451
		10  0	-0.144
		12  0	-0.421
		13  1	3.533
		14  0	-0.361
		15  1	0.718
		16  0	0.576
		17  0	-0.954
		18  0	0.997
		19  0	-0.074
		20  1	1.851
		21  0	-0.833
		22  0	0.453
		23  0	-0.08

node  2		 link	 weight	 bias -2.299
		1  0	0.599
		2  0	0.091
		3  1	3.352
		4  1	-2.382
		5  1	-6.861
		6  1	-7.802
		7  1	0.276
		8  0	0.348
		9  0	0.951
		10  0	-0.497
		12  0	0.359
		13  0	-0.795
		14  0	-0.194
		15  1	5.965
		16  0	-0.977
		17  0	0.294
		18  0	-0.534
		19  0	0.629
		20  0	-0.497
		21  0	0.527
		22  1	8.416
		23  0	0.99

node  3		 link	 weight	 bias -0.965
		1  0	0.682
		2  0	-0.367
		3  1	4.189
		4  1	-1.091
		5  0	0.603
		6  1	-9.024
		7  0	0.723
		8  0	-0.32
		9  0	0.365
		10  1	-0.0889999
		12  0	-0.878
		13  0	-0.979
		14  1	-13.717
		15  0	-0.268
		16  0	0.988
		17  0	0.09
		18  0	0.813
		19  0	0.412
		20  1	1.254
		21  0	-0.264
		22  0	0.244
		23  0	-0.471

node  4		 link	 weight	 bias 8.063
		1  0	0.488
		2  0	-0.775
		3  0	-0.497
		4  1	-2.377
		5  0	0.25
		6  0	0.159
		7  1	-4.168
		8  0	-0.726
		9  1	0.08
		10  1	3.261
		12  0	-0.28
		13  0	0.044
		14  0	1.746
		15  0	-0.757
		16  0	-0.441
		17  0	0.262
		18  0	-0.434
		19  0	-0.676
		20  0	-2.841
		21  1	-1.678
		22  0	2.244
		23  1	-2.588

node  5		 link	 weight	 bias -9.392
		1  1	1.517
		2  1	-8.867
		3  0	-0.27
		4  1	9.333
		5  0	0.44
		6  0	-0.813
		7  0	-0.479
		8  1	-3.062
		9  0	-0.571
		10  0	-0.829
		12  0	-0.433
		13  0	-0.246
		14  0	-0.719
		15  0	-0.538
		16  0	0.568
		17  0	0.576
		18  0	-0.335
		19  0	-3.544
		20  1	1.569
		21  1	-3.261
		22  0	-0.874
		23  1	-0.764

node  6		 link	 weight	 bias -0.93
		1  0	-0.424
		2  0	-0.361
		3  1	-6.196
		4  1	-4.282
		5  0	0.745
		6  1	-5.659
		7  1	-1.504
		8  1	1.007
		9  1	6.578
		10  0	0.955
		12  0	0.657
		13  0	0.09
		14  1	1.222
		15  0	0.617
		16  1	-0.743
		17  0	0.72
		18  1	1.954
		19  0	-0.332
		20  0	0.571
		21  0	-0.476
		22  0	0.041
		23  0	-0.341


 Layer 5

node  1		 link	 weight	 bias -2.455
		1  0	-0.266
		2  0	0.806
		3  0	0.443
		4  1	0.265
		5  0	0.225
		6  0	-0.678
		7  0	0.95
		8  1	-0.856
		9  0	-0.735
		10  0	-0.148
		12  0	-0.272
		13  0	0.225
		14  0	-0.959
		15  0	0.361
		16  0	0.654
		17  0	-0.027
		18  1	0.128
		19  0	-0.7
		20  0	0.114
		21  0	-0.179
		22  0	-0.918
		23  0	-0.123
		24  0	0.937
		25  0	0.414
		26  0	0.99
		27  0	-0.765
		28  0	-0.489
		29  0	-0.461


 Layer 2

node  1		 link	 weight	 bias -4.515
		1  0	0.101
		2  1	-4.748
		3  0	-2.296
		4  1	1.384
		5  1	-10.924
		6  0	-0.00199997
		7  1	2.871
		8  1	-0.566
		9  0	-0.549
		10  0	0.319

node  2		 link	 weight	 bias -1.927
		1  0	0.228
		2  0	0.376
		3  0	0.149
		4  0	-0.489
		5  0	-0.521
		6  0	0.577
		7  0	0.22
		8  0	-0.386
		9  1	-0.525
		10  0	-0.038

node  3		 link	 weight	 bias 1.812
		1  0	-0.691
		2  0	-0.487
		3  0	-7
		4  0	-0.57
		5  0	-0.104
		6  0	-0.592
		7  0	0.369
		8  1	-7.736
		9  0	-0.995
		10  1	-2.417

node  4		 link	 weight	 bias 0.268
		1  0	-0.677
		2  0	-0.897
		3  0	-0.057
		4  1	0.324
		5  0	-0.703
		6  0	-0.049
		7  0	-0.874
		8  0	0.411
		9  0	0.773
		10  0	0.268

node  5		 link	 weight	 bias -1.364
		1  0	0.8
		2  0	-0.445
		3  0	-0.185
		4  0	0.388
		5  0	0.35
		6  0	0.427
		7  0	-0.475
		8  0	-0.111
		9  1	0.177
		10  1	1.834

node  6		 link	 weight	 bias -1.344
		1  0	-0.00999999
		2  0	-0.854
		3  0	0.678
		4  0	0.508
		5  0	0.474
		6  0	-0.976
		7  0	-0.321
		8  1	-2.985
		9  0	0.248
		10  1	-2.513


 Layer 3

node  1		 link	 weight	 bias -8.701
		1  0	0.588
		2  0	-3.637
		3  0	0.754
		4  0	-0.675
		5  0	-0.986
		6  1	-2.015
		7  1	-5.28
		8  0	-0.685
		9  1	-1.702
		10  0	0.357
		12  0	-18.311
		13  1	-2.633
		14  1	3.08
		15  0	0.868
		16  0	-0.633
		17  1	-0.324

node  2		 link	 weight	 bias 0.653
		1  0	-0.624
		2  0	0.547
		3  0	0.069
		4  0	0.162
		5  0	-0.081
		6  0	-0.978
		7  0	-0.467
		8  0	-0.358
		9  0	-0.529
		10  1	0.495
		12  0	0.00699997
		13  0	-0.767
		14  0	-0.671
		15  1	1.117
		16  1	3.977
		17  0	-0.152

node  3		 link	 weight	 bias 0.538
		1  0	-0.262
		2  0	-0.59
		3  0	-0.728
		4  0	0.521
		5  0	-0.896
		6  0	1.353
		7  0	-0.549
		8  0	0.299
		9  0	-0.636
		10  0	-0.771
		12  1	4.892
		13  1	11.455
		14  0	-0.838
		15  1	1.723
		16  0	-3.978
		17  1	-4.528

node  4		 link	 weight	 bias -0.061
		1  0	0.3
		2  0	-0.398
		3  1	-0.986
		4  0	0.316
		5  1	-8.651
		6  0	-0.411
		7  0	0.39
		8  0	0.613
		9  1	0.239
		10  0	0.356
		12  1	-7.847
		13  1	-3.527
		14  1	-1.178
		15  0	0.025
		16  0	-0.233
		17  0	-0.979

node  5		 link	 weight	 bias -6.815
		1  1	9.944
		2  0	0.256
		3  0	0.12
		4  0	0.696
		5  0	0.88
		6  1	-5.323
		7  0	-3.66
		8  1	-8.569
		9  0	0.516
		10  1	-6.65
		12  0	-0.615
		13  0	-0.459
		14  0	-0.644
		15  0	-0.943
		16  0	-0.331
		17  1	5.236

node  6		 link	 weight	 bias 1.965
		1  0	0.066
		2  0	0.584
		3  1	-2.309
		4  0	-0.508
		5  1	-3.294
		6  0	-0.648
		7  0	0.76
		8  0	-0.637
		9  1	-15.441
		10  1	0.865
		12  1	-1.963
		13  0	-0.089
		14  1	1.747
		15  0	-9.898
		16  0	-0.511
		17  0	-0.57


 Layer 4

node  1		 link	 weight	 bias -2.436
		1  1	-2.482
		2  0	-0.538
		3  0	-0.772
		4  1	-15.641
		5  0	-0.498
		6  0	0.12
		7  0	-10.301
		8  0	0.488
		9  0	0.349
		10  0	0.528
		12  0	0.787
		13  0	0.518
		14  1	1.894
		15  1	-4.197
		16  0	-0.642
		17  0	0.113
		18  0	0.438
		19  1	6.22
		20  0	-0.419
		21  1	-2.443
		22  0	-0.341
		23  1	-1.211

node  2		 link	 weight	 bias -2.104
		1  1	-3.149
		2  1	0.41
		3  1	3.273
		4  0	0.875
		5  0	0.017
		6  1	-8.646
		7  0	-0.622
		8  0	0.42
		9  0	-0.1
		10  1	2.143
		12  0	0.515
		13  0	0.921
		14  1	-5.049
		15  0	0.527
		16  1	-14.042
		17  0	-0.322
		18  0	-0.342
		19  1	3.952
		20  0	-0.036
		21  0	-0.286
		22  1	1.897
		23  0	-0.557

node  3		 link	 weight	 bias -2.121
		1  0	-0.23
		2  1	-1.527
		3  0	-0.693
		4  1	1.927
		5  1	0.958
		6  1	6.145
		7  0	-0.918
		8  0	-0.381
		9  0	-0.039
		10  0	-0.886
		12  0	-0.909
		13  1	4.781
		14  0	0.671
		15  1	0.358
		16  1	-12.164
		17  0	-0.205
		18  0	-3.36
		19  1	7.057
		20  1	-3.891
		21  1	-0.254
		22  0	0.656
		23  0	-0.917

node  4		 link	 weight	 bias 2.04
		1  0	0.838
		2  0	-0.206
		3  1	0.47
		4  0	0.288
		5  0	-0.774
		6  0	0.908
		7  0	0.824
		8  0	-0.178
		9  1	0.066
		10  0	-0.398
		12  0	-0.222
		13  0	-0.382
		14  0	-0.854
		15  0	0.75
		16  1	-0.024
		17  0	0.024
		18  0	0.631
		19  1	1.479
		20  0	0.887
		21  0	0.501
		22  0	-0.246
		23  0	-0.479

node  5		 link	 weight	 bias 0.696
		1  0	0.17
		2  0	0.994
		3  0	-0.871
		4  0	-0.097
		5  1	-8.687
		6  0	-0.445
		7  0	-2.626
		8  1	0.463
		9  0	0.142
		10  0	0.28
		12  0	-0.888
		13  0	-0.281
		14  0	-0.46
		15  1	-4.048
		16  0	0.316
		17  0	0.886
		18  1	-5.715
		19  0	-0.44
		20  0	-0.994
		21  1	2.978
		22  1	0.877
		23  0	0.136

node  6		 link	 weight	 bias 2.026
		1  0	3.094
		2  1	-0.681
		3  0	-0.637
		4  1	-0.771
		5  0	-0.88
		6  1	-5.793
		7  0	0.287
		8  0	0.794
		9  0	-0.569
		10  0	0.661
		12  0	0.129
		13  0	0.136
		14  0	7.88
		15  0	0.754
		16  0	0.726
		17  0	0.05
		18  0	-0.795
		19  0	-0.769
		20  0	0.88
		21  0	0.418
		22  0	0.967
		23  0	0.565


 Layer 5

node  1		 link	 weight	 bias -0.043
		1  0	-0.325
		2  0	0.295
		3  0	-0.659
		4  0	-0.565
		5  0	0.449
		6  0	-0.451
		7  0	0.56
		8  1	-0.923
		9  0	-0.792
		10  0	0.091
		12  0	-0.059
		13  0	-0.454
		14  0	-0.912
		15  1	1.365
		16  0	-0.168
		17  0	-0.48
		18  0	0.337
		19  1	0.151
		20  0	0.832
		21  0	0.899
		22  0	0.71
		23  1	-0.039
		24  0	0.105
		25  0	0.399
		26  0	-0.328
		27  1	-1.379
		28  0	-0.979
		29  0	0.09


 Layer 2

node  1		 link	 weight	 bias 2.526
		1  0	-3.43
		2  0	1.675
		3  0	-0.832
		4  1	-2.572
		5  0	-0.826
		6  1	-6.165
		7  1	-5.512
		8  0	-0.219
		9  1	3.18
		10  0	-0.167

node  2		 link	 weight	 bias 1.042
		1  1	-4.162
		2  1	5.32
		3  1	-9.289
		4  0	-0.383
		5  1	-0.943
		6  0	0.725
		7  0	3.447
		8  0	-0.054
		9  0	-1.318
		10  0	0.813

node  3		 link	 weight	 bias 1.55
		1  0	-0.726
		2  0	-0.987
		3  1	3.86
		4  0	-0.292
		5  0	-0.254
		6  0	0.413
		7  0	0.812
		8  1	3.606
		9  0	0.712
		10  0	-0.618

node  4		 link	 weight	 bias 0
		1  0	-0.99
		2  0	-0.871
		3  0	0.785
		4  1	-0.571
		5  0	-0.99
		6  0	-0.164
		7  1	6.503
		8  0	0.177
		9  0	-0.254
		10  1	0.116

node  5		 link	 weight	 bias 3.274
		1  1	-2.021
		2  1	12.135
		3  0	0.855
		4  0	-0.419
		5  1	-1.374
		6  0	-0.643
		7  0	-0.33
		8  1	5.36
		9  0	-2.503
		10  0	-0.049

node  6		 link	 weight	 bias -7.447
		1  1	3.106
		2  1	-7.019
		3  1	-1.761
		4  0	0.366
		5  1	0.987
		6  1	-3.288
		7  0	-0.796
		8  0	0.538
		9  1	0.668
		10  0	0.059


 Layer 3

node  1		 link	 weight	 bias 1.539
		1  0	4.394
		2  1	-2.043
		3  0	0.665
		4  0	0.918
		5  1	-1.046
		6  0	-8.831
		7  0	-0.846
		8  0	-0.623
		9  0	0.832
		10  1	1.779
		12  0	0.265
		13  0	0.483
		14  0	0.759
		15  1	-0.34
		16  1	3.486
		17  0	-0.323

node  2		 link	 weight	 bias 6.91
		1  1	3.537
		2  1	5.404
		3  0	-6.926
		4  1	-2.288
		5  0	0.408
		6  0	0.306
		7  0	0.454
		8  0	-0.674
		9  0	-0.005
		10  0	-0.405
		12  1	-0.729
		13  0	0.34
		14  0	-0.307
		15  0	0.242
		16  1	7.233
		17  0	-0.546

node  3		 link	 weight	 bias 4.931
		1  0	0.0650001
		2  0	0.275
		3  0	-0.873
		4  1	4.27
		5  0	0.216
		6  0	0.377
		7  0	-0.608
		8  0	0.421
		9  0	0.952
		10  1	0.249
		12  1	-3.355
		13  0	-0.629
		14  0	0.00999999
		15  1	-4.603
		16  0	-0.249
		17  0	4.59

node  4		 link	 weight	 bias -0.538
		1  1	-8.448
		2  0	0.699
		3  1	-3.907
		4  0	-0.603
		5  0	-0.109
		6  1	-6.143
		7  1	-1.47
		8  0	-0.367
		9  1	3.703
		10  0	-0.344
		12  0	-7.592
		13  0	-0.122
		14  0	-2.033
		15  0	-0.702
		16  0	0.478
		17  1	-0.724

node  5		 link	 weight	 bias -2.617
		1  0	-8.874
		2  0	-0.929
		3  1	8.608
		4  0	-0.628
		5  1	-1.816
		6  0	0.926
		7  1	-2.434
		8  1	-8.204
		9  0	-0.229
		10  1	7.347
		12  1	-6.403
		13  0	-0.393
		14  0	0.48
		15  1	-6.118
		16  0	-2.42
		17  0	-0.677

node  6		 link	 weight	 bias 6.582
		1  0	0.253
		2  1	-0.776
		3  0	0.141
		4  0	3.881
		5  1	-0.388
		6  0	-0.187
		7  1	-14.55
		8  0	-1.33
		9  0	0.11
		10  0	-0.328
		12  0	-0.949
		13  0	-0.539
		14  0	0.632
		15  0	0.831
		16  0	0.278
		17  0	-0.00800002


 Layer 4

node  1		 link	 weight	 bias -1.394
		1  0	0.91
		2  0	0.225
		3  0	0.175
		4  0	-0.862
		5  0	-0.525
		6  1	-5.16
		7  0	-0.537
		8  0	0.238
		9  0	-0.674
		10  0	-0.512
		12  0	-0.298
		13  0	0.782
		14  0	-0.2
		15  1	-1.083
		16  0	0.428
		17  0	-0.995
		18  0	-0.00999999
		19  0	-0.566
		20  0	-0.73
		21  0	-0.885
		22  0	-0.418
		23  1	0.012

node  2		 link	 weight	 bias 0
		1  0	-0.827
		2  0	0.5
		3  0	0.579
		4  0	-0.309
		5  1	1.482
		6  0	-0.466
		7  0	0.845
		8  0	0.304
		9  1	-2.531
		10  0	0.189
		12  0	-0.325
		13  0	-0.272
		14  0	-0.632
		15  1	-2.839
		16  0	-0.189
		17  0	0.095
		18  1	-5.625
		19  0	-0.282
		20  0	-0.148
		21  1	0.689
		22  0	-0.725
		23  0	0.122

node  3		 link	 weight	 bias -3.018
		1  1	-8.848
		2  1	3.769
		3  0	0.654
		4  0	0.508
		5  0	0.085
		6  0	-0.735
		7  0	-0.523
		8  0	-0.509
		9  1	3.407
		10  1	-0.028
		12  1	-2.871
		13  1	-3.977
		14  0	0.074
		15  1	2.274
		16  0	-0.179
		17  0	0.126
		18  0	0.911
		19  1	1.366
		20  0	10.176
		21  0	0.992
		22  0	-0.987
		23  0	0.732

node  4		 link	 weight	 bias -4.412
		1  1	1.065
		2  0	-0.306
		3  1	6.312
		4  1	-0.216
		5  0	-0.046
		6  0	0.325
		7  0	0.474
		8  0	-0.351
		9  0	0.508
		10  1	-0.764
		12  0	0.145
		13  1	-11.938
		14  1	-3.944
		15  0	0.973
		16  0	1.454
		17  1	-2.661
		18  1	2.333
		19  0	0.213
		20  0	-0.896
		21  1	0.783
		22  0	0.462
		23  0	0.884

node  5		 link	 weight	 bias -0.168
		1  1	0.699
		2  0	0.524
		3  0	0.257
		4  0	0.518
		5  1	-6.319
		6  1	-2.414
		7  0	-0.573
		8  0	-0.999
		9  0	-0.295
		10  0	-0.112
		12  0	-0.359
		13  0	0.039
		14  1	0.155
		15  1	0.753
		16  1	2.144
		17  1	-0.228
		18  0	0.471
		19  1	6.501
		20  0	-0.872
		21  0	0.161
		22  0	-0.797
		23  1	-4.032

node  6		 link	 weight	 bias 1.991
		1  0	-0.185
		2  0	-0.398
		3  1	2.851
		4  0	0.393
		5  0	-0.897
		6  0	0.67
		7  0	-0.728
		8  0	-0.634
		9  0	0.023
		10  1	0.748
		12  1	-1.303
		13  0	0.317
		14  0	-0.453
		15  0	-0.03
		16  1	2.572
		17  0	0.397
		18  0	-0.035
		19  1	-7.941
		20  0	0.531
		21  1	7.512
		22  1	-7.904
		23  0	0.315


 Layer 5

node  1		 link	 weight	 bias -0.136
		1  0	-0.614
		2  0	0.089
		3  0	0.789
		4  0	-0.121
		5  0	0.128
		6  0	-0.341
		7  1	-0.552
		8  0	0.188
		9  0	-0.183
		10  0	-0.282
		12  0	0.471
		13  0	-0.472
		14  0	-0.688
		15  0	0.694
		16  0	0.533
		17  0	0.574
		18  0	0.53
		19  0	0.538
		20  0	-0.617
		21  0	-0.079
		22  0	0.145
		23  0	-0.667
		24  1	-3.705
		25  1	-1.465
		26  0	0.191
		27  0	0.499
		28  0	-0.462
		29  0	0.607
