
======================================================
Score	6.51097e+09
Z	0
alpha	2.0548
betta	-0.85781
gamma	-2.04383
Vx	-7.43964
Vy	-0.108359
Vz	-0.268204
engIng	0
cFuel	233
tfuel	188.303
======================================================

Initial Parametrs
rOa	{ 0 ; 0 ; -50 }

V	{ 10 ; 20 ; 20 }

w	{ -0.5 ; -0.5 ; -0.5 }

alpha	-0.35
betta	-0.35
gamma	-0.35
======================================================

 Layer 2

node  1		 link	 weight	 bias -23.951
		1  1	-14.051
		2  1	-11.705
		3  1	10.737
		4  0	-5.91
		5  0	-8.238
		6  1	-5.402
		7  0	-2.586
		8  1	2.464
		9  1	-1.902
		10  0	0.518

node  2		 link	 weight	 bias -16.832
		1  1	12.108
		2  1	-21.334
		3  1	-8.071
		4  0	10.483
		5  0	-15.786
		6  1	-7.513
		7  1	11.243
		8  0	-3.934
		9  1	6.681
		10  1	-12.313

node  3		 link	 weight	 bias -6.793
		1  1	-2.176
		2  1	-1.512
		3  0	0.377
		4  1	-12.276
		5  0	-0.165
		6  0	-2.368
		7  1	-5.992
		8  1	-9.324
		9  1	-1.248
		10  1	-2.372

node  4		 link	 weight	 bias -5.264
		1  1	10.347
		2  0	0.423
		3  0	-2.345
		4  1	-4.037
		5  1	-9.852
		6  1	8.497
		7  0	19.689
		8  0	-3.345
		9  1	-9.34
		10  0	4.157

node  5		 link	 weight	 bias -1.962
		1  1	-11.657
		2  0	-0.835
		3  0	1.056
		4  1	-2.353
		5  0	-0.92
		6  1	-5.765
		7  0	7.689
		8  0	-14.267
		9  0	-38.634
		10  0	-7.76

node  6		 link	 weight	 bias -18.005
		1  1	4.91
		2  1	-13.539
		3  1	-3.237
		4  1	-22.271
		5  0	-10.018
		6  0	-16.975
		7  1	-12.586
		8  0	0.699
		9  0	8.07
		10  0	-1.002


 Layer 3

node  1		 link	 weight	 bias -39.322
		1  0	-3.073
		2  0	0.25
		3  1	-22.496
		4  0	-17.349
		5  0	-6.168
		6  1	-2.424
		7  0	1.656
		8  1	-2.963
		9  1	-5.252
		10  0	-17.175
		12  0	0.645
		13  0	-7.274
		14  1	-9.513
		15  1	-2.236
		16  0	8.636
		17  0	2.008

node  2		 link	 weight	 bias -26.169
		1  0	1.457
		2  0	-15.365
		3  1	-35.566
		4  0	-0.195
		5  1	5.082
		6  1	7.663
		7  1	-4.275
		8  1	-7.189
		9  1	4.062
		10  1	1.726
		12  0	-4.981
		13  0	-11.698
		14  1	-2.878
		15  0	-3.191
		16  0	-5.554
		17  0	4.849

node  3		 link	 weight	 bias -14.159
		1  0	-13.667
		2  0	-7.025
		3  0	5.459
		4  1	-6.208
		5  1	16.886
		6  1	3.15
		7  1	-8.39
		8  1	4.986
		9  0	10.658
		10  1	-12.599
		12  1	6.236
		13  0	-1.3
		14  0	6.36
		15  0	-8.876
		16  1	13.932
		17  0	-8.443

node  4		 link	 weight	 bias -13.66
		1  1	-4.898
		2  1	-31.223
		3  0	-4.744
		4  1	-17.115
		5  1	-51.542
		6  0	-12.718
		7  1	-13.713
		8  1	-5.331
		9  0	-8.102
		10  0	1.639
		12  0	-9.664
		13  0	0.271
		14  0	1.732
		15  0	-3.056
		16  1	-27.054
		17  1	0.341

node  5		 link	 weight	 bias 1.392
		1  0	-10.032
		2  1	-17.438
		3  1	1.759
		4  0	-3.99
		5  0	-0.139
		6  0	-23.041
		7  0	1.87
		8  1	4.087
		9  1	0.019
		10  0	-7.162
		12  1	-25.104
		13  1	-2.757
		14  0	-19.009
		15  0	0.916
		16  0	3.839
		17  1	-10.759

node  6		 link	 weight	 bias 5.566
		1  1	5.396
		2  1	4.793
		3  1	-3.414
		4  1	0.307
		5  1	5.514
		6  0	-18.037
		7  0	-3.312
		8  1	-11.877
		9  1	1.72
		10  1	-9.868
		12  0	-4.161
		13  0	30.084
		14  0	-10.068
		15  1	3.784
		16  0	-1.852
		17  1	7.092


 Layer 4

node  1		 link	 weight	 bias -9.013
		1  1	-3.883
		2  0	0.853
		3  0	-10.308
		4  0	-19.052
		5  0	-22.065
		6  0	-9.004
		7  0	-17.948
		8  1	3.908
		9  1	3.862
		10  1	-17.076
		12  0	0.318
		13  0	-9.299
		14  1	-9.185
		15  1	0.506
		16  0	-15.548
		17  1	-10.294
		18  1	-0.046
		19  1	12.125
		20  1	-6.557
		21  0	-6.037
		22  0	-12.405
		23  1	-19.729

node  2		 link	 weight	 bias -25.462
		1  0	-2.586
		2  1	-30.173
		3  0	-0.428
		4  1	-6.975
		5  1	2.981
		6  1	-18.525
		7  0	-4.391
		8  0	-3.383
		9  0	-0.595
		10  0	-2.656
		12  0	0.39
		13  1	0.049
		14  0	-1.479
		15  0	-11.816
		16  1	-6.506
		17  0	-0.132
		18  1	1.292
		19  0	-11.114
		20  0	-0.321
		21  1	2.595
		22  1	-16.843
		23  0	4.374

node  3		 link	 weight	 bias -24.545
		1  0	3.092
		2  0	-10.426
		3  1	-1.699
		4  1	4.07
		5  1	8.041
		6  1	9.497
		7  0	-5.92
		8  0	4.374
		9  1	-14.42
		10  0	1.638
		12  1	-0.406
		13  1	-8.63
		14  1	-22.19
		15  1	-7.382
		16  0	-12.046
		17  0	-21.327
		18  0	0.349
		19  1	-31.382
		20  0	-7.026
		21  0	-23.827
		22  0	1.148
		23  1	-13.515

node  4		 link	 weight	 bias -4.608
		1  1	-3.671
		2  1	-0.918
		3  0	-3.761
		4  0	-0.436
		5  0	-0.825
		6  0	-12.019
		7  1	-5.692
		8  0	-21.391
		9  0	-16.344
		10  0	-0.565
		12  0	-4.93
		13  0	-17.007
		14  0	0.995
		15  0	-37.766
		16  0	-1.84
		17  0	-0.744
		18  1	-19.211
		19  0	4.631
		20  1	-0.265
		21  1	4.671
		22  1	2.257
		23  1	-5.219

node  5		 link	 weight	 bias -2.263
		1  0	-1.319
		2  1	24.924
		3  0	-5.529
		4  1	-7.133
		5  0	0.051
		6  1	3.485
		7  1	-10.497
		8  0	-2.335
		9  1	8.755
		10  0	-18.535
		12  0	-19.188
		13  1	-2.972
		14  0	11.875
		15  0	0.25
		16  1	-5.589
		17  0	-6.02
		18  0	4.654
		19  0	0.838
		20  1	6.074
		21  1	-1.838
		22  1	-6.861
		23  1	2.754

node  6		 link	 weight	 bias -5.103
		1  1	-2.403
		2  0	4.919
		3  1	-14.403
		4  0	-19.221
		5  0	-2.595
		6  0	-4.865
		7  1	-13.303
		8  0	-0.257
		9  0	-0.534
		10  1	-10.297
		12  1	-1.893
		13  1	7.245
		14  1	-24.781
		15  1	1.491
		16  1	15.023
		17  0	6.034
		18  1	-23.567
		19  0	7.668
		20  1	-26.686
		21  1	4.366
		22  1	-11.295
		23  1	-17.799


 Layer 5

node  1		 link	 weight	 bias 0.007
		1  0	-0.299
		2  0	0.742
		3  0	-0.71
		4  0	0.15
		5  0	-0.26
		6  0	-0.05
		7  0	0.142
		8  0	0.059
		9  1	-0.768
		10  0	-0.285
		12  0	0.0700001
		13  0	-0.732
		14  0	-6.329
		15  0	-0.342
		16  0	0.839
		17  0	0.386
		18  0	0.335
		19  0	-0.323
		20  0	0.495
		21  0	-0.726
		22  0	0.824
		23  0	0.609
		24  0	-0.425
		25  1	-0.029
		26  0	0.041
		27  0	-0.809
		28  0	0.641
		29  0	0.423


 Layer 2

node  1		 link	 weight	 bias -6.144
		1  0	0.074
		2  1	-26.968
		3  0	18.037
		4  0	2.554
		5  1	-16.331
		6  1	-3.768
		7  0	-8.521
		8  0	-0.502
		9  0	6.784
		10  1	-18.18

node  2		 link	 weight	 bias 7.511
		1  0	0.673
		2  0	-0.929
		3  0	-2.774
		4  1	-4.24
		5  0	0.498
		6  1	-5.549
		7  0	-0.791
		8  1	-3.039
		9  0	-0.027
		10  0	1.898

node  3		 link	 weight	 bias -1.211
		1  0	0.213
		2  1	-16.117
		3  1	-5.181
		4  1	-2.299
		5  1	-0.696
		6  0	-6.749
		7  0	6.488
		8  0	-5.723
		9  1	-17.476
		10  1	-6.085

node  4		 link	 weight	 bias 12.353
		1  1	-21.304
		2  1	10.516
		3  0	-8.179
		4  1	-11.834
		5  0	3.473
		6  0	-7.003
		7  1	3.857
		8  1	-33.804
		9  1	-16.364
		10  1	-38.969

node  5		 link	 weight	 bias -29.919
		1  0	4.603
		2  0	12.918
		3  1	-18.244
		4  0	-27.594
		5  1	3.438
		6  1	-5.383
		7  1	-13.654
		8  0	-0.713
		9  0	-0.33
		10  1	-11.361

node  6		 link	 weight	 bias -18.12
		1  0	-10.281
		2  1	-5.459
		3  1	4.061
		4  0	-1.901
		5  1	-0.176
		6  1	-34.676
		7  0	-16.472
		8  1	-4.351
		9  0	-11.355
		10  0	-8.668


 Layer 3

node  1		 link	 weight	 bias 7.802
		1  1	-24.462
		2  0	-1.403
		3  0	15.363
		4  0	-11.022
		5  1	-10.124
		6  0	-8.631
		7  1	-42.233
		8  0	-37.465
		9  0	-11.426
		10  0	-0.863
		12  0	-20.007
		13  0	-7.135
		14  1	-21.414
		15  0	-7.841
		16  1	-19.298
		17  1	-10.256

node  2		 link	 weight	 bias -4.298
		1  1	-0.079
		2  0	2.137
		3  1	-6.275
		4  0	-4.613
		5  0	-0.838
		6  1	7.022
		7  0	-1.176
		8  0	9.92
		9  1	-9.305
		10  0	0.929
		12  1	6.998
		13  0	-9.185
		14  1	-11.919
		15  0	-11.583
		16  1	-23.912
		17  1	8.408

node  3		 link	 weight	 bias 18.463
		1  1	-7.862
		2  0	-0.827
		3  1	3.495
		4  1	19.737
		5  1	0.544
		6  0	-19.184
		7  1	-1.157
		8  0	0.959
		9  1	6.549
		10  0	-19.283
		12  0	-6.563
		13  0	-10.272
		14  0	-4.78
		15  0	-5.746
		16  1	-12.844
		17  0	-0.034

node  4		 link	 weight	 bias -24.046
		1  0	0.258
		2  0	-26.922
		3  1	-17.135
		4  0	3.483
		5  0	1.887
		6  0	-7.035
		7  1	-7.772
		8  0	-2.622
		9  1	-4.061
		10  0	-11.919
		12  0	6.189
		13  0	3.755
		14  1	4.033
		15  0	-2.82
		16  1	2.72
		17  1	-6.531

node  5		 link	 weight	 bias 23.16
		1  0	0.891
		2  0	-0.833
		3  0	17.236
		4  0	-7.313
		5  1	-16.719
		6  1	-16.593
		7  0	-7.981
		8  1	-19.469
		9  0	-0.221
		10  0	12.581
		12  0	-24.569
		13  1	-3.163
		14  1	-3.765
		15  1	-1.098
		16  1	-9.984
		17  1	7.163

node  6		 link	 weight	 bias 10.131
		1  0	-14.328
		2  0	5.494
		3  0	6.667
		4  1	5.126
		5  1	-11.548
		6  1	2.434
		7  0	6.717
		8  1	11.732
		9  0	-10.908
		10  1	2.626
		12  0	-3.982
		13  1	6.451
		14  0	1.512
		15  0	0.224
		16  1	2.146
		17  1	7.25


 Layer 4

node  1		 link	 weight	 bias -21.576
		1  0	-3.883
		2  0	-0.704
		3  1	1.689
		4  0	0.274
		5  0	-3.533
		6  1	-16.523
		7  1	-9.943
		8  0	-9.235
		9  0	7.722
		10  0	-16.686
		12  0	-0.234
		13  0	-13.398
		14  1	-15.449
		15  0	-6.057
		16  0	-18.678
		17  1	-12.901
		18  1	1.679
		19  1	-4.602
		20  1	-16.29
		21  1	-1.851
		22  0	-9.826
		23  0	3.702

node  2		 link	 weight	 bias -20.484
		1  1	-1.151
		2  1	-5.771
		3  1	2.708
		4  0	-1.697
		5  0	7.704
		6  1	2.886
		7  0	-31.461
		8  1	-1.501
		9  1	28.353
		10  1	18.935
		12  0	-16.238
		13  0	13.476
		14  1	26.673
		15  0	-7.229
		16  1	19.762
		17  1	-26.021
		18  1	-7.971
		19  1	-15.872
		20  1	-31.397
		21  1	2.18
		22  1	-27.207
		23  1	-11.021

node  3		 link	 weight	 bias -23.687
		1  0	-0.635
		2  1	-22.821
		3  1	-28.301
		4  0	-2.986
		5  1	1.972
		6  0	-0.168
		7  1	0.395
		8  1	-6.904
		9  1	-13.163
		10  1	6.958
		12  0	0.924
		13  0	14.999
		14  0	-0.513
		15  0	-8.304
		16  1	-35.242
		17  1	15.858
		18  1	-14.441
		19  0	-0.12
		20  1	6.204
		21  1	-16.233
		22  0	-0.336
		23  0	2.314

node  4		 link	 weight	 bias -4.463
		1  1	-1.388
		2  0	-0.346
		3  1	-5.557
		4  1	-8.217
		5  1	-36.838
		6  0	-6.866
		7  0	-13.579
		8  1	-27.045
		9  1	-0.152
		10  1	-2.68
		12  0	-18.727
		13  1	1.998
		14  0	-0.727
		15  1	-4.4
		16  0	-4.116
		17  1	-32.101
		18  1	-11.675
		19  1	2.439
		20  0	-4.893
		21  0	-12.269
		22  0	-1.276
		23  1	-10.855

node  5		 link	 weight	 bias -24.603
		1  1	-16.35
		2  0	-0.091
		3  0	-11.596
		4  1	-33.45
		5  0	-26.309
		6  0	-20.766
		7  1	-7.496
		8  1	12.988
		9  1	-26.516
		10  1	-19.767
		12  1	-26.835
		13  0	-0.634
		14  1	2.42
		15  0	3.743
		16  0	-2.116
		17  1	4.809
		18  1	-6.211
		19  1	0.778
		20  0	-0.728
		21  1	-0.714
		22  0	-0.867
		23  1	19.786

node  6		 link	 weight	 bias -31.407
		1  1	-10.08
		2  1	5.985
		3  1	-3.337
		4  0	1.508
		5  1	-1.509
		6  1	-9.093
		7  1	16.939
		8  1	7.725
		9  1	5.241
		10  1	-18.348
		12  0	-20.541
		13  1	-18.41
		14  1	-30.921
		15  1	-1.673
		16  0	0.307
		17  0	-17.316
		18  0	-18.051
		19  1	4.669
		20  0	-1.625
		21  0	23.765
		22  1	-4.268
		23  0	-1.887


 Layer 5

node  1		 link	 weight	 bias 3.302
		1  0	-0.952
		2  0	0.569
		3  0	-0.424
		4  1	6.109
		5  1	-3.263
		6  0	0.767
		7  0	0.259
		8  0	-0.402
		9  0	0.276
		10  1	-0.333
		12  1	-4.979
		13  0	-2.581
		14  0	-0.393
		15  1	0.925
		16  0	-0.384
		17  0	-0.461
		18  0	0.572
		19  0	0.856
		20  0	0.395
		21  1	-1.432
		22  0	-0.076
		23  0	0.783
		24  0	-0.269
		25  1	-3.52
		26  0	0.7
		27  0	0.635
		28  0	-0.695
		29  0	-0.483


 Layer 2

node  1		 link	 weight	 bias 8.359
		1  0	0.609
		2  1	-22.442
		3  1	8.966
		4  1	0.646
		5  0	0.892
		6  0	-0.777
		7  1	-9.187
		8  0	-1.624
		9  1	-13.031
		10  1	1.757

node  2		 link	 weight	 bias -20.596
		1  1	-9.686
		2  0	2.745
		3  1	-6.826
		4  0	-9.516
		5  0	-2.658
		6  0	0.9
		7  1	-21.725
		8  1	-16.53
		9  0	-17.034
		10  1	-20.332

node  3		 link	 weight	 bias 1.208
		1  1	-14.106
		2  0	2.871
		3  1	-0.028
		4  1	-21.796
		5  1	-20.238
		6  0	-1.891
		7  1	-26.315
		8  0	-17.071
		9  0	-0.381
		10  1	-11.539

node  4		 link	 weight	 bias -9.093
		1  0	-19.032
		2  1	-3.451
		3  1	-10.173
		4  1	-25.356
		5  0	-5.873
		6  1	-30.397
		7  1	-8.3
		8  1	0.884
		9  0	3.642
		10  0	-0.91

node  5		 link	 weight	 bias 2.134
		1  1	0.826
		2  1	-6.737
		3  1	1.101
		4  1	-5.262
		5  0	-5.059
		6  0	3.568
		7  1	1.752
		8  0	11.019
		9  0	-12.085
		10  0	0.06

node  6		 link	 weight	 bias -5.24
		1  0	-14.384
		2  1	-4.939
		3  0	3.567
		4  0	-5.078
		5  1	-29.537
		6  0	2.3
		7  0	-9.126
		8  0	0.686
		9  1	-14.765
		10  0	-15.983


 Layer 3

node  1		 link	 weight	 bias 0.32
		1  0	0.976
		2  0	-0.893
		3  0	0.61
		4  0	-0.575
		5  1	-6.489
		6  0	0.8
		7  0	0.383
		8  0	0.476
		9  0	-0.703
		10  0	-0.714
		12  1	-3.121
		13  1	-3.298
		14  1	2.06
		15  1	1.072
		16  0	-0.725
		17  0	-0.761

node  2		 link	 weight	 bias -9.699
		1  1	-16.414
		2  1	-19.5
		3  1	-10.934
		4  0	-31.234
		5  0	9.536
		6  0	2.675
		7  1	-7.604
		8  1	0.994
		9  0	-10.115
		10  0	9.869
		12  0	-25.005
		13  1	-1.379
		14  1	-17.784
		15  1	-5.746
		16  0	-9.789
		17  0	9.692

node  3		 link	 weight	 bias 0.806
		1  1	-6.566
		2  1	3.008
		3  1	-25.546
		4  1	1.96
		5  0	-8.862
		6  1	0.041
		7  0	-16.522
		8  1	-22.03
		9  1	-5.421
		10  0	-1.451
		12  1	-32.409
		13  0	-0.975
		14  1	-3.659
		15  1	1.684
		16  0	4.101
		17  1	-13.596

node  4		 link	 weight	 bias -22.562
		1  0	0.602
		2  1	7.233
		3  0	2.108
		4  1	-2.126
		5  0	-22.124
		6  0	-5.551
		7  1	-18.156
		8  0	-4.213
		9  1	22.539
		10  1	-24.737
		12  0	-17.123
		13  0	-3.927
		14  1	-16.191
		15  0	-0.52
		16  1	-22.392
		17  0	-0.72

node  5		 link	 weight	 bias -12.462
		1  0	0.726
		2  1	-14.684
		3  0	4.239
		4  0	-5.522
		5  0	24.112
		6  0	32.133
		7  0	2.463
		8  1	-9.355
		9  0	-0.782
		10  1	-6.979
		12  0	7.278
		13  0	-14.973
		14  0	-19.58
		15  1	6.284
		16  0	-12.454
		17  1	-9.51

node  6		 link	 weight	 bias 24.585
		1  0	-9.979
		2  0	-13.518
		3  1	-0.063
		4  1	-22.415
		5  1	-0.847
		6  0	12.762
		7  1	-3.001
		8  0	-14.443
		9  1	-11.803
		10  1	-22.621
		12  1	9.279
		13  0	-11.424
		14  1	4.188
		15  1	9.658
		16  0	10.767
		17  0	-0.25


 Layer 4

node  1		 link	 weight	 bias -3.975
		1  0	-42.411
		2  0	2.927
		3  0	-2.758
		4  0	0.133
		5  0	5.381
		6  0	-2.362
		7  0	-6.006
		8  0	10.134
		9  1	1.425
		10  0	10.812
		12  1	-10.715
		13  1	-17.055
		14  1	-14.637
		15  1	-4.406
		16  0	-24.487
		17  0	2.967
		18  1	-15.746
		19  1	1.345
		20  1	-10.771
		21  1	1.152
		22  1	4.746
		23  0	5.815

node  2		 link	 weight	 bias 9.911
		1  0	0.979
		2  1	-29.45
		3  0	-4.321
		4  1	2.81
		5  0	-9.125
		6  0	-3.969
		7  1	2.984
		8  0	-12.69
		9  1	-25.227
		10  0	-5.869
		12  0	29.601
		13  1	-6.141
		14  1	-1.988
		15  0	-19.547
		16  1	-0.519
		17  1	-5.855
		18  0	-24.018
		19  1	9.63
		20  1	-17.408
		21  1	-25.324
		22  0	-4.785
		23  1	9.621

node  3		 link	 weight	 bias -4.281
		1  1	-14.755
		2  0	-14.583
		3  1	-0.11
		4  1	-9.764
		5  0	-7.437
		6  1	1.27
		7  0	-27.953
		8  1	-20.681
		9  0	-10.899
		10  0	-8.26
		12  0	-15.067
		13  0	0.344
		14  1	10.423
		15  1	-6.063
		16  0	-12.168
		17  1	-1.335
		18  0	-13.157
		19  0	-11.249
		20  0	-7.791
		21  1	-25.59
		22  0	5.774
		23  0	-3.693

node  4		 link	 weight	 bias -5.756
		1  1	-11.316
		2  0	-6.888
		3  1	2.124
		4  0	-11.858
		5  1	-40.632
		6  1	-19.241
		7  1	-23.709
		8  1	2.32
		9  0	-6.688
		10  0	-5.023
		12  1	-36.364
		13  0	-3.731
		14  1	12.798
		15  0	-0.64
		16  0	-18.071
		17  1	20.604
		18  1	-18.543
		19  1	-4.766
		20  0	-20.47
		21  0	8.293
		22  1	-2.248
		23  1	6.853

node  5		 link	 weight	 bias 11.423
		1  1	-11.391
		2  0	0.73
		3  1	-18.819
		4  1	-33.518
		5  0	0.899
		6  0	-21.623
		7  0	-6.272
		8  1	-2.933
		9  1	-7.685
		10  0	-25.225
		12  1	9.76
		13  0	-0.419
		14  1	-2.619
		15  1	-1.976
		16  1	-33.778
		17  0	-0.083
		18  0	7.9
		19  1	-14.819
		20  0	-6.849
		21  1	9.573
		22  0	-7.935
		23  0	-27.422

node  6		 link	 weight	 bias -1.782
		1  1	-13.503
		2  1	-3.262
		3  1	-3.699
		4  0	-10.389
		5  0	-8.374
		6  1	8.062
		7  1	-12.631
		8  1	-21.882
		9  1	6.679
		10  0	-0.176
		12  0	2.783
		13  1	-13.144
		14  0	-14.197
		15  1	-1.906
		16  0	-0.343
		17  1	5.086
		18  1	-27.115
		19  0	2.56
		20  1	-2.77
		21  1	-12.773
		22  1	0.496
		23  0	14.703


 Layer 5

node  1		 link	 weight	 bias -1.264
		1  0	0.081
		2  0	0.57
		3  0	-0.444
		4  0	-0.653
		5  1	-6.047
		6  0	-0.893
		7  0	-0.836
		8  0	0.594
		9  0	-0.434
		10  0	-0.941
		12  0	-0.871
		13  0	0.392
		14  0	-0.791
		15  1	0.057
		16  0	-0.742
		17  1	-2.128
		18  1	-5.316
		19  0	-0.637
		20  1	0.586
		21  0	0.92
		22  0	-0.089
		23  0	0.872
		24  0	0.168
		25  0	-0.435
		26  0	-0.654
		27  0	-0.216
		28  1	-2.078
		29  1	-0.339


 Layer 2

node  1		 link	 weight	 bias -28.455
		1  1	-15.521
		2  0	-4.089
		3  1	15.251
		4  1	13.77
		5  0	-18.366
		6  0	-38.303
		7  1	8.173
		8  1	-32.376
		9  1	-10.796
		10  1	5.51

node  2		 link	 weight	 bias -11.929
		1  1	2.695
		2  1	-4.364
		3  0	5.421
		4  0	13.218
		5  0	-0.955
		6  1	0.082
		7  0	-0.789
		8  0	0.621
		9  0	2.627
		10  0	-1.27

node  3		 link	 weight	 bias -15.61
		1  0	-1.694
		2  1	-4.323
		3  1	2.258
		4  0	-4.432
		5  1	-21.334
		6  0	-7.167
		7  1	-17.669
		8  0	-12.108
		9  0	0.887
		10  1	3.211

node  4		 link	 weight	 bias -26.138
		1  1	-35.868
		2  1	-13.693
		3  0	-17.007
		4  0	-4.182
		5  0	-0.434
		6  1	-9.737
		7  1	-19.379
		8  1	-18.149
		9  1	13.595
		10  1	-1.012

node  5		 link	 weight	 bias 22.291
		1  1	-3.768
		2  1	-2.073
		3  0	-43.879
		4  1	-12.599
		5  0	-30.408
		6  0	3.2
		7  1	-9.842
		8  1	1.146
		9  1	-22.28
		10  0	-1.624

node  6		 link	 weight	 bias -21.372
		1  1	-6.856
		2  0	3.477
		3  0	-10.36
		4  0	-17.722
		5  1	-17.391
		6  1	-13.412
		7  0	-33.748
		8  1	-4.966
		9  0	2.99
		10  1	-6.854


 Layer 3

node  1		 link	 weight	 bias -0.242
		1  1	-20.723
		2  0	17.005
		3  1	-1.048
		4  1	-11.728
		5  0	8.115
		6  0	-4.666
		7  0	-1.009
		8  0	-16.345
		9  0	0.265
		10  0	-21.593
		12  0	0.305
		13  1	8.344
		14  0	4.497
		15  0	-3.88
		16  0	0.709
		17  1	-4.241

node  2		 link	 weight	 bias -18.629
		1  0	-10.557
		2  1	6.445
		3  1	2.322
		4  0	-30.143
		5  0	1.744
		6  1	-5.785
		7  0	-0.394
		8  0	-0.216
		9  1	3.713
		10  0	-10.698
		12  0	-0.443
		13  0	-11.91
		14  1	-4.977
		15  0	0.307
		16  1	-3.527
		17  0	-2.769

node  3		 link	 weight	 bias -30.397
		1  1	-3.277
		2  0	-4.379
		3  0	-4.78
		4  0	2.711
		5  1	-24.451
		6  0	-23.326
		7  0	4.007
		8  0	-0.278
		9  0	-0.342
		10  0	-29.336
		12  1	-24.444
		13  1	9.133
		14  1	-45.205
		15  0	2.271
		16  0	-9.083
		17  1	-2.296

node  4		 link	 weight	 bias -36.166
		1  1	-12.525
		2  1	0.496
		3  1	-38.88
		4  0	0.19
		5  0	1.707
		6  1	-10.242
		7  1	-4.233
		8  0	-3.508
		9  1	1.839
		10  0	-7.04
		12  1	4.805
		13  1	-26.765
		14  1	-20.385
		15  1	-14.246
		16  1	-2.108
		17  1	-7.968

node  5		 link	 weight	 bias -24.425
		1  1	-9.339
		2  1	-3.307
		3  0	12.787
		4  0	8.456
		5  1	-7.094
		6  0	-2.836
		7  1	-27.286
		8  1	7.111
		9  0	-6.463
		10  0	-10.353
		12  1	-14.746
		13  0	1.248
		14  1	1.422
		15  0	-17.849
		16  0	-8.595
		17  1	5.49

node  6		 link	 weight	 bias 4.318
		1  0	-0.156
		2  0	-10.437
		3  1	1.833
		4  0	-11.482
		5  1	-1.632
		6  0	-28.517
		7  1	7.955
		8  0	-0.507
		9  0	-6.056
		10  0	0.159
		12  0	-16.59
		13  1	6.917
		14  0	-11.975
		15  0	5.095
		16  0	7.668
		17  0	-5.814


 Layer 4

node  1		 link	 weight	 bias -8.109
		1  0	3.56
		2  1	-15.863
		3  0	-1.826
		4  1	14.331
		5  1	-23.921
		6  1	7.26
		7  1	-4.023
		8  1	-12.01
		9  1	-8.076
		10  1	-2.184
		12  1	13.846
		13  0	-0.758
		14  1	-16.588
		15  0	-11.712
		16  0	-3.537
		17  1	1.598
		18  1	0.345
		19  0	-0.349
		20  1	-35.81
		21  0	-2.034
		22  1	8.457
		23  0	-20.16

node  2		 link	 weight	 bias 20.466
		1  1	-32.439
		2  0	10.496
		3  0	-5.143
		4  1	-20.371
		5  1	5.881
		6  0	-19.042
		7  1	1.657
		8  0	-14.309
		9  1	-7.312
		10  0	5.857
		12  0	0.678
		13  1	-32.695
		14  1	-30.198
		15  0	-5.537
		16  1	2.771
		17  0	-12.829
		18  1	-15.292
		19  0	-7.509
		20  1	-0.873
		21  1	0.189
		22  1	3.168
		23  1	-7.021

node  3		 link	 weight	 bias 3.099
		1  0	-3.271
		2  1	-1.203
		3  0	-0.124
		4  1	-6.84
		5  0	6.045
		6  1	2.134
		7  0	0.345
		8  1	-0.689
		9  1	-1.337
		10  0	-0.625
		12  1	-8.433
		13  0	-36.541
		14  0	0.24
		15  1	-5.452
		16  1	-1.974
		17  1	-10.33
		18  0	5.028
		19  1	5.906
		20  0	-5.701
		21  1	-9.989
		22  1	23.343
		23  0	4.731

node  4		 link	 weight	 bias -2.768
		1  0	-0.457
		2  0	0.316
		3  0	-0.125
		4  1	-6.797
		5  0	-0.627
		6  0	1.101
		7  1	-0.738
		8  0	0.141
		9  0	0.527
		10  0	-0.307
		12  1	-0.256
		13  0	-0.794
		14  0	-0.678
		15  0	0.985
		16  1	-2.419
		17  0	0.887
		18  0	-0.543
		19  0	-0.657
		20  0	0.286
		21  0	0.955
		22  0	0.957
		23  0	0.411

node  5		 link	 weight	 bias 10.557
		1  0	-31.244
		2  1	-1.335
		3  1	9.344
		4  1	-2.225
		5  0	-5.241
		6  1	4.765
		7  0	-22.735
		8  1	-50.53
		9  1	-4.975
		10  0	-1.363
		12  0	3.104
		13  0	-26.41
		14  1	-18.316
		15  1	7.589
		16  0	0.571
		17  0	-1.557
		18  1	-3.033
		19  0	0.71
		20  1	-0.478
		21  1	0.294
		22  0	-14.716
		23  1	0.985

node  6		 link	 weight	 bias -16.165
		1  1	-18.73
		2  1	14.796
		3  1	4.898
		4  1	-0.521
		5  1	-6.028
		6  0	1.756
		7  0	0.706
		8  1	0.001
		9  1	-14.23
		10  0	-2.235
		12  0	-8.459
		13  0	-0.563
		14  1	3.367
		15  0	0.327
		16  1	-3.295
		17  1	4.835
		18  0	-14.589
		19  0	-1.387
		20  0	-7.1
		21  1	-22.285
		22  1	-13.207
		23  0	9.011


 Layer 5

node  1		 link	 weight	 bias 1.726
		1  0	0.183
		2  0	0.873
		3  0	0.225
		4  0	-0.703
		5  1	0.457
		6  1	8.039
		7  0	0.798
		8  0	0.368
		9  0	-0.297
		10  0	0.091
		12  0	-0.981
		13  0	-0.547
		14  0	-0.487
		15  0	-0.884
		16  0	0.347
		17  1	-0.021
		18  0	-2.169
		19  1	0.152
		20  0	0.403
		21  1	-3.915
		22  1	3.086
		23  0	-0.82
		24  1	-4.801
		25  0	-0.304
		26  1	0.312
		27  1	6.203
		28  0	-0.261
		29  1	2.522
