
======================================================
Score	6.19662e+12
Z	-31.3128
alpha	-0.275466
betta	2.26292
gamma	-0.25816
Vx	-19.9645
Vy	17.9348
Vz	7.01551
engIng	0
cFuel	285
tfuel	41
======================================================

Initial Parametrs
rOa	{ 93 ; 119 ; -50 }

V	{ 10 ; 20 ; 20 }

w	{ -0.5 ; -0.5 ; -0.5 }

alpha	-0.35
betta	-0.35
gamma	-0.35
======================================================

 Layer 2

node  1		 link	 weight	 bias -15.469
		1  0	-0.36
		2  1	-8.497
		3  1	-1.29
		4  0	-0.307
		5  0	-0.475
		6  0	-0.191
		7  0	0.434
		8  0	-0.169
		9  1	-5.999
		10  0	0.334

node  2		 link	 weight	 bias -3.818
		1  0	0.183
		2  0	-0.327
		3  0	0.162
		4  0	-0.042
		5  1	-0.085
		6  1	5.862
		7  0	-0.082
		8  0	0.389
		9  0	0.43
		10  0	0.417

node  3		 link	 weight	 bias -2.196
		1  1	0.745
		2  1	-4.277
		3  1	-0.00500065
		4  0	6.869
		5  1	-9.638
		6  1	5.027
		7  0	0.064
		8  0	0.48
		9  0	-0.043
		10  0	0.211

node  4		 link	 weight	 bias -4.739
		1  0	-0.284
		2  1	14.186
		3  0	0.019
		4  0	-0.316
		5  0	-0.019
		6  0	0.049
		7  0	-0.178
		8  0	0.326
		9  0	0.311
		10  1	-0.868999

node  5		 link	 weight	 bias -2.652
		1  1	-1.967
		2  1	-2.556
		3  1	-4.456
		4  1	8.596
		5  0	-0.26
		6  1	-10.745
		7  1	-3.18
		8  0	-0.183
		9  0	-0.016
		10  0	0.197


 Layer 3

node  1		 link	 weight	 bias 3.45
		1  0	-0.483
		2  0	-0.013
		3  0	-0.195
		4  0	-0.225
		5  0	-0.452
		6  0	-0.457
		7  1	2.053
		8  0	0.06
		9  1	2.267
		10  1	-13.019
		12  0	-0.377
		13  0	-0.126
		14  0	-0.077
		15  0	-0.496
		16  0	0.445

node  2		 link	 weight	 bias -0.97
		1  1	-13.898
		2  0	0.281
		3  1	-2.432
		4  0	0.057
		5  0	-0.332
		6  0	0.158
		7  0	-0.047
		8  0	0.459
		9  1	2.807
		10  0	0.34
		12  0	0.1
		13  1	-21.223
		14  0	0.201
		15  0	-0.312
		16  1	-8.642

node  3		 link	 weight	 bias -7.078
		1  0	0.118
		2  0	-0.036
		3  0	0.00199997
		4  0	0.307
		5  0	0.46
		6  0	-0.24
		7  0	-0.379
		8  0	0.373
		9  0	0.303
		10  0	0.157
		12  1	-12.633
		13  0	0.391
		14  0	0.219
		15  0	-0.264
		16  0	-0.36

node  4		 link	 weight	 bias -3.708
		1  0	-0.237
		2  1	13.44
		3  0	0.337
		4  0	0.00199997
		5  0	0.118
		6  1	-6.09
		7  0	-0.118
		8  0	0.476
		9  0	-3.632
		10  1	2.169
		12  0	-0.463
		13  0	-0.031
		14  0	0.478
		15  1	0.724
		16  0	-0.073

node  5		 link	 weight	 bias -2.221
		1  1	-5.59
		2  1	-9.553
		3  0	0.043
		4  0	0.044
		5  1	1.525
		6  0	0.094
		7  0	-0.142
		8  0	0.096
		9  0	-0.406
		10  1	-3.758
		12  0	-0.493
		13  0	-0.48
		14  0	9.027
		15  0	0.282
		16  0	-0.133


 Layer 4

node  1		 link	 weight	 bias 1.388
		1  0	-1.336
		2  0	0.357
		3  0	0.017
		4  1	2.228
		5  1	-5.795
		6  0	-0.125
		7  0	-0.221
		8  0	-0.017
		9  0	0.144
		10  0	0.413
		12  0	0.321
		13  0	-0.03
		14  1	0.255
		15  0	0.225
		16  1	6.114
		17  0	-0.403
		18  0	0.342
		19  0	0.27
		20  1	3.84
		21  0	-0.011


 Layer 2

node  1		 link	 weight	 bias 0.792
		1  0	-0.012
		2  0	-0.212
		3  0	-0.324
		4  1	-5.643
		5  1	1.19
		6  1	0.848
		7  0	-0.44
		8  0	-0.453
		9  1	-4.47
		10  0	0.297

node  2		 link	 weight	 bias -1.268
		1  0	0.27
		2  1	-1.609
		3  0	0.483
		4  0	-0.129
		5  0	-3.661
		6  0	-0.303
		7  0	-0.087
		8  1	19.269
		9  0	-0.036
		10  0	-0.165

node  3		 link	 weight	 bias -9.286
		1  0	0.24
		2  1	-10.3
		3  1	-8.841
		4  0	0.106
		5  0	-0.143
		6  0	0.077
		7  0	0.075
		8  0	0.39
		9  0	-0.408
		10  0	-4.011

node  4		 link	 weight	 bias 2.5
		1  0	0.214
		2  0	-0.00600001
		3  0	-0.23
		4  0	0.146
		5  1	3.119
		6  0	0.017
		7  1	0.126
		8  0	0.452
		9  1	-2.82
		10  0	-0.312

node  5		 link	 weight	 bias 4.781
		1  1	-5.173
		2  0	0.199
		3  0	0.028
		4  0	0.398
		5  0	0.005
		6  0	-0.018
		7  1	5.517
		8  0	-0.387
		9  0	-0.386
		10  0	0.102


 Layer 3

node  1		 link	 weight	 bias -2.579
		1  1	-4.56
		2  0	-0.183
		3  1	-3.699
		4  0	0.021
		5  0	0.131
		6  0	-0.061
		7  1	-3.256
		8  1	-4.58
		9  0	0.042
		10  0	0.435
		12  0	-0.243
		13  1	2.502
		14  0	-0.482
		15  0	0.312
		16  0	0.467

node  2		 link	 weight	 bias -0.75
		1  1	-4.523
		2  0	-0.493
		3  1	-1.661
		4  0	0.453
		5  0	-0.306
		6  0	0.466
		7  0	1.967
		8  0	4.134
		9  0	0.363
		10  0	-0.05
		12  1	1.401
		13  0	-0.144
		14  0	0.039
		15  0	-0.1
		16  0	0.059

node  3		 link	 weight	 bias 6.225
		1  0	0.159
		2  1	1.058
		3  1	7.868
		4  0	-0.057
		5  1	7.587
		6  0	0.416
		7  1	-1.775
		8  1	2.163
		9  0	0.423
		10  1	2.114
		12  0	-0.081
		13  0	-0.474
		14  1	-3.829
		15  0	0.322
		16  1	-0.266001

node  4		 link	 weight	 bias 4.662
		1  0	-0.074
		2  1	-0.186
		3  0	-0.198
		4  1	9.467
		5  0	-0.2
		6  0	-0.11
		7  0	0.148
		8  0	-0.359
		9  0	0.433
		10  1	-4.025
		12  0	0.207
		13  0	0.253
		14  0	-0.498
		15  0	-0.44
		16  0	-0.00999999

node  5		 link	 weight	 bias -0.395
		1  0	0.143
		2  0	0.487
		3  0	-0.33
		4  0	-0.117
		5  0	-0.04
		6  0	-0.344
		7  0	0.081
		8  1	0.0409999
		9  0	-0.401
		10  0	-0.5
		12  1	-0.118
		13  1	0.24
		14  0	-0.289
		15  1	-1.469
		16  0	-0.122


 Layer 4

node  1		 link	 weight	 bias -2.816
		1  0	-0.296
		2  0	0.293
		3  0	0.22
		4  1	0.734
		5  0	0.261
		6  0	0.072
		7  0	-0.234
		8  1	1.029
		9  0	0.145
		10  0	0.09
		12  1	-4.223
		13  0	0.173
		14  0	0.257
		15  0	0.195
		16  0	-0.392
		17  0	-0.165
		18  0	-0.199
		19  1	0.566999
		20  0	0.43
		21  1	-1.941


 Layer 2

node  1		 link	 weight	 bias 9.433
		1  0	-0.211
		2  0	-0.379
		3  0	-0.134
		4  0	-0.263
		5  0	0.058
		6  1	-7.11
		7  0	-0.11
		8  0	-0.336
		9  0	0.013
		10  0	-0.204

node  2		 link	 weight	 bias -1.364
		1  0	-0.191
		2  0	-0.253
		3  1	6.76
		4  1	2.832
		5  1	3.624
		6  1	3.423
		7  1	-0.893
		8  0	0.394
		9  0	-0.399
		10  1	1.741

node  3		 link	 weight	 bias 9.715
		1  1	6.229
		2  1	-17.666
		3  0	0.488
		4  0	-1.391
		5  0	-0.225
		6  0	0.348
		7  1	-13.893
		8  1	7.115
		9  0	-0.308
		10  1	-7.743

node  4		 link	 weight	 bias 8.104
		1  1	-11.447
		2  1	6.218
		3  0	0.018
		4  1	11.167
		5  0	-0.339
		6  1	5.093
		7  0	-1.151
		8  0	0.195
		9  1	-2.087
		10  0	0.484

node  5		 link	 weight	 bias 0.83
		1  0	-0.031
		2  0	-0.007
		3  0	0.322
		4  0	-0.0810001
		5  1	-3.849
		6  0	0.075
		7  1	6.624
		8  0	-0.27
		9  1	2.442
		10  1	-0.125


 Layer 3

node  1		 link	 weight	 bias 1.39
		1  0	-0.358
		2  0	0.202
		3  1	-8.541
		4  1	0.258
		5  0	-0.019
		6  0	0.224
		7  0	-0.384
		8  0	0.121
		9  0	0.448
		10  0	-0.245
		12  0	-0.776
		13  0	0.046
		14  0	-0.268
		15  0	0.085
		16  0	0.085

node  2		 link	 weight	 bias -16.511
		1  0	0.457
		2  0	-0.203
		3  0	0.322
		4  1	4.38
		5  0	0.331
		6  0	0.252
		7  0	-6.571
		8  0	-0.294
		9  0	0.337
		10  0	-0.085
		12  0	0.396
		13  1	1.557
		14  0	-0.24
		15  0	-0.45
		16  0	0.383

node  3		 link	 weight	 bias 0.0609999
		1  0	-0.416
		2  0	0.185
		3  0	-0.144
		4  1	-0.767
		5  0	0.041
		6  1	-0.13
		7  0	0.024
		8  1	0.973
		9  1	1.039
		10  0	-0.062
		12  0	0.161
		13  0	-0.193
		14  0	-0.097
		15  0	-0.257
		16  1	1.498

node  4		 link	 weight	 bias 2.788
		1  0	-0.299
		2  0	0.066
		3  0	-0.096
		4  0	-0.452
		5  1	1.99
		6  1	-1.269
		7  0	-0.123
		8  1	3.452
		9  1	-8.182
		10  0	0.064
		12  0	0.173
		13  0	2.344
		14  0	-0.491
		15  1	0.578
		16  1	-13.611

node  5		 link	 weight	 bias -0.488
		1  1	-0.843
		2  0	0.296
		3  0	-0.25
		4  0	3.37
		5  0	-0.095
		6  0	-0.185
		7  0	-0.319
		8  0	-0.084
		9  0	0.218
		10  0	4.648
		12  0	-0.275
		13  0	-0.254
		14  0	0.285
		15  1	9.967
		16  1	-7.122


 Layer 4

node  1		 link	 weight	 bias 0.194
		1  0	-0.092
		2  0	-0.199
		3  0	-0.317
		4  0	-0.078
		5  0	-0.087
		6  1	0.923
		7  1	1.493
		8  1	1.315
		9  0	0.346
		10  0	-0.344
		12  0	-0.378
		13  0	-0.298
		14  0	-0.205
		15  1	-1.465
		16  0	0.307
		17  0	-0.197
		18  0	0.433
		19  1	-0.894
		20  0	-0.26
		21  0	0.194


 Layer 2

node  1		 link	 weight	 bias -4.156
		1  1	-3.3
		2  0	-0.355
		3  0	0.014
		4  1	4.986
		5  1	1.018
		6  0	-0.234
		7  0	-0.138
		8  0	-0.325
		9  0	0.029
		10  0	0.024

node  2		 link	 weight	 bias -3.364
		1  0	0.484
		2  1	-8.533
		3  1	4.854
		4  0	-5.276
		5  0	-0.264
		6  0	-0.296
		7  1	-2.145
		8  0	-0.092
		9  0	-0.304
		10  0	0.307

node  3		 link	 weight	 bias 0.382
		1  1	-0.374
		2  0	-0.088
		3  0	0.135
		4  0	-9.245
		5  0	0.492
		6  0	0.247
		7  0	-0.354
		8  0	2.545
		9  0	-0.038
		10  1	18.219

node  4		 link	 weight	 bias -0.611
		1  0	0.179
		2  0	-0.109
		3  0	0.277
		4  0	-0.087
		5  0	-0.285
		6  0	-0.163
		7  0	-5.62
		8  1	1.618
		9  0	0.206
		10  1	-1.012

node  5		 link	 weight	 bias 0.099
		1  1	-2.546
		2  1	-1.191
		3  0	0.363
		4  1	6.14
		5  0	-0.194
		6  1	-5.095
		7  1	-1.209
		8  1	-10.058
		9  0	-0.016
		10  0	0.252


 Layer 3

node  1		 link	 weight	 bias -3.838
		1  0	-3.519
		2  1	0.056
		3  1	-3.062
		4  0	-0.189
		5  0	0.214
		6  0	-0.073
		7  0	-11.402
		8  0	0.075
		9  0	0.036
		10  0	0.483
		12  0	0.473
		13  0	0.378
		14  0	0.421
		15  0	-0.396
		16  0	-0.116

node  2		 link	 weight	 bias 1.479
		1  0	-0.44
		2  1	-2.543
		3  0	-0.485
		4  0	0.234
		5  0	-0.08
		6  0	0.017
		7  0	0.193
		8  0	0.2
		9  0	-0.299
		10  0	-0.449
		12  1	11.812
		13  0	0.405
		14  0	-0.454
		15  0	5.196
		16  0	-0.00299999

node  3		 link	 weight	 bias -2.792
		1  0	0.155
		2  0	0.369
		3  1	-2.674
		4  0	0.343
		5  0	0.107
		6  1	3.902
		7  1	9.163
		8  1	0.289
		9  1	-11.699
		10  1	2.24
		12  0	0.443
		13  0	0.193
		14  1	-1.056
		15  1	-2.917
		16  0	-0.241

node  4		 link	 weight	 bias -0.21
		1  1	-4.479
		2  0	-0.392
		3  0	-0.399
		4  0	-0.301
		5  0	-0.182
		6  0	-0.496
		7  0	0.324
		8  0	0.212
		9  0	-0.13
		10  0	-0.372
		12  0	0.093
		13  0	-0.227
		14  0	-0.202
		15  0	0.133
		16  0	-0.002

node  5		 link	 weight	 bias -3.715
		1  0	-0.348
		2  1	8.13
		3  0	-0.043
		4  1	-9.248
		5  0	-0.393
		6  1	2.123
		7  0	-0.336
		8  1	-4.182
		9  0	-0.326
		10  1	-5.804
		12  0	0.48
		13  1	6.612
		14  0	0.408
		15  1	-4.436
		16  1	4.506


 Layer 4

node  1		 link	 weight	 bias 0.564
		1  1	0.232
		2  0	-0.393
		3  0	-0.00400001
		4  1	-0.575
		5  1	-0.498
		6  0	-0.447
		7  0	0.267
		8  0	0.043
		9  0	0.152
		10  0	-0.425
		12  0	0
		13  0	-0.306
		14  0	0.445
		15  0	0.126
		16  0	0.12
		17  0	0.429
		18  0	-0.331
		19  0	0.389
		20  1	2.439
		21  0	0.109
