
======================================================
Score	2.70818e+10
Z	0
alpha	2.12009
betta	-1.05827
gamma	-1.16277
Vx	-14.9445
Vy	16.6316
Vz	19.0589
engIng	0
cFuel	12
tfuel	17.083
======================================================

Initial Parametrs
rOa	{ 0 ; 0 ; -51.95 }

V	{ 10 ; 19.98 ; 19.61 }

w	{ -0.4975 ; -0.4974 ; -0.4981 }

alpha	-0.34939
betta	-0.34997
gamma	-0.34406
======================================================

 Layer 2

node  1		 link	 weight	 bias -22.137
		1  1	-14.769
		2  0	-14.338
		3  1	6.654
		4  0	-5.91
		5  1	-11.568
		6  1	-4.623
		7  0	-2.586
		8  0	1.68
		9  1	3.215
		10  0	0.518

node  2		 link	 weight	 bias -3.925
		1  1	-0.905
		2  1	-14.695
		3  0	-7.854
		4  0	10.483
		5  1	-17.008
		6  0	-10.646
		7  1	10.605
		8  1	5.398
		9  1	13.838
		10  0	-5.344

node  3		 link	 weight	 bias -4.244
		1  1	-0.872
		2  0	-1.396
		3  0	0.377
		4  1	-3.519
		5  0	-0.165
		6  0	-2.368
		7  0	-6.028
		8  0	-3.109
		9  0	-1.203
		10  1	-7.657

node  4		 link	 weight	 bias -5.858
		1  0	5.239
		2  0	0.423
		3  0	-2.345
		4  1	-1.567
		5  1	-12.191
		6  1	2.484
		7  0	19.818
		8  0	-3.345
		9  0	-2.373
		10  0	4.157

node  5		 link	 weight	 bias 1.498
		1  1	-16.685
		2  0	-0.835
		3  1	1.213
		4  1	4.516
		5  0	-0.92
		6  1	-6.963
		7  1	11.079
		8  1	-13.793
		9  1	-15.41
		10  0	-7.76

node  6		 link	 weight	 bias -11.019
		1  1	13.02
		2  1	-3.369
		3  1	1.987
		4  1	-12.602
		5  1	-8.325
		6  1	-21.923
		7  0	-11.376
		8  0	0.699
		9  0	8.07
		10  1	-3.494


 Layer 3

node  1		 link	 weight	 bias -31.885
		1  0	0.828
		2  0	0.25
		3  1	-24.802
		4  1	-18.938
		5  1	-7.133
		6  0	-2.465
		7  1	4.971
		8  0	-1.149
		9  1	-0.114
		10  0	-17.175
		12  0	0.645
		13  0	-7.274
		14  1	1.509
		15  1	1.626
		16  1	7.679
		17  1	-1.242

node  2		 link	 weight	 bias -25.173
		1  0	1.457
		2  1	-8.896
		3  1	-4.857
		4  0	-0.195
		5  1	4.337
		6  0	3.639
		7  1	-7.401
		8  1	1.939
		9  1	-13.368
		10  0	-0.405
		12  0	-4.981
		13  1	-11.698
		14  1	4.134
		15  1	-5.609
		16  0	-5.554
		17  0	4.849

node  3		 link	 weight	 bias -14.671
		1  1	0.447
		2  0	-7.025
		3  0	5.459
		4  0	-12.747
		5  1	17.43
		6  0	-0.724
		7  1	-15.095
		8  1	0.899
		9  1	11.066
		10  0	-8.8
		12  0	0.366
		13  1	3.299
		14  1	9.421
		15  0	-8.876
		16  1	15.195
		17  0	-8.443

node  4		 link	 weight	 bias -15.214
		1  0	-9.818
		2  1	-17.58
		3  1	-3.723
		4  1	-11.182
		5  1	-47.74
		6  1	-9.409
		7  0	4.957
		8  0	0.403
		9  1	-3.732
		10  0	1.639
		12  0	-9.664
		13  0	0.271
		14  0	1.732
		15  0	-3.056
		16  1	-24.037
		17  1	0.869

node  5		 link	 weight	 bias 7.649
		1  0	-10.032
		2  1	-17.164
		3  1	3.409
		4  0	0.731
		5  0	-0.139
		6  1	-9.533
		7  0	1.87
		8  1	4.213
		9  0	-0.513
		10  0	-7.162
		12  1	-16.498
		13  1	-7.982
		14  1	-13.89
		15  1	3.585
		16  0	3.839
		17  1	-12.017

node  6		 link	 weight	 bias 2.645
		1  1	0.35
		2  1	1.216
		3  1	-1.614
		4  0	-6.314
		5  1	12.881
		6  1	-20.529
		7  1	-4.392
		8  1	-3.897
		9  1	1.468
		10  0	-12.223
		12  0	-2.511
		13  1	27.094
		14  1	-12.365
		15  0	-2.276
		16  1	-1.852
		17  1	12.117


 Layer 4

node  1		 link	 weight	 bias -0.897
		1  1	-9.907
		2  0	0.853
		3  1	-2.521
		4  0	-19.052
		5  1	-25.538
		6  0	-9.004
		7  0	-17.948
		8  1	3.935
		9  0	2.522
		10  1	-15.217
		12  0	0.318
		13  1	-3.391
		14  1	3.499
		15  0	0.687
		16  1	-13.032
		17  1	-8.558
		18  1	6.465
		19  1	15.955
		20  1	2.001
		21  1	-5.637
		22  1	-2.062
		23  1	-26.733

node  2		 link	 weight	 bias -14.817
		1  0	-2.586
		2  1	-20.452
		3  0	-0.428
		4  1	-8.484
		5  0	3.307
		6  0	-14.872
		7  0	-4.391
		8  0	-3.383
		9  0	-0.595
		10  0	-2.656
		12  0	0.39
		13  1	7.141
		14  1	-0.389
		15  0	-12.12
		16  1	2.128
		17  0	-0.132
		18  1	15.578
		19  1	-14.436
		20  1	2.116
		21  0	-0.124
		22  1	-12.822
		23  0	4.374

node  3		 link	 weight	 bias -21.842
		1  1	10.884
		2  0	-10.426
		3  1	4.677
		4  0	-0.401
		5  1	8.64
		6  1	6.13
		7  1	-5.96
		8  0	4.374
		9  1	-2.33
		10  0	0.565
		12  0	0.688
		13  1	0.845
		14  1	-18.794
		15  0	-1.351
		16  1	-12.645
		17  1	-5.502
		18  0	0.349
		19  1	-30.062
		20  0	-7.026
		21  1	-14.49
		22  0	1.148
		23  1	-1.734

node  4		 link	 weight	 bias -5.413
		1  1	-4.867
		2  0	3.111
		3  0	-3.761
		4  0	-0.436
		5  0	-0.825
		6  1	-6.721
		7  0	-5.692
		8  1	-15.48
		9  0	-16.344
		10  0	-0.565
		12  1	-0.08
		13  1	-11.543
		14  0	0.995
		15  1	-43.749
		16  1	0.322
		17  0	-0.744
		18  1	-7.35
		19  0	4.631
		20  0	-0.92
		21  0	7.143
		22  1	-0.179
		23  1	-4.315

node  5		 link	 weight	 bias 6.922
		1  1	-1.319
		2  1	13.714
		3  0	-5.529
		4  0	1.01
		5  0	0.051
		6  1	0.786
		7  1	-7.67
		8  0	-2.335
		9  0	4.463
		10  0	-18.426
		12  1	-17.859
		13  1	-2.268
		14  1	7.487
		15  0	0.25
		16  0	-8.721
		17  1	-8.046
		18  1	3.746
		19  1	9.36
		20  0	-2.4
		21  1	-4.65
		22  1	-6.804
		23  0	10.464

node  6		 link	 weight	 bias -4.707
		1  1	0.989
		2  0	4.919
		3  1	-6.123
		4  0	-20.705
		5  1	-1.319
		6  0	-4.865
		7  1	-14.563
		8  0	-0.257
		9  0	-0.534
		10  1	-4.499
		12  1	-7.768
		13  1	-2.549
		14  0	-23.476
		15  0	2.547
		16  0	12.325
		17  0	0.986
		18  1	-14.817
		19  1	3.189
		20  0	-19.309
		21  0	0.973
		22  1	-12.15
		23  1	-7.208


 Layer 5

node  1		 link	 weight	 bias 0.007
		1  0	-0.299
		2  0	0.742
		3  0	-0.71
		4  0	0.15
		5  0	-0.26
		6  0	-0.05
		7  0	0.142
		8  0	0.059
		9  1	-0.768
		10  0	-0.285
		12  0	0.0700001
		13  0	-0.732
		14  0	-6.329
		15  0	-0.342
		16  0	0.839
		17  0	0.386
		18  0	0.335
		19  0	-0.323
		20  0	0.495
		21  0	-0.726
		22  0	0.824
		23  0	0.609
		24  0	-0.425
		25  1	-0.029
		26  0	0.041
		27  0	-0.809
		28  0	0.641
		29  0	0.423


 Layer 2

node  1		 link	 weight	 bias -8.472
		1  0	0.074
		2  1	-7.221
		3  1	5.862
		4  0	2.554
		5  1	-12.524
		6  1	-16.566
		7  0	-20.298
		8  0	-0.502
		9  1	-0.117
		10  1	-6.128

node  2		 link	 weight	 bias 3.38
		1  0	0.673
		2  0	-0.929
		3  0	-2.774
		4  1	-4.029
		5  0	0.498
		6  0	-0.229
		7  0	-0.791
		8  0	0.0319999
		9  0	-0.027
		10  0	1.898

node  3		 link	 weight	 bias 5.501
		1  0	0.213
		2  0	-4.299
		3  0	0.393
		4  0	0.771
		5  1	-6.538
		6  1	-5.549
		7  1	3.602
		8  0	-5.723
		9  1	-9.827
		10  1	-1.906

node  4		 link	 weight	 bias 6.58
		1  1	-1.858
		2  0	-0.523
		3  1	-14.028
		4  1	-12.707
		5  0	3.473
		6  0	-7.003
		7  0	-2.414
		8  1	-11.644
		9  0	-0.072
		10  1	-35.89

node  5		 link	 weight	 bias -32.467
		1  0	4.603
		2  0	12.918
		3  1	-7.906
		4  1	-16.335
		5  1	9.728
		6  0	-7.961
		7  1	-7.415
		8  0	-5.66
		9  1	-11.8
		10  1	-3.663

node  6		 link	 weight	 bias -11.803
		1  0	-10.281
		2  0	3.152
		3  1	0.377
		4  0	-1.753
		5  1	-0.652
		6  1	-17.222
		7  0	-16.472
		8  1	2.674
		9  0	-11.355
		10  1	-7.308


 Layer 3

node  1		 link	 weight	 bias 5.794
		1  1	-25.575
		2  0	-1.403
		3  0	15.363
		4  1	-13.473
		5  1	0.856
		6  0	-6.83
		7  1	-31.192
		8  1	-25.23
		9  0	-11.426
		10  1	0.94
		12  1	-16.448
		13  0	-7.135
		14  1	-23.671
		15  0	-0.897
		16  0	-1.708
		17  0	-0.636

node  2		 link	 weight	 bias -12.539
		1  0	-0.507
		2  0	2.137
		3  0	-4.201
		4  0	-2.82
		5  0	-0.63
		6  0	2.445
		7  0	-1.176
		8  0	9.92
		9  0	-7.077
		10  0	0.929
		12  1	0.545
		13  0	-9.185
		14  1	-10.589
		15  0	-11.583
		16  1	-14.166
		17  1	-2.016

node  3		 link	 weight	 bias 14.975
		1  1	-5.585
		2  0	-0.827
		3  1	-10.252
		4  0	19.737
		5  1	6.459
		6  1	-17.218
		7  0	-0.674
		8  0	0.959
		9  0	1.133
		10  0	-19.283
		12  0	-6.563
		13  0	-10.272
		14  0	-5.694
		15  0	-5.746
		16  0	-4.029
		17  0	-0.034

node  4		 link	 weight	 bias -28.255
		1  0	0.258
		2  1	-17.651
		3  1	-17.775
		4  0	3.483
		5  1	-1.027
		6  0	-0.237
		7  1	-2.404
		8  0	-2.622
		9  1	-5.756
		10  0	-11.919
		12  0	6.189
		13  0	3.755
		14  1	2.491
		15  1	-5.171
		16  0	0.031
		17  1	-20.943

node  5		 link	 weight	 bias 10.212
		1  0	0.891
		2  0	-0.833
		3  1	20.707
		4  0	-7.313
		5  1	-2.931
		6  1	-15.41
		7  0	-7.981
		8  1	-15.745
		9  1	-2.283
		10  0	12.581
		12  1	-30.225
		13  1	11.785
		14  0	6.212
		15  0	0.997
		16  0	-2.572
		17  0	6.995

node  6		 link	 weight	 bias 9.013
		1  1	-5.974
		2  0	5.494
		3  1	-1.938
		4  0	3.113
		5  1	-8.396
		6  0	2.488
		7  1	4.47
		8  0	11.732
		9  1	-15.092
		10  0	-0.086
		12  0	-3.982
		13  1	-6.644
		14  0	1.512
		15  0	0.224
		16  1	2.452
		17  0	7.643


 Layer 4

node  1		 link	 weight	 bias -19.19
		1  0	-5.186
		2  0	-0.704
		3  1	5.036
		4  0	0.274
		5  0	-1.508
		6  1	-21.979
		7  0	-5.836
		8  0	-9.235
		9  0	12.299
		10  1	-12.866
		12  0	-0.234
		13  1	-21.335
		14  1	-6.055
		15  1	-3.727
		16  0	-18.678
		17  0	-11.407
		18  1	5.829
		19  0	-0.88
		20  0	0.525
		21  0	-3.62
		22  1	-8.782
		23  1	2.797

node  2		 link	 weight	 bias -11.763
		1  1	-20.946
		2  1	4.222
		3  0	-0.875
		4  0	-1.697
		5  1	-0.442
		6  0	0.843
		7  1	-6.926
		8  1	-3.911
		9  1	3.652
		10  1	26.026
		12  0	-16.238
		13  1	7.745
		14  1	16.58
		15  1	-5.27
		16  1	11.096
		17  1	-7.225
		18  1	4.229
		19  1	-11.065
		20  1	-22.007
		21  0	2.434
		22  1	-22.514
		23  1	-5.704

node  3		 link	 weight	 bias -12.675
		1  0	-0.635
		2  1	-5.497
		3  1	-11.206
		4  0	-2.986
		5  1	5.424
		6  1	-3.738
		7  0	3.695
		8  1	2.014
		9  1	-16.893
		10  1	-8.297
		12  0	0.924
		13  0	14.999
		14  1	0.801
		15  1	-9.351
		16  1	-25.356
		17  1	13.925
		18  1	-11.765
		19  1	2.84
		20  0	-1.709
		21  1	-2.368
		22  0	-0.336
		23  0	-0.817

node  4		 link	 weight	 bias -2.621
		1  0	-1.018
		2  0	3.704
		3  0	-10.098
		4  1	-0.687
		5  1	-19.922
		6  1	-2.647
		7  1	-9.882
		8  1	-7.812
		9  0	-8.988
		10  0	1.034
		12  1	-9.854
		13  0	0.289
		14  0	-0.727
		15  1	6.289
		16  0	-4.116
		17  1	-18.812
		18  1	-10.515
		19  1	5.463
		20  0	-4.893
		21  1	-10.01
		22  0	-1.276
		23  1	-8.055

node  5		 link	 weight	 bias -13.943
		1  1	-12.645
		2  0	-0.091
		3  1	-17.001
		4  1	-30.737
		5  1	-26.858
		6  0	-20.766
		7  0	-9.464
		8  1	-6.408
		9  1	-27.474
		10  1	-14.531
		12  1	-22.926
		13  0	-0.634
		14  1	6.658
		15  1	-3.826
		16  0	-2.116
		17  0	5.963
		18  1	-8.027
		19  1	-6.985
		20  0	-0.728
		21  0	0.721
		22  0	-0.867
		23  0	18.845

node  6		 link	 weight	 bias -19.48
		1  0	-7.016
		2  1	5.216
		3  0	-2.332
		4  0	-4.952
		5  1	5.118
		6  0	-0.255
		7  1	16.016
		8  0	-1.09
		9  1	-3.031
		10  0	-9.857
		12  1	-15.468
		13  1	-19.081
		14  1	-23.925
		15  0	-1.673
		16  1	-3.69
		17  0	-17.316
		18  0	-21.265
		19  1	8.774
		20  1	1.843
		21  1	24.901
		22  0	2.29
		23  0	-1.887


 Layer 5

node  1		 link	 weight	 bias 1.178
		1  0	-0.952
		2  0	0.569
		3  0	-0.424
		4  1	6.109
		5  1	-3.044
		6  0	0.767
		7  0	0.259
		8  0	-0.402
		9  0	0.276
		10  1	-0.333
		12  1	-3.743
		13  1	-2.134
		14  0	-0.393
		15  1	0.92
		16  0	-0.384
		17  0	-0.461
		18  0	0.572
		19  0	0.856
		20  0	0.395
		21  1	-1.347
		22  0	-0.076
		23  0	0.783
		24  0	-0.269
		25  1	-2.924
		26  0	0.7
		27  0	0.635
		28  0	-0.695
		29  0	-0.483


 Layer 2

node  1		 link	 weight	 bias 7.255
		1  0	0.609
		2  1	-20.578
		3  1	7.303
		4  0	0.646
		5  0	0.892
		6  0	-0.26
		7  1	-5.367
		8  0	-1.624
		9  1	-3.417
		10  0	-0.187

node  2		 link	 weight	 bias 0.322
		1  1	-15.078
		2  0	2.745
		3  1	-13.205
		4  0	-9.516
		5  0	-6.114
		6  0	0.9
		7  1	-17.244
		8  0	-7.103
		9  0	-17.034
		10  1	-3.543

node  3		 link	 weight	 bias 5.127
		1  1	-7.448
		2  0	2.871
		3  1	-0.243
		4  1	-20.111
		5  0	-12.549
		6  0	-1.891
		7  1	-20.401
		8  1	-12.145
		9  0	-0.381
		10  1	-4.602

node  4		 link	 weight	 bias -14.209
		1  0	-19.032
		2  1	-3.13
		3  1	-1.687
		4  1	-8.147
		5  1	-7.396
		6  1	-28.905
		7  1	-11.724
		8  1	-3.704
		9  1	5.064
		10  0	-0.91

node  5		 link	 weight	 bias -3.73
		1  1	-4.764
		2  0	-0.205
		3  0	-1.532
		4  1	-2.414
		5  0	-5.567
		6  1	-2.785
		7  0	1.809
		8  1	7.528
		9  1	-16.011
		10  0	0.06

node  6		 link	 weight	 bias -4.176
		1  0	-14.384
		2  0	-2.94
		3  0	3.567
		4  1	-10.508
		5  0	-18.349
		6  1	4.198
		7  1	-9.126
		8  0	0.686
		9  1	-8.285
		10  1	-13.478


 Layer 3

node  1		 link	 weight	 bias 0.32
		1  0	0.976
		2  0	-0.893
		3  0	0.61
		4  0	-0.575
		5  1	-4.804
		6  0	0.8
		7  0	0.383
		8  0	0.476
		9  0	-0.703
		10  0	-0.714
		12  1	1.115
		13  1	-0.617
		14  1	0.054
		15  1	-0.349
		16  0	-0.725
		17  0	-0.761

node  2		 link	 weight	 bias -9.842
		1  0	-10.948
		2  1	-9.857
		3  0	-1.058
		4  0	-21.34
		5  0	3.229
		6  0	2.675
		7  0	-7.768
		8  0	-3.073
		9  0	-2.379
		10  1	4.959
		12  0	-25.005
		13  0	-4.213
		14  1	-13.393
		15  1	-4.854
		16  1	-11.333
		17  0	9.692

node  3		 link	 weight	 bias 6.255
		1  0	-3.59
		2  1	-16.108
		3  1	-6.034
		4  0	1.129
		5  0	-8.62
		6  1	1.182
		7  1	-7.071
		8  1	-8.413
		9  0	3.422
		10  0	-1.451
		12  1	-20.575
		13  0	-0.975
		14  0	-0.175
		15  1	-5.046
		16  1	3.835
		17  1	-10.533

node  4		 link	 weight	 bias -29.987
		1  0	0.602
		2  0	1.72
		3  0	2.108
		4  0	-0.149
		5  0	-22.124
		6  0	-5.551
		7  0	-11.237
		8  0	-4.213
		9  1	15.172
		10  1	-10.999
		12  0	-13.012
		13  1	-4.522
		14  1	-10.015
		15  0	0.891
		16  1	-18.3
		17  0	-0.72

node  5		 link	 weight	 bias -11.039
		1  0	0.726
		2  1	-7.456
		3  0	-6.855
		4  1	-0.451
		5  0	24.112
		6  0	32.133
		7  0	2.463
		8  1	-4.309
		9  0	-0.782
		10  1	-10.724
		12  0	7.278
		13  0	-14.973
		14  0	-19.58
		15  0	-4.902
		16  1	-2.886
		17  1	-7.904

node  6		 link	 weight	 bias 16.148
		1  0	-9.979
		2  1	-9.706
		3  0	-0.063
		4  1	-27.118
		5  0	3.796
		6  1	19.518
		7  1	-3.341
		8  1	0.894
		9  1	-2.324
		10  0	-5.528
		12  1	5.542
		13  1	-8.719
		14  1	15.884
		15  0	9.047
		16  1	14.814
		17  1	3.043


 Layer 4

node  1		 link	 weight	 bias 9.672
		1  1	-36.753
		2  0	2.927
		3  0	-2.758
		4  1	-2.913
		5  0	5.381
		6  0	-0.263
		7  0	0.099
		8  0	10.134
		9  0	-0.855
		10  0	10.812
		12  0	-0.053
		13  1	-1.838
		14  0	-12.862
		15  1	-9.281
		16  1	-11.941
		17  0	2.967
		18  0	-7.099
		19  0	3.92
		20  0	-6.937
		21  1	-2.572
		22  1	10.454
		23  0	-1.724

node  2		 link	 weight	 bias 8.111
		1  0	0.979
		2  1	-25.235
		3  0	-3.87
		4  1	-16.849
		5  0	-9.125
		6  0	-4.484
		7  0	0.0779999
		8  0	-12.394
		9  1	-14.274
		10  0	-5.869
		12  0	28.924
		13  1	0.443
		14  0	-1.142
		15  1	-22.425
		16  0	-0.974
		17  1	-16.244
		18  1	-21.311
		19  1	6.377
		20  1	-4.928
		21  1	-24.873
		22  0	-4.785
		23  1	11.79

node  3		 link	 weight	 bias -2.095
		1  0	-15.815
		2  0	-14.583
		3  0	-6.036
		4  0	-0.822
		5  1	-10.961
		6  0	0.817
		7  1	-27.34
		8  1	-20.967
		9  1	-13.96
		10  1	-6.045
		12  0	-15.067
		13  0	0.344
		14  1	9.611
		15  1	-4.569
		16  0	-12.168
		17  0	1.618
		18  1	-2.306
		19  0	-11.249
		20  0	-8.865
		21  1	-16.49
		22  0	5.774
		23  0	-3.693

node  4		 link	 weight	 bias 1.144
		1  1	-22.194
		2  0	-7.88
		3  0	-4.931
		4  0	-8.552
		5  1	-27.532
		6  1	-19.275
		7  1	-25.724
		8  0	4.576
		9  0	-6.688
		10  1	-0.425
		12  1	-19.304
		13  0	-3.731
		14  1	3.341
		15  0	-0.64
		16  1	-14.311
		17  1	20.738
		18  1	-22.03
		19  0	-1.576
		20  0	-20.47
		21  1	7.873
		22  0	-2.359
		23  1	-4.778

node  5		 link	 weight	 bias 16.927
		1  0	-9.723
		2  1	2.579
		3  1	-7.854
		4  1	-14.675
		5  0	0.899
		6  0	-14.888
		7  0	-6.272
		8  1	7.739
		9  0	-10.791
		10  1	-24.092
		12  1	4.112
		13  0	-0.419
		14  1	-8.545
		15  1	3.205
		16  1	-28.535
		17  0	-0.083
		18  0	5.677
		19  1	-6.723
		20  0	-15.965
		21  1	12.062
		22  0	-7.935
		23  0	-27.422

node  6		 link	 weight	 bias 3.866
		1  1	-12.708
		2  0	-0.934
		3  1	-10.198
		4  0	-10.389
		5  0	-8.374
		6  1	7.94
		7  0	-1.537
		8  1	-15.672
		9  1	-3.828
		10  0	-0.176
		12  0	2.783
		13  0	0.696
		14  0	-14.197
		15  0	-6.763
		16  0	-0.343
		17  1	2.053
		18  1	-4.48
		19  0	2.56
		20  0	4.34
		21  1	-25.489
		22  0	1.654
		23  0	14.703


 Layer 5

node  1		 link	 weight	 bias 0.987
		1  1	0.081
		2  0	0.57
		3  0	-0.444
		4  0	-0.653
		5  1	-5.23
		6  0	-0.893
		7  0	-0.836
		8  0	0.594
		9  0	-0.434
		10  0	-0.941
		12  0	-0.871
		13  0	0.392
		14  0	-0.791
		15  1	-0.019
		16  0	-0.742
		17  1	0.0190001
		18  1	-3.902
		19  0	-0.637
		20  1	-0.039
		21  0	0.92
		22  0	-0.089
		23  0	0.872
		24  0	0.168
		25  0	-0.435
		26  0	-0.654
		27  0	-0.216
		28  1	0.422
		29  0	-0.479


 Layer 2

node  1		 link	 weight	 bias -22.539
		1  1	-17.241
		2  0	-4.089
		3  1	8.701
		4  1	6.507
		5  0	-26.003
		6  1	-25.76
		7  0	7.548
		8  1	-21.351
		9  1	-8.86
		10  1	10.479

node  2		 link	 weight	 bias -1.584
		1  1	4.833
		2  1	0.727
		3  1	-2.191
		4  1	6.033
		5  0	-0.955
		6  0	-0.491
		7  0	-0.789
		8  0	0.621
		9  1	3.2
		10  1	4.343

node  3		 link	 weight	 bias -23.057
		1  0	-1.694
		2  1	-11.994
		3  1	1.839
		4  0	-0.996
		5  1	-22.112
		6  0	-7.167
		7  1	-19.209
		8  0	-12.108
		9  0	-0.643
		10  1	5.743

node  4		 link	 weight	 bias -21.484
		1  1	-19.164
		2  0	-9.991
		3  0	-17.007
		4  1	2.054
		5  0	-0.434
		6  0	-0.394
		7  1	-11.123
		8  1	-16.403
		9  1	6.354
		10  0	0.817

node  5		 link	 weight	 bias 21.05
		1  0	-0.403
		2  1	-8.654
		3  1	-47.331
		4  1	-3.537
		5  1	-27.813
		6  0	3.2
		7  1	-8.593
		8  0	3.042
		9  1	-14.971
		10  1	-7.59

node  6		 link	 weight	 bias -14.352
		1  1	-0.318
		2  0	3.477
		3  0	-10.36
		4  1	-3.046
		5  1	-3.603
		6  1	-7.663
		7  1	-33.748
		8  0	-7.68
		9  0	2.99
		10  1	-4.346


 Layer 3

node  1		 link	 weight	 bias 0.075
		1  1	-14.751
		2  0	17.005
		3  0	0.095
		4  0	-10.243
		5  0	8.115
		6  0	-5.054
		7  0	-1.009
		8  0	-14.286
		9  0	0.265
		10  0	-21.593
		12  1	-13.224
		13  1	-0.848
		14  1	3.767
		15  0	-3.88
		16  0	0.709
		17  0	-5.365

node  2		 link	 weight	 bias -14.997
		1  0	-10.557
		2  1	8.323
		3  1	7.549
		4  0	-30.143
		5  0	1.744
		6  1	-6.849
		7  0	-0.394
		8  0	0.381
		9  1	0.221
		10  0	-10.698
		12  0	-0.443
		13  0	-11.91
		14  0	-2.125
		15  0	0.307
		16  1	-3.197
		17  0	-2.769

node  3		 link	 weight	 bias -30.03
		1  0	0.904
		2  1	-2.994
		3  1	-4.273
		4  0	2.711
		5  1	-16.596
		6  1	-21.032
		7  0	4.007
		8  0	-0.278
		9  0	-0.342
		10  0	-23.251
		12  1	-23.288
		13  1	6.056
		14  1	-30.36
		15  0	2.271
		16  1	-5.877
		17  1	-4.217

node  4		 link	 weight	 bias -28.931
		1  0	-12.498
		2  0	0.388
		3  1	-21.396
		4  1	-3.169
		5  0	1.707
		6  1	1.81
		7  1	1.498
		8  0	-2.495
		9  1	6.758
		10  0	-7.04
		12  1	19.053
		13  1	-12.295
		14  1	3.587
		15  1	-22.955
		16  1	-5.413
		17  1	-8.141

node  5		 link	 weight	 bias -24.425
		1  1	1.997
		2  1	-3.559
		3  0	12.787
		4  0	8.456
		5  0	-7.34
		6  0	-2.836
		7  1	-22.089
		8  1	4.138
		9  0	-6.463
		10  1	-10.318
		12  1	-11.972
		13  1	1.248
		14  1	-1.559
		15  1	-29.511
		16  0	-8.595
		17  1	-5.034

node  6		 link	 weight	 bias 5.757
		1  0	-0.156
		2  0	-10.437
		3  1	-2.572
		4  0	-11.482
		5  1	-2.689
		6  0	-28.517
		7  0	10.944
		8  0	-0.507
		9  0	-6.056
		10  0	0.159
		12  0	-5.766
		13  1	5.28
		14  0	-11.975
		15  0	5.095
		16  0	-0.147
		17  0	-5.814


 Layer 4

node  1		 link	 weight	 bias -5.078
		1  0	3.56
		2  1	-17.249
		3  1	-1.826
		4  0	7.905
		5  1	-18.087
		6  1	4.998
		7  1	-7.774
		8  1	-3.79
		9  1	-16.128
		10  1	-7.798
		12  1	12.445
		13  0	-0.758
		14  1	-11.894
		15  0	-11.712
		16  0	-3.537
		17  0	-5.054
		18  1	-9.393
		19  0	-0.349
		20  1	-34.254
		21  0	-2.034
		22  1	13.342
		23  1	-7.892

node  2		 link	 weight	 bias 17.552
		1  1	-17.243
		2  1	8.997
		3  0	-5.143
		4  1	-14.919
		5  0	5.881
		6  0	-19.042
		7  0	2.808
		8  0	-14.309
		9  0	0.941
		10  0	5.857
		12  0	0.678
		13  1	-10.592
		14  1	-23.571
		15  0	-5.537
		16  0	4.216
		17  0	-12.829
		18  1	-7.414
		19  1	-5.28
		20  0	-6.406
		21  0	-0.826
		22  1	4.77
		23  0	-10.193

node  3		 link	 weight	 bias 4.475
		1  1	-0.632
		2  1	6.716
		3  0	-0.124
		4  0	0.131
		5  0	6.045
		6  0	-1.178
		7  0	0.345
		8  1	-0.047
		9  1	4.702
		10  0	-0.625
		12  1	-11.474
		13  0	-36.541
		14  0	0.24
		15  1	2.582
		16  1	-1.312
		17  1	-2.113
		18  0	5.028
		19  1	14.354
		20  1	-3.339
		21  1	-5.236
		22  1	8.976
		23  0	4.731

node  4		 link	 weight	 bias -1.389
		1  0	-0.457
		2  0	0.316
		3  0	-0.125
		4  1	-3.757
		5  0	-0.627
		6  1	1.101
		7  0	-0.738
		8  0	0.141
		9  0	0.527
		10  0	-0.307
		12  1	1.565
		13  1	-1.345
		14  0	-0.678
		15  0	0.985
		16  0	-0.6
		17  0	0.887
		18  0	-0.543
		19  0	-0.657
		20  0	0.286
		21  0	0.955
		22  0	0.957
		23  0	0.411

node  5		 link	 weight	 bias 14.623
		1  1	-36.163
		2  0	-0.147
		3  1	11.894
		4  0	2.825
		5  0	-4.46
		6  1	-1.21
		7  1	-20.243
		8  1	-30.06
		9  0	-0.871
		10  0	-1.363
		12  0	3.104
		13  1	-20.128
		14  1	-18.073
		15  0	4.189
		16  0	0.571
		17  0	-1.557
		18  0	0.392
		19  0	0.531
		20  1	4.219
		21  1	13.165
		22  0	-11.387
		23  1	3.933

node  6		 link	 weight	 bias -17.462
		1  0	-9.124
		2  1	13.652
		3  0	2.438
		4  0	0.199
		5  0	-1.764
		6  0	1.756
		7  0	0.706
		8  1	-1.525
		9  0	-3.599
		10  0	-2.235
		12  0	-8.459
		13  0	-0.563
		14  0	2.508
		15  1	-1.24
		16  0	-5.716
		17  1	-6.059
		18  1	-5.346
		19  0	-1.387
		20  1	-8.781
		21  1	-18.251
		22  1	2.51
		23  0	7.765


 Layer 5

node  1		 link	 weight	 bias 0
		1  0	0.183
		2  0	0.873
		3  0	0.225
		4  0	-0.703
		5  0	0.457
		6  1	4.748
		7  0	0.798
		8  0	0.368
		9  0	-0.297
		10  0	0.091
		12  0	-0.981
		13  0	-0.547
		14  0	-0.487
		15  0	-0.884
		16  0	0.347
		17  0	-0.021
		18  0	-2.169
		19  1	-0.856
		20  0	0.403
		21  1	-3.917
		22  1	-0.22
		23  0	-0.82
		24  1	-3.799
		25  0	-0.304
		26  1	1.972
		27  1	7.226
		28  0	-0.261
		29  1	0.765
