
======================================================
Score	5.45365e+13
Z	-52.928
alpha	-0.789911
betta	-0.260401
gamma	-1.21272
Vx	-6.32384
Vy	20
Vz	20
engIng	1
cFuel	106
tfuel	0
======================================================

Initial Parametrs
rOa	{ 111 ; 5 ; -50 }

V	{ 10 ; 20 ; 20 }

w	{ -0.5 ; -0.5 ; -0.5 }

alpha	-0.35
betta	-0.35
gamma	-0.35
======================================================

 Layer 2

node  1		 link	 weight	 bias -16.517
		1  0	-2.895
		2  0	-2.98
		3  0	-1.792
		4  1	0.55
		5  0	-0.773
		6  0	1.047
		7  0	2.82
		8  1	1.996
		9  1	3.24
		10  1	-2.46

node  2		 link	 weight	 bias -3.268
		1  0	0.289
		2  0	0.102
		3  0	-0.113
		4  1	0.146
		5  0	-1.101
		6  1	-0.318
		7  1	-0.953
		8  0	-0.323
		9  1	-0.749
		10  1	-1.839

node  3		 link	 weight	 bias -6.711
		1  0	-1.779
		2  0	-1.214
		3  0	-0.524
		4  0	-0.351
		5  1	-0.71
		6  1	-0.0630002
		7  1	0.261
		8  1	0.0190001
		9  0	0.861
		10  0	0.884

node  4		 link	 weight	 bias -4.09
		1  1	0.624
		2  1	5.586
		3  1	-0.824
		4  0	-0.822
		5  0	0.113
		6  0	1.36
		7  0	-0.998
		8  0	-4.383
		9  1	0.987
		10  1	0.893

node  5		 link	 weight	 bias 1.667
		1  0	-1.439
		2  0	0.418
		3  1	0.772
		4  0	5.462
		5  0	1.794
		6  0	-0.0329998
		7  1	-0.998
		8  1	2.392
		9  0	-1.765
		10  0	3.034

node  6		 link	 weight	 bias -15.634
		1  1	0.666
		2  1	-1.108
		3  0	0.392
		4  1	-1.508
		5  1	-1.297
		6  1	-0.518
		7  0	-0.976
		8  0	0.258
		9  1	-0.751
		10  1	-1.275

node  7		 link	 weight	 bias -3.548
		1  1	0.836
		2  0	-0.184
		3  1	0.291
		4  0	0.0610001
		5  0	-3.68
		6  1	-3.695
		7  0	-2.858
		8  0	0.758
		9  0	0.556
		10  1	3.163

node  8		 link	 weight	 bias 0.0679998
		1  0	-1.543
		2  0	-5.012
		3  0	0.983
		4  0	0.829
		5  0	-0.602
		6  0	0.604
		7  0	-0.951
		8  1	-0.024
		9  0	1.876
		10  0	0.86


 Layer 3

node  1		 link	 weight	 bias 1.023
		1  0	-0.678
		2  0	-0.175
		3  0	-0.044
		4  0	-3.206
		5  1	0.827
		6  0	1.389
		7  0	-0.285
		8  0	-0.665
		9  0	-0.59
		10  0	-1.162
		12  0	-0.698
		13  0	0.435
		14  0	0.87
		15  0	-2.929
		16  0	0.8
		17  0	-1.487
		18  0	-0.809
		19  1	-3.041

node  2		 link	 weight	 bias -6.979
		1  0	2.99
		2  0	-1.544
		3  1	-0.763
		4  0	-0.821
		5  0	2.662
		6  0	-1.549
		7  1	2.483
		8  0	-1.465
		9  0	-1.842
		10  0	1.832
		12  0	0.802
		13  0	-0.726
		14  1	-0.674
		15  0	-1.597
		16  0	0.575
		17  1	0.449
		18  1	-0.635
		19  0	2.286

node  3		 link	 weight	 bias -13.644
		1  0	-1.416
		2  1	-0.813
		3  1	-0.245
		4  0	-1.668
		5  1	-0.369
		6  1	2.072
		7  1	-2.786
		8  0	-1.301
		9  1	-0.0810002
		10  0	-2.507
		12  1	1.13
		13  0	1.242
		14  0	-0.642
		15  0	0.0849999
		16  1	-1.225
		17  0	-1.35
		18  0	-0.665
		19  1	-0.613

node  4		 link	 weight	 bias 4.151
		1  1	0.0880001
		2  1	-0.975
		3  1	-1.094
		4  0	-1.465
		5  0	0.157
		6  1	0.611
		7  1	0.77
		8  1	0.558
		9  1	-0.369
		10  0	-1.388
		12  1	0.387
		13  1	-0.584
		14  0	-0.821
		15  1	-0.282
		16  0	0.888
		17  1	1.774
		18  1	-2.885
		19  0	0.911

node  5		 link	 weight	 bias 20.483
		1  1	-1.589
		2  1	4.237
		3  0	2.933
		4  0	-0.102
		5  0	0.418
		6  1	0.483
		7  0	-2.191
		8  0	1.947
		9  0	-1.58
		10  0	-0.283
		12  0	2.006
		13  1	2.887
		14  1	2.738
		15  1	-0.889
		16  1	0.406
		17  1	1.685
		18  1	-4.472
		19  0	-0.644

node  6		 link	 weight	 bias -13.078
		1  0	-0.28
		2  1	-0.43
		3  0	-0.906
		4  1	-0.777
		5  0	-0.697
		6  0	2.849
		7  1	0.325
		8  0	0.449
		9  0	0.272
		10  0	0.39
		12  1	2.196
		13  0	2.151
		14  1	-0.194
		15  0	-2.455
		16  1	-0.564
		17  1	-0.343
		18  0	0.71
		19  0	1.041

node  7		 link	 weight	 bias 10.552
		1  1	0.748
		2  0	1.728
		3  1	-3.925
		4  1	0.562
		5  1	4.191
		6  1	0.325
		7  1	-4.804
		8  1	-0.652
		9  0	-0.88
		10  0	0.707
		12  1	0.101
		13  0	0.0850001
		14  1	0.408
		15  0	-1.442
		16  0	-1.867
		17  1	0.737
		18  1	-5.059
		19  1	1.732

node  8		 link	 weight	 bias -0.489
		1  1	2.551
		2  0	-0.484
		3  0	2.578
		4  0	-0.62
		5  0	-2.539
		6  0	-1.739
		7  1	-0.121
		8  1	0.742
		9  0	0.171
		10  0	2.317
		12  1	-1.277
		13  0	0.184
		14  1	-3.035
		15  1	1.251
		16  1	-0.335
		17  0	0.486
		18  0	2.291
		19  1	-0.278


 Layer 4

node  1		 link	 weight	 bias -6.065
		1  1	0.381
		2  0	-0.142
		3  0	-0.316
		4  1	-2.394
		5  0	0.913
		6  1	1.28
		7  0	3.211
		8  0	-0.731
		9  1	-0.423
		10  1	-2.857
		12  1	-0.974
		13  0	-1.984
		14  1	-0.43
		15  1	2.118
		16  0	0.927
		17  1	1.161
		18  0	1.501
		19  1	2.251
		20  0	0.332
		21  0	-1.054
		22  0	0.123
		23  0	0.84
		24  0	-1.833
		25  0	1.063
		26  0	3.95
		27  1	2.908

node  2		 link	 weight	 bias 7.488
		1  1	-0.322
		2  0	3.313
		3  0	-2.081
		4  0	1.493
		5  0	1.577
		6  0	-2.497
		7  1	0.395
		8  1	-0.469
		9  1	-1.989
		10  0	1.824
		12  0	-0.669
		13  1	3.001
		14  0	1.086
		15  0	-2.12
		16  1	0.796
		17  0	-1.818
		18  0	-1.764
		19  0	-1.098
		20  1	0.221
		21  0	-1.589
		22  1	-0.207
		23  1	0.689
		24  0	0.936
		25  0	-2.053
		26  0	-1.956
		27  0	0.226

node  3		 link	 weight	 bias -30.11
		1  1	-2.833
		2  0	-0.514
		3  0	0.375
		4  0	1.235
		5  0	0.214
		6  0	3.927
		7  0	-3.226
		8  0	-0.624
		9  0	0.227
		10  0	-1.543
		12  1	0.729
		13  0	-2.824
		14  1	3.328
		15  0	-0.884
		16  1	3.795
		17  0	2.239
		18  0	-0.678
		19  0	-0.824
		20  0	-1.486
		21  0	-0.802
		22  1	-0.304
		23  0	-1.262
		24  1	1.898
		25  0	0.995
		26  0	-1.584
		27  0	-0.159

node  4		 link	 weight	 bias -14.79
		1  1	6.122
		2  1	0.555
		3  1	-2.656
		4  0	-3.696
		5  1	2.922
		6  1	-0.522
		7  0	0.163
		8  1	-3.116
		9  1	0.016
		10  0	-1.472
		12  1	0.453
		13  1	3.002
		14  0	0.831
		15  1	2.204
		16  0	-0.817
		17  1	-2.139
		18  1	-0.41
		19  0	-2.076
		20  1	1.949
		21  0	1.352
		22  1	-2.56
		23  0	1.077
		24  1	-0.189
		25  0	4.732
		26  1	-1.31
		27  0	-0.243

node  5		 link	 weight	 bias 7.912
		1  0	-0.71
		2  1	0.537
		3  1	0.435
		4  0	-2.669
		5  1	0.0330001
		6  0	-0.472
		7  1	-0.284
		8  1	-0.8
		9  1	-0.183
		10  0	-0.226
		12  1	-0.086
		13  0	-1.611
		14  1	3.103
		15  0	-0.741
		16  0	-3.757
		17  1	-2.04
		18  0	-0.507
		19  1	-2.515
		20  1	1.058
		21  1	0.208
		22  1	-2.203
		23  0	-0.755
		24  0	0.7
		25  0	-1.778
		26  0	-4.139
		27  1	-0.025

node  6		 link	 weight	 bias -19.823
		1  1	-0.83
		2  0	0.598
		3  0	-0.815
		4  1	-1.355
		5  0	1.603
		6  1	-0.481
		7  0	-3.376
		8  0	-0.729
		9  1	1.187
		10  0	0.207
		12  0	0.816
		13  1	-0.412
		14  0	0.721
		15  0	-0.835
		16  0	-1.982
		17  1	-0.85
		18  0	-0.423
		19  1	-0.475
		20  0	-0.129
		21  0	-4.068
		22  1	-3.103
		23  1	1.112
		24  1	1.619
		25  1	-1.347
		26  1	1.041
		27  1	0.0730001

node  7		 link	 weight	 bias -7.714
		1  1	-1.754
		2  1	0.906
		3  1	1.481
		4  0	-2.538
		5  1	-0.279
		6  1	-0.316
		7  1	-1.97
		8  1	-3.23
		9  0	0.072
		10  1	-0.725
		12  0	0.218
		13  1	-0.27
		14  1	2.356
		15  0	-0.632
		16  1	0.0919999
		17  0	0.354
		18  1	0.171
		19  1	-0.41
		20  0	0.585
		21  0	-0.0139999
		22  0	-0.375
		23  1	-0.658
		24  0	-4.088
		25  0	0.484
		26  1	1.171
		27  0	0.738

node  8		 link	 weight	 bias 6.72
		1  1	0.841
		2  0	0.295
		3  0	-0.324
		4  1	1.691
		5  1	-4.028
		6  0	2.332
		7  1	2.253
		8  0	-3.909
		9  0	0.216
		10  1	-0.096
		12  0	0.762
		13  1	0.796
		14  0	-0.583
		15  0	-2.046
		16  0	1.718
		17  0	2.139
		18  1	0.393
		19  1	-0.724
		20  1	2.033
		21  1	0.693
		22  1	0.96
		23  1	1.883
		24  0	0.916
		25  0	0.226
		26  0	-1.185
		27  0	0.239


 Layer 5

node  1		 link	 weight	 bias 3.039
		1  0	0.87
		2  0	-2.69
		3  0	-1.068
		4  0	0.48
		5  0	-1.923
		6  0	-0.153
		7  0	-0.735
		8  1	0.95
		9  0	-0.71
		10  0	-2.508
		12  0	-1.158
		13  0	-3.015
		14  0	-2.618
		15  0	0.381
		16  0	-0.378
		17  0	-0.974
		18  0	0.565
		19  0	1.689
		20  1	0.096
		21  0	-0.692
		22  0	0.21
		23  0	2.654
		24  0	-2.178
		25  0	-4.338
		26  0	-1.762
		27  0	-0.0210001
		28  0	-2.722
		29  0	0.292
		30  0	3.83
		31  0	1.125
		32  0	-0.475
		33  0	-0.226
		34  0	-2.675
		35  0	-1.919


 Layer 2

node  1		 link	 weight	 bias 0.035
		1  0	-1.324
		2  0	-0.539
		3  0	1.921
		4  0	-0.434
		5  0	-0.604
		6  0	-1.689
		7  0	1.66
		8  0	-0.954
		9  1	0.113
		10  0	-0.272

node  2		 link	 weight	 bias 0.0220001
		1  1	-0.342
		2  1	0.72
		3  0	1.845
		4  0	3.129
		5  0	1.512
		6  1	-3.368
		7  1	-1.061
		8  1	5.801
		9  0	-0.976
		10  0	2.271

node  3		 link	 weight	 bias -0.611001
		1  0	1.213
		2  0	-1.802
		3  1	-0.679
		4  1	-1.041
		5  0	-3.374
		6  1	-1.912
		7  1	-1.182
		8  1	2.478
		9  1	-0.881
		10  0	-0.117

node  4		 link	 weight	 bias -24.347
		1  0	1.212
		2  0	-0.757
		3  1	0.871
		4  1	0.086
		5  0	-1.329
		6  0	-0.00399995
		7  0	0.369
		8  1	-1.772
		9  1	3.261
		10  0	-0.987

node  5		 link	 weight	 bias -17.782
		1  1	1.806
		2  1	0.834
		3  0	0.029
		4  0	0.423
		5  1	-1.445
		6  0	2.872
		7  0	-0.384
		8  0	-1.611
		9  1	0.354
		10  0	0.928

node  6		 link	 weight	 bias -14.831
		1  1	-6.545
		2  0	-0.968
		3  0	-0.244
		4  0	2.076
		5  0	-2.431
		6  1	-0.616
		7  1	-2.054
		8  0	0.536
		9  1	-0.557
		10  0	-1.314

node  7		 link	 weight	 bias 43.326
		1  1	-0.213
		2  0	-0.993
		3  1	1.349
		4  1	-0.341
		5  1	0.833
		6  0	1.503
		7  0	1.501
		8  1	-3.337
		9  0	2.583
		10  1	-2.066

node  8		 link	 weight	 bias -0.898001
		1  0	-2.107
		2  0	0.831
		3  0	-0.55
		4  0	-0.847
		5  1	0.534
		6  0	-0.35
		7  0	4.575
		8  0	0.975
		9  1	2.622
		10  0	-1.799


 Layer 3

node  1		 link	 weight	 bias -11.983
		1  1	-0.912
		2  0	-1.737
		3  0	-1.574
		4  0	-0.944
		5  1	5.248
		6  0	-0.4
		7  0	0.36
		8  1	-0.188
		9  1	0.1
		10  0	-6.447
		12  0	-2.061
		13  0	0.879
		14  0	0.932
		15  1	-1.002
		16  1	-3.128
		17  1	1.733
		18  1	2.676
		19  1	2.276

node  2		 link	 weight	 bias 11.473
		1  0	-0.799
		2  0	-0.72
		3  1	1.975
		4  0	1.991
		5  1	0.158
		6  1	-1.377
		7  1	-0.656
		8  1	3.834
		9  1	-0.648
		10  0	0.117
		12  1	-0.823
		13  0	-3.284
		14  1	0.492
		15  0	-2.402
		16  1	-0.252
		17  1	2.643
		18  1	2.277
		19  1	-0.127

node  3		 link	 weight	 bias -2.972
		1  1	2.21
		2  0	0.0649999
		3  0	-3.165
		4  0	0.858
		5  0	-0.896
		6  0	1.552
		7  0	-0.575
		8  1	2.097
		9  0	-0.875
		10  0	2.763
		12  0	-1.843
		13  0	-0.216
		14  0	3.012
		15  0	1.406
		16  0	-2.89
		17  0	-0.666
		18  1	0.733
		19  0	0.674

node  4		 link	 weight	 bias -2.278
		1  0	-0.506
		2  0	1.113
		3  0	-0.926
		4  0	0.557
		5  1	-0.297
		6  1	0.402
		7  0	-0.239
		8  0	0.419
		9  1	-1.088
		10  0	0.962
		12  0	0.266
		13  1	0.102
		14  1	-0.642
		15  1	-0.436
		16  1	-1.125
		17  1	0.767
		18  1	-0.529
		19  1	0.076

node  5		 link	 weight	 bias -19.338
		1  0	-3.821
		2  1	2.981
		3  1	0.804
		4  0	0.509
		5  1	-0.0999999
		6  0	-0.935
		7  0	1.164
		8  0	-1.576
		9  1	-1.328
		10  0	-3.863
		12  0	-0.45
		13  0	-0.98
		14  1	1.378
		15  1	-0.564
		16  0	0.216
		17  1	-0.913
		18  1	-4.968
		19  1	1.605

node  6		 link	 weight	 bias -0.693
		1  0	-0.438
		2  0	-0.653
		3  0	-0.963
		4  1	1.144
		5  0	0.313
		6  1	0.859
		7  1	-0.553
		8  0	2.573
		9  0	2.01
		10  0	0.836
		12  1	-0.775
		13  0	-2.293
		14  0	0.144
		15  1	-0.236
		16  1	0.244
		17  0	0.484
		18  1	0.0470001
		19  0	0.878

node  7		 link	 weight	 bias -14.923
		1  0	-0.82
		2  0	1.892
		3  1	-0.708
		4  0	-0.441
		5  0	-0.538
		6  0	0.45
		7  0	-1.989
		8  0	-0.463
		9  0	-1.147
		10  0	-0.185
		12  1	-0.78
		13  0	-2.886
		14  1	0.706
		15  1	0.59
		16  0	0.518
		17  0	2.288
		18  1	0.229
		19  1	-0.958

node  8		 link	 weight	 bias -15.012
		1  1	-0.83
		2  1	3.227
		3  0	-0.684
		4  1	1.487
		5  0	4.516
		6  1	0.717
		7  0	-0.735
		8  0	-0.888
		9  0	5.168
		10  0	1.047
		12  1	2.637
		13  1	-0.025
		14  0	-4.303
		15  1	-3.203
		16  0	0.687
		17  0	-6.004
		18  1	0.505
		19  1	-1.806


 Layer 4

node  1		 link	 weight	 bias -7.851
		1  0	-0.727
		2  1	0.765
		3  1	-3.02
		4  1	0.698
		5  0	0.622
		6  0	-1.784
		7  0	2.1
		8  0	2.361
		9  0	-1.886
		10  1	-3.777
		12  0	0.368
		13  1	-0.537
		14  1	0.695
		15  0	-0.975
		16  0	1.533
		17  1	-4.635
		18  1	-1.668
		19  0	1.908
		20  0	0.624
		21  1	-1.68
		22  0	0.876
		23  1	-3.159
		24  0	0.313
		25  0	-0.026
		26  0	0.39
		27  0	-0.659

node  2		 link	 weight	 bias -22.382
		1  1	0.355
		2  1	0.333
		3  1	-2.284
		4  0	0.945
		5  0	2.04
		6  1	-2.723
		7  1	-2.155
		8  0	-0.029
		9  0	-0.86
		10  1	0.647
		12  1	-1.328
		13  1	-1.48
		14  1	0.804
		15  0	-0.359
		16  1	1.218
		17  0	1.735
		18  1	0.189
		19  1	2.683
		20  1	-1.383
		21  0	-0.728
		22  1	-0.427
		23  1	-0.832
		24  0	-0.295
		25  0	-1.211
		26  0	-1.969
		27  0	2.978

node  3		 link	 weight	 bias 0.998
		1  0	0.787
		2  0	-0.91
		3  0	0.188
		4  1	1.908
		5  1	-1.757
		6  0	1.065
		7  1	-0.332
		8  1	-0.647
		9  0	-0.157
		10  0	1.847
		12  1	4.399
		13  1	0.526
		14  0	-0.547
		15  0	0.968
		16  1	0.717
		17  0	0.49
		18  1	0.394
		19  0	-0.725
		20  1	-0.994
		21  0	1.495
		22  0	2.261
		23  0	-0.689
		24  1	-0.021
		25  0	-0.108
		26  0	-2.21
		27  0	2.04

node  4		 link	 weight	 bias 7.664
		1  1	0.444
		2  0	1.321
		3  1	2.828
		4  1	-1.172
		5  0	0.26
		6  0	2.403
		7  1	-0.33
		8  0	0.163
		9  1	2.105
		10  0	-0.44
		12  1	-0.851
		13  1	-2.651
		14  1	-0.65
		15  0	-1.223
		16  1	0.082
		17  1	-0.0810001
		18  0	-2.111
		19  0	-1.761
		20  1	-2.096
		21  0	-2.082
		22  1	-0.216
		23  1	0.642
		24  0	0.95
		25  0	-3.146
		26  1	0.438
		27  0	1.443

node  5		 link	 weight	 bias 4.904
		1  1	1.301
		2  1	-4.108
		3  1	-2.154
		4  1	0.933
		5  1	-0.613
		6  0	0.124
		7  1	-0.075
		8  0	0.866
		9  0	2.829
		10  0	1.138
		12  1	0.913
		13  1	0.958
		14  1	-1.808
		15  1	0.076
		16  0	0.259
		17  0	-1.514
		18  0	0.143
		19  0	0.552
		20  1	-0.974
		21  1	-0.282
		22  0	-1.72
		23  1	1.614
		24  0	-0.487
		25  0	-0.537
		26  1	2.632
		27  1	0.698

node  6		 link	 weight	 bias 0.879
		1  1	-3.133
		2  0	-0.178
		3  1	-5.014
		4  1	0.958
		5  0	-1.696
		6  0	-1.993
		7  1	-0.167
		8  0	1.92
		9  0	0.66
		10  1	0.723
		12  1	-2.684
		13  0	0.108
		14  0	-2.946
		15  0	-0.741
		16  0	-3.599
		17  0	-0.454
		18  0	-0.905
		19  0	0.256
		20  0	1.438
		21  0	1.995
		22  0	0.313
		23  1	-0.00399995
		24  1	1.175
		25  0	1.774
		26  1	-0.804
		27  0	-1.72

node  7		 link	 weight	 bias -26.823
		1  1	-1.384
		2  0	0.488
		3  1	-0.812
		4  1	-1.386
		5  0	-0.00400001
		6  1	-0.82
		7  0	0.849
		8  0	-0.0830001
		9  1	0.762
		10  0	1.085
		12  1	-2.742
		13  1	-2.904
		14  0	1.338
		15  1	0.031
		16  0	1.093
		17  0	-1.655
		18  0	1.145
		19  0	-0.179
		20  1	-0.37
		21  1	1.881
		22  0	-1.303
		23  0	-3.516
		24  0	-0.905
		25  1	-1.213
		26  1	0.975
		27  0	0.408

node  8		 link	 weight	 bias -16.979
		1  0	-0.389
		2  0	-1.589
		3  1	1.353
		4  1	-0.302
		5  0	-0.367
		6  1	-0.345
		7  1	-0.047
		8  1	-0.796
		9  0	-2.72
		10  0	-5.276
		12  1	0.243
		13  0	-0.166
		14  0	-1.165
		15  0	1.031
		16  1	-1.387
		17  0	1.697
		18  0	-0.385
		19  0	0.358
		20  0	-0.765
		21  1	0.106
		22  0	-0.227
		23  0	0.863
		24  1	1.642
		25  0	0.449
		26  0	-0.667
		27  0	-1.635


 Layer 5

node  1		 link	 weight	 bias 1.41
		1  0	0.504
		2  0	-1.939
		3  0	1.879
		4  0	-2.382
		5  0	0.969
		6  0	-0.019
		7  1	0.241
		8  0	1.711
		9  0	-0.438
		10  0	7.338
		12  0	5.043
		13  0	0.807
		14  1	-0.105
		15  0	-1.542
		16  0	-2.829
		17  1	0.287
		18  0	0.752
		19  1	-1.615
		20  0	0.734
		21  1	-0.176
		22  1	-0.206
		23  1	1.786
		24  1	0.049
		25  1	-4.88
		26  0	-0.299
		27  0	-1.992
		28  0	0.691
		29  0	-3.55
		30  1	-2.225
		31  0	-0.021
		32  1	2.153
		33  0	4.183
		34  0	1.231
		35  1	-0.838


 Layer 2

node  1		 link	 weight	 bias -26.744
		1  0	0.447
		2  1	-0.692
		3  1	2.957
		4  1	-2.415
		5  0	-0.303
		6  0	0.297
		7  0	2.028
		8  1	0.312
		9  0	-1.427
		10  0	0.931

node  2		 link	 weight	 bias 4.189
		1  1	0.248
		2  0	1.894
		3  0	2.389
		4  0	-0.147
		5  0	-0.0819999
		6  0	-0.232
		7  0	1.132
		8  1	1.314
		9  1	0.0149999
		10  0	-0.343

node  3		 link	 weight	 bias -8.233
		1  1	-2.77
		2  0	2.269
		3  0	-2.259
		4  1	0.028
		5  1	3.133
		6  1	0.812
		7  1	1.694
		8  1	0.775
		9  0	-0.708
		10  1	-0.381

node  4		 link	 weight	 bias -9.775
		1  1	-0.7
		2  0	-0.0879999
		3  1	0.398
		4  0	-0.27
		5  0	2.157
		6  0	-2.597
		7  1	-4.846
		8  0	0.235
		9  0	1.567
		10  0	-2.128

node  5		 link	 weight	 bias 13.302
		1  0	0.985
		2  1	-1.724
		3  0	1.844
		4  1	-1.732
		5  0	-1.106
		6  0	1.949
		7  0	2.053
		8  1	1.329
		9  1	-0.75
		10  1	-0.243

node  6		 link	 weight	 bias -8.202
		1  0	0.768
		2  1	-3.634
		3  0	-3.194
		4  1	2.538
		5  1	-1.514
		6  0	0.237
		7  1	-3.661
		8  0	2.643
		9  0	-4.379
		10  1	-0.531

node  7		 link	 weight	 bias 10.797
		1  0	-2.403
		2  0	0.556
		3  0	-0.429
		4  1	-0.395
		5  0	-0.311
		6  1	-0.971
		7  0	1.489
		8  1	-0.864
		9  1	-0.824
		10  1	1.201

node  8		 link	 weight	 bias 2.219
		1  1	-3.517
		2  0	1.644
		3  1	0.674
		4  1	0.581
		5  0	-0.91
		6  1	4.1
		7  0	-1.407
		8  0	-0.828
		9  0	0.822
		10  0	2.057


 Layer 3

node  1		 link	 weight	 bias -9.232
		1  0	-0.35
		2  1	1.78
		3  1	-0.598
		4  0	-3.451
		5  1	-0.729
		6  1	0.024
		7  0	-1.477
		8  1	-1.69
		9  1	0.777
		10  1	2.591
		12  0	-1.04
		13  1	1.275
		14  0	-0.825
		15  1	1.656
		16  1	-0.645
		17  0	0.721
		18  1	5.591
		19  1	1.52

node  2		 link	 weight	 bias -2.988
		1  0	-2.466
		2  0	0.755
		3  1	-3.314
		4  1	0.414
		5  0	-0.359
		6  1	0.309
		7  0	0.258
		8  0	-0.37
		9  1	1.891
		10  1	2.308
		12  0	-3.245
		13  1	-2.165
		14  0	0.231
		15  1	-1.676
		16  1	2.034
		17  1	2.689
		18  1	-1.575
		19  1	-4.622

node  3		 link	 weight	 bias -8.64
		1  1	0.379
		2  0	-10.192
		3  1	0.94
		4  1	-0.105
		5  1	1.08
		6  1	-4.156
		7  1	-0.727
		8  1	-3.111
		9  0	-1.372
		10  0	0.873
		12  1	-3.702
		13  0	1.203
		14  1	-2.442
		15  1	3.433
		16  0	-0.56
		17  1	-0.373
		18  0	1.234
		19  0	3.562

node  4		 link	 weight	 bias -20.37
		1  0	2.728
		2  1	-0.106
		3  1	-2.537
		4  0	-2.274
		5  1	-2.372
		6  1	-0.139
		7  1	0.386
		8  1	-2.678
		9  0	-1.429
		10  0	2.37
		12  0	1.491
		13  0	-0.484
		14  0	0.906
		15  0	2.188
		16  1	-0.594
		17  0	-0.464
		18  0	0.316
		19  0	-0.803

node  5		 link	 weight	 bias -0.076
		1  0	-2.271
		2  0	-0.474
		3  0	0.909
		4  0	-0.24
		5  0	0.938
		6  1	-0.069
		7  0	2.056
		8  0	-0.679
		9  0	2.058
		10  0	-1.699
		12  0	-3.032
		13  0	2.788
		14  0	-3.909
		15  0	-1.617
		16  1	-0.101
		17  0	-3.115
		18  0	1.105
		19  0	-2.456

node  6		 link	 weight	 bias -3.909
		1  0	-0.657
		2  0	-0.976
		3  0	-1.412
		4  1	3.727
		5  0	-1.857
		6  1	1.717
		7  1	-2.498
		8  0	1.025
		9  0	-1.55
		10  0	0.796
		12  1	0.755
		13  0	-2.466
		14  0	-0.775
		15  1	-0.945
		16  0	-0.815
		17  1	-0.591
		18  1	-1.302
		19  1	-0.066

node  7		 link	 weight	 bias -6.003
		1  0	1.411
		2  0	0.573
		3  0	-2.076
		4  0	-2.006
		5  0	-0.845
		6  0	-1.267
		7  0	-3.364
		8  1	-4.163
		9  1	0.714
		10  1	0.505
		12  1	-0.75
		13  1	-2.492
		14  0	4.107
		15  1	0.126
		16  0	4.444
		17  1	1.544
		18  1	0.134
		19  0	1.104

node  8		 link	 weight	 bias -14.417
		1  0	-2.66
		2  1	0.442
		3  0	-2.394
		4  1	-3.588
		5  1	-0.26
		6  0	-0.918
		7  0	0.624
		8  0	0.666
		9  0	-1.548
		10  0	0.368
		12  0	4.925
		13  1	-4.066
		14  0	-1.204
		15  1	2.402
		16  1	0.28
		17  1	0.068
		18  0	-2.937
		19  1	-2.307


 Layer 4

node  1		 link	 weight	 bias -3.26
		1  1	1.072
		2  1	0.127
		3  0	-4.259
		4  1	0.321
		5  1	-2.361
		6  0	0.714
		7  0	-0.866
		8  1	-0.883
		9  0	-0.615
		10  0	-1.1
		12  1	-0.569
		13  1	0.49
		14  1	0.166
		15  1	0.283
		16  1	-0.93
		17  0	0.696
		18  0	-1.941
		19  1	1.756
		20  0	-0.979
		21  0	1.01
		22  0	0.389
		23  0	-2.021
		24  0	-0.323
		25  1	-1.304
		26  1	0.388
		27  1	-2.193

node  2		 link	 weight	 bias -25.346
		1  1	-0.907
		2  1	-4.765
		3  1	2.791
		4  1	2.638
		5  0	-1.612
		6  0	0.917
		7  1	0.307
		8  0	-1.175
		9  0	-1.137
		10  0	1.19
		12  1	0.159
		13  0	1.006
		14  0	0.515
		15  0	-0.223
		16  1	0.252
		17  0	2.632
		18  0	-0.427
		19  1	-1.337
		20  1	0.49
		21  1	0.716
		22  0	-0.37
		23  0	-2.156
		24  0	3.361
		25  0	2.161
		26  1	0.946
		27  0	-0.458

node  3		 link	 weight	 bias 5.902
		1  0	-2.648
		2  0	0.22
		3  1	-0.673
		4  1	2.147
		5  0	-2.857
		6  0	0.488
		7  0	-0.611
		8  1	-3.351
		9  1	-0.324
		10  1	0.101
		12  1	1.397
		13  1	-0.816
		14  1	-1.875
		15  1	-1.527
		16  0	0.788
		17  1	-0.848
		18  1	0.86
		19  0	-0.828
		20  1	1.255
		21  1	-0.752
		22  0	2.3
		23  0	2.986
		24  0	-1.719
		25  0	-1.5
		26  0	-0.961
		27  1	0.842

node  4		 link	 weight	 bias -17.601
		1  1	1.518
		2  0	1.563
		3  1	-4.27
		4  0	-0.626
		5  0	0.119
		6  0	-1.414
		7  1	0.428
		8  0	-0.278
		9  1	2.484
		10  0	-0.848
		12  0	-0.425
		13  0	0.049
		14  0	-0.136
		15  0	2.801
		16  1	-0.249
		17  0	-1.351
		18  0	0.922
		19  0	-0.019
		20  1	-1.208
		21  0	0.389
		22  0	-2.424
		23  0	-1.523
		24  0	2.092
		25  0	-0.104
		26  0	1.887
		27  1	-0.427

node  5		 link	 weight	 bias -10.028
		1  0	-1.058
		2  1	-1.844
		3  1	-2.812
		4  1	1.496
		5  0	-0.662
		6  1	0.268
		7  1	-0.149
		8  0	-0.246
		9  0	-1.209
		10  0	0.5
		12  0	0.062
		13  0	-1.775
		14  1	0.785
		15  0	-0.534
		16  1	1.186
		17  1	-0.67
		18  0	-0.385
		19  1	1.543
		20  1	-0.248
		21  1	1.917
		22  1	-1.99
		23  1	0.494
		24  0	-0.197
		25  0	0.111
		26  0	-1.789
		27  0	-2.46

node  6		 link	 weight	 bias 10.542
		1  0	0.319
		2  0	2.286
		3  0	-0.258
		4  0	-1.986
		5  1	0.896
		6  0	-0.016
		7  0	-2.987
		8  0	-3.462
		9  1	-3.453
		10  0	0.632
		12  0	-0.971
		13  0	0.422
		14  1	0.685
		15  1	4.988
		16  1	0.121
		17  1	-0.922
		18  0	0.13
		19  0	-1.743
		20  0	-0.797
		21  1	-2.498
		22  0	1.127
		23  1	3.289
		24  0	-1.029
		25  1	-0.237
		26  1	2.814
		27  0	3.15

node  7		 link	 weight	 bias -5.442
		1  0	-0.386
		2  1	0.504
		3  1	0.279
		4  1	-1.903
		5  0	2.488
		6  1	0.44
		7  0	1.439
		8  1	2.594
		9  1	0.611
		10  1	1.312
		12  1	-0.767
		13  1	-0.477
		14  0	-0.827
		15  0	3.075
		16  0	-1.838
		17  1	0.653
		18  0	-0.82
		19  0	-0.242
		20  0	-0.605
		21  0	-2.028
		22  0	-0.114
		23  1	-0.412
		24  1	2.092
		25  0	0.722
		26  0	-0.992
		27  1	-0.335

node  8		 link	 weight	 bias 9.642
		1  1	-0.375
		2  0	-5.036
		3  1	-2.355
		4  1	-0.415
		5  0	-1.868
		6  0	-0.881
		7  0	-0.631
		8  1	-0.991
		9  1	-1.801
		10  0	-0.339
		12  1	-0.528
		13  1	1.772
		14  0	-1.709
		15  1	-1.705
		16  0	-0.626
		17  1	0.476
		18  0	-1.643
		19  1	2.35
		20  1	-3.095
		21  1	-0.753
		22  0	-0.3
		23  0	4.219
		24  0	-1.32
		25  1	1.542
		26  1	-0.99
		27  1	-0.434


 Layer 5

node  1		 link	 weight	 bias -2.351
		1  0	1.44
		2  0	-1.156
		3  1	0.076
		4  0	-0.365
		5  1	1.834
		6  0	5.013
		7  0	0.198
		8  1	0.0630001
		9  0	-4.237
		10  0	-2.94
		12  0	-0.51
		13  0	-0.094
		14  0	-0.773
		15  1	0.124
		16  0	3.448
		17  0	-2.897
		18  0	0.963
		19  1	0.171
		20  0	0.145
		21  0	0.52
		22  0	-0.518
		23  0	5.176
		24  1	-8.615
		25  0	-0.539
		26  0	-4.438
		27  0	-3.601
		28  0	0.845
		29  0	2.642
		30  0	2.41
		31  0	-4.441
		32  0	-1.177
		33  0	0.57
		34  0	-2.156
		35  0	-3.185


 Layer 2

node  1		 link	 weight	 bias 1.415
		1  0	0.784
		2  0	-0.713
		3  0	-0.441
		4  1	0.532
		5  1	-0.934
		6  1	1.12
		7  1	-0.969
		8  0	0.927
		9  1	1.636
		10  0	-0.436

node  2		 link	 weight	 bias -11.327
		1  0	0.324
		2  1	-2.452
		3  0	-0.313
		4  1	2.121
		5  0	-3.953
		6  1	-2.639
		7  0	-0.963
		8  0	-0.809
		9  1	0.0339999
		10  0	-0.502

node  3		 link	 weight	 bias -14.149
		1  0	4.22
		2  1	-4.724
		3  0	4.096
		4  0	-0.611
		5  0	0.857
		6  1	0.637
		7  0	1.072
		8  1	-2.465
		9  0	-3.784
		10  0	0.107

node  4		 link	 weight	 bias -6.062
		1  1	2.072
		2  0	1.479
		3  0	0.794
		4  1	-1.419
		5  0	3.021
		6  0	-2.969
		7  0	0.501
		8  0	0.188
		9  0	0.513
		10  0	0.096

node  5		 link	 weight	 bias -4.139
		1  0	-1.166
		2  0	-0.856
		3  1	0.255
		4  0	-0.854
		5  0	-2.993
		6  1	0.492
		7  0	1.807
		8  0	-3.332
		9  1	0.572
		10  0	1.43

node  6		 link	 weight	 bias 7.889
		1  0	-1.62
		2  1	-1.386
		3  0	-1.953
		4  1	-1.589
		5  1	-0.626
		6  0	1.323
		7  1	0.15
		8  0	-1.347
		9  1	-3.201
		10  1	-2.725

node  7		 link	 weight	 bias -15.338
		1  0	-0.104
		2  1	1.767
		3  1	-3.693
		4  0	-0.827
		5  0	1.675
		6  0	-0.855
		7  0	-2.297
		8  0	-0.198
		9  1	-0.911
		10  1	-0.816

node  8		 link	 weight	 bias -12.328
		1  1	0.261
		2  1	0.772
		3  0	-2.238
		4  0	-0.205
		5  0	-0.536
		6  0	-0.617
		7  0	-0.534
		8  0	1.897
		9  1	-4.499
		10  0	-0.233


 Layer 3

node  1		 link	 weight	 bias -10.851
		1  1	0.28
		2  1	1.451
		3  0	-1.882
		4  1	0.131
		5  1	-1.926
		6  1	-0.743
		7  0	1.301
		8  0	4.927
		9  0	-3.973
		10  0	-2.474
		12  1	-2.04
		13  1	-0.09
		14  0	0.424
		15  1	3.003
		16  1	-1.075
		17  1	0.051
		18  0	-0.738
		19  0	-3.497

node  2		 link	 weight	 bias -2.54
		1  1	-0.927
		2  0	0.234
		3  0	1.229
		4  1	0.321
		5  0	4.799
		6  0	1.562
		7  0	-1.412
		8  0	-0.045
		9  1	-0.912
		10  0	-0.0629998
		12  0	-0.887
		13  0	-0.873
		14  0	-3.015
		15  1	-0.619
		16  1	-0.948
		17  1	-0.859
		18  1	5.194
		19  1	-0.396

node  3		 link	 weight	 bias 3.164
		1  1	0.896
		2  0	0.0859999
		3  0	-0.943
		4  0	1.402
		5  0	0.734
		6  1	-0.208
		7  0	-1.286
		8  1	-2.965
		9  1	-0.011
		10  0	1.639
		12  0	2.394
		13  1	-0.513
		14  0	-0.24
		15  0	-0.306
		16  0	-3.225
		17  0	-0.655
		18  0	-0.955
		19  0	0.888

node  4		 link	 weight	 bias -7.094
		1  1	-0.104
		2  1	1.568
		3  0	-0.169
		4  0	-1.595
		5  0	0.824
		6  1	0.74
		7  1	-3.336
		8  0	-2.925
		9  1	2.089
		10  0	0.864
		12  1	-2.382
		13  0	-1.774
		14  0	-2.162
		15  1	-0.339
		16  0	3.329
		17  0	-1.116
		18  0	0.298
		19  0	1.634

node  5		 link	 weight	 bias -33.202
		1  0	0.834
		2  1	0.424
		3  1	-0.473
		4  1	1.468
		5  1	-1.716
		6  0	-0.427
		7  0	0.0460002
		8  1	-0.741
		9  0	-0.968
		10  0	0.996
		12  0	0.894
		13  0	-1.32
		14  1	-1.212
		15  1	-2.931
		16  1	-0.56
		17  0	1.002
		18  1	-1.258
		19  1	-1.132

node  6		 link	 weight	 bias -15.957
		1  1	-0.092
		2  0	2.198
		3  0	-0.451
		4  1	2.007
		5  1	-1.942
		6  0	-0.879
		7  0	-0.604
		8  0	-0.216
		9  0	-2.964
		10  1	-1.558
		12  1	-1.37
		13  1	-0.49
		14  0	2.585
		15  0	0.00699997
		16  1	-1.875
		17  1	0.342
		18  0	-6.281
		19  0	2.381

node  7		 link	 weight	 bias -14.197
		1  0	0.684
		2  0	-0.663
		3  0	-0.324
		4  0	-1.001
		5  0	0.616
		6  1	-2.234
		7  0	-0.741
		8  1	-1.52
		9  0	2.04
		10  0	-0.404
		12  1	-1.277
		13  0	-2.762
		14  0	0.052
		15  0	0.261
		16  1	1.552
		17  0	-5.081
		18  1	-2.238
		19  0	1.332

node  8		 link	 weight	 bias 2.952
		1  1	-4.001
		2  0	-0.263
		3  0	-0.723
		4  1	-1
		5  1	1.35
		6  1	0.886
		7  1	3.116
		8  0	-0.932
		9  0	0.048
		10  0	-4.027
		12  1	-0.701
		13  0	-0.976
		14  0	-5.19
		15  0	0.842
		16  0	-1.159
		17  0	-0.449
		18  0	-1.484
		19  0	0.867


 Layer 4

node  1		 link	 weight	 bias -3.664
		1  0	-0.95
		2  1	-3.63
		3  1	-0.769
		4  0	-0.0159999
		5  0	0.762
		6  0	2.852
		7  0	-1.289
		8  1	-0.276
		9  1	0.252
		10  1	-0.986
		12  0	-0.657
		13  0	0.205
		14  0	2.243
		15  0	-0.061
		16  0	-3.905
		17  0	-0.672
		18  1	1.907
		19  1	0.692
		20  1	-0.897
		21  0	1.262
		22  0	-2.836
		23  0	-2.305
		24  1	-0.533
		25  0	-1.159
		26  0	-0.078
		27  0	-1.75

node  2		 link	 weight	 bias -2.395
		1  1	-1.119
		2  0	-2.736
		3  1	0.148
		4  0	-1.384
		5  0	-0.33
		6  1	1.709
		7  0	-1.366
		8  0	-0.841
		9  1	1.458
		10  1	-1.878
		12  0	-3.482
		13  1	-3.752
		14  0	-0.313
		15  0	-1.536
		16  0	-1.596
		17  0	-0.0659999
		18  1	-2.598
		19  1	0.391
		20  1	-1.466
		21  0	0.64
		22  0	1.24
		23  0	0.999
		24  1	0.759
		25  1	-0.451
		26  0	-0.496
		27  0	-0.479

node  3		 link	 weight	 bias -4.178
		1  0	0.169
		2  0	-3.173
		3  1	1.394
		4  1	-1.236
		5  1	-1.162
		6  1	1.237
		7  0	2.127
		8  0	-2.159
		9  0	-1.213
		10  0	1.53
		12  1	-2.478
		13  1	2.349
		14  0	-1.868
		15  1	-1.852
		16  0	-1.113
		17  0	0.834
		18  0	-0.437
		19  0	-0.831
		20  0	0.254
		21  1	-0.788
		22  1	-1.716
		23  0	-0.485
		24  0	1.655
		25  1	-0.553
		26  1	2.223
		27  0	0.865

node  4		 link	 weight	 bias -6.21
		1  0	2.107
		2  0	0.483
		3  0	0.046
		4  1	1.181
		5  1	0.0649999
		6  0	-3.187
		7  1	-1.386
		8  1	4.091
		9  1	-5.28
		10  1	-3.795
		12  0	1.1
		13  1	-0.934
		14  1	-0.927
		15  0	0.528
		16  0	-0.464
		17  1	1.115
		18  0	-0.488
		19  0	1.007
		20  0	1.458
		21  0	0.14
		22  0	0.898
		23  1	-0.149
		24  0	-0.716
		25  1	0.665
		26  0	2.479
		27  1	1.086

node  5		 link	 weight	 bias -11.633
		1  1	-2.802
		2  0	-0.1
		3  0	3.35
		4  0	-1.497
		5  0	0.164
		6  1	0.455
		7  0	0.899
		8  0	-2.283
		9  1	1.319
		10  0	-0.316
		12  1	0.472
		13  1	-2.182
		14  0	3.452
		15  1	-0.156
		16  0	1.325
		17  1	-0.409
		18  0	-0.502
		19  0	1.201
		20  0	-2.56
		21  1	-2.397
		22  0	-1.047
		23  1	-1.865
		24  1	1.461
		25  0	-2.05
		26  1	-0.737
		27  1	-2.339

node  6		 link	 weight	 bias 0.833999
		1  0	-1.121
		2  0	-1.962
		3  1	-0.216
		4  1	-0.326
		5  1	-2.735
		6  1	-1.097
		7  1	-0.206
		8  0	0.385
		9  0	-2.24
		10  0	-0.074
		12  1	-0.193
		13  0	5.875
		14  1	0.977
		15  1	0.249
		16  0	1.045
		17  1	-0.664
		18  0	-3.16
		19  1	3.462
		20  0	1.066
		21  0	-0.771
		22  1	-0.791
		23  0	0.669
		24  0	-0.847
		25  0	-2.951
		26  1	-0.129
		27  0	-0.637

node  7		 link	 weight	 bias 4.823
		1  1	1.951
		2  0	-0.963
		3  1	-3.024
		4  1	0.652
		5  1	4.616
		6  0	0.593
		7  0	-0.875
		8  0	-3.183
		9  0	2.013
		10  0	-0.607
		12  1	-2.019
		13  0	0.326
		14  1	3.387
		15  1	2.128
		16  0	-0.767
		17  1	-1.197
		18  0	-0.62
		19  0	0.686
		20  1	-0.046
		21  1	-0.984
		22  1	-1.317
		23  1	1.801
		24  0	0.839
		25  1	-1.577
		26  0	-2.416
		27  0	0.145

node  8		 link	 weight	 bias -2.921
		1  0	-0.437
		2  0	6.035
		3  1	-0.166
		4  1	-0.126
		5  0	-2.334
		6  1	2.444
		7  0	1.75
		8  0	0.748
		9  0	0.344
		10  1	-0.802
		12  0	-0.326
		13  1	2.852
		14  0	-0.589
		15  0	-1.133
		16  1	-1.085
		17  1	-0.054
		18  1	-0.971
		19  0	2
		20  1	0.569
		21  1	-0.902
		22  1	-0.842
		23  0	0.71
		24  1	-0.615
		25  0	-1.797
		26  1	-0.173
		27  1	-0.465


 Layer 5

node  1		 link	 weight	 bias 1.57
		1  1	0.345
		2  0	-0.822
		3  0	0.765
		4  0	-0.803
		5  0	-2.605
		6  0	-1.468
		7  0	-1.291
		8  0	-2.627
		9  0	-3.758
		10  0	-1.911
		12  0	-0.378
		13  0	-0.881
		14  0	-2.441
		15  0	-1.456
		16  1	2.193
		17  0	0.946
		18  0	-2.943
		19  0	0.567
		20  1	-0.808
		21  1	-0.217
		22  1	-0.762
		23  0	1.042
		24  0	-0.108
		25  0	0.173
		26  0	-1.802
		27  1	1.864
		28  0	-2.904
		29  0	0.604
		30  0	2.928
		31  0	-2.859
		32  1	0.655
		33  0	-0.681
		34  0	-0.821
		35  0	1.175
