
======================================================
Score	4.28604e+09
Z	0.090699
alpha	-2.21775
betta	0.00443501
gamma	-2.04152
Vx	-7.28424
Vy	0.138704
Vz	0.00894636
engIng	0
cFuel	373
tfuel	191
======================================================

Initial Parametrs
rOa	{ 13 ; 30 ; -50 }

V	{ 10 ; 20 ; 20 }

w	{ -0.5 ; -0.5 ; -0.5 }

alpha	-0.35
betta	-0.35
gamma	-0.35
======================================================

 Layer 2

node  1		 link	 weight	 bias -0.452
		1  0	-0.109
		2  0	0.161
		3  0	0.431
		4  0	0.204
		5  0	0.117
		6  1	-0.346
		7  0	-0.09
		8  0	0.369
		9  0	-0.087
		10  0	0.013

node  2		 link	 weight	 bias -2.54
		1  0	0.155
		2  1	-0.156
		3  0	-0.109
		4  0	-0.408
		5  0	0.457
		6  0	0.065
		7  0	0.399
		8  0	-0.389
		9  0	-0.096
		10  0	0.223

node  3		 link	 weight	 bias -0.273
		1  0	0.383
		2  0	-0.013
		3  0	-0.145
		4  0	-0.217
		5  0	0.205
		6  0	-0.332
		7  0	-0.161
		8  0	-0.349
		9  0	-0.174
		10  0	0.382

node  4		 link	 weight	 bias 1.461
		1  0	0
		2  0	0.453
		3  0	0.27
		4  0	0.279
		5  0	-0.494
		6  0	0.048
		7  0	0.42
		8  0	-0.441
		9  0	-0.121
		10  0	0.209

node  5		 link	 weight	 bias 0.271
		1  0	0.04
		2  0	-0.245
		3  1	-2.215
		4  0	0.498
		5  0	-0.456
		6  0	-0.154
		7  0	0.249
		8  0	-0.412
		9  0	-0.16
		10  0	0.086


 Layer 3

node  1		 link	 weight	 bias -1.881
		1  0	0.00199997
		2  0	-0.393
		3  0	-0.112
		4  0	0.407
		5  0	-0.327
		6  0	-0.229
		7  0	0.303
		8  0	0
		9  1	-1.823
		10  0	0.439
		12  0	0.135
		13  0	-0.324
		14  0	-0.081
		15  0	0.141
		16  0	-0.484

node  2		 link	 weight	 bias -0.989
		1  0	0.346
		2  0	-0.012
		3  0	0.168
		4  0	-0.439
		5  0	0.061
		6  0	0.092
		7  0	0.011
		8  1	-1.262
		9  0	0.132
		10  0	0.442
		12  0	0.368
		13  0	0.076
		14  0	0.398
		15  0	-0.108
		16  0	0.497

node  3		 link	 weight	 bias -2.902
		1  0	0.261
		2  0	-0.499
		3  0	-0.102
		4  0	0.097
		5  0	0.343
		6  0	0.384
		7  0	0.469
		8  0	-0.052
		9  0	-0.086
		10  0	0.067
		12  0	0.473
		13  0	-0.12
		14  0	-0.269
		15  0	0.448
		16  0	0.489

node  4		 link	 weight	 bias 0.00999999
		1  0	-0.151
		2  0	0.301
		3  0	0.08
		4  0	0.448
		5  0	0.299
		6  0	-0.002
		7  0	0.394
		8  1	-6.394
		9  1	1.343
		10  0	0.017
		12  0	0.498
		13  0	-0.329
		14  0	-0.255
		15  0	0.124
		16  0	-0.195

node  5		 link	 weight	 bias -1.592
		1  0	0.078
		2  0	0.2
		3  0	0.083
		4  0	0.196
		5  0	-0.186
		6  0	-0.014
		7  0	0.248
		8  0	0.246
		9  0	-0.152
		10  0	-0.054
		12  0	-0.044
		13  0	0.288
		14  0	-0.176
		15  0	-0.139
		16  1	1.878


 Layer 4

node  1		 link	 weight	 bias 0
		1  0	-0.07
		2  0	-0.115
		3  0	-0.12
		4  0	0.365
		5  1	-2.389
		6  0	0.048
		7  0	0.108
		8  0	-0.017
		9  1	-4.84
		10  0	-0.391
		12  0	0.285
		13  0	0.412
		14  1	2.622
		15  0	-0.318
		16  0	-0.05
		17  0	-0.211
		18  0	-0.459
		19  0	0.032
		20  0	-0.273
		21  0	-0.172


 Layer 2

node  1		 link	 weight	 bias -2.121
		1  0	-0.306
		2  0	0.00800002
		3  0	0.105
		4  0	0.181
		5  0	0.223
		6  0	0.158
		7  1	1.42
		8  0	0.214
		9  0	0.111
		10  0	-0.482

node  2		 link	 weight	 bias 0
		1  0	-0.499
		2  0	-0.188
		3  0	-0.279
		4  1	0.68
		5  0	0.447
		6  0	0.236
		7  0	0.012
		8  0	-0.157
		9  1	-2.365
		10  1	-1.32

node  3		 link	 weight	 bias -4.858
		1  0	0.108
		2  0	-0.177
		3  0	0.096
		4  0	0.454
		5  0	-0.078
		6  0	-0.462
		7  0	0.016
		8  0	-0.251
		9  0	-0.299
		10  0	-0.317

node  4		 link	 weight	 bias 1.673
		1  0	0.115
		2  0	0.358
		3  0	-0.137
		4  0	0.162
		5  0	0.334
		6  0	-0.096
		7  0	-0.403
		8  0	0.131
		9  0	0.313
		10  0	0.304

node  5		 link	 weight	 bias -2.495
		1  1	-0.128
		2  0	0.187
		3  0	0.122
		4  0	-0.48
		5  0	-0.411
		6  0	0.433
		7  1	2.31
		8  0	-0.23
		9  0	-0.389
		10  0	0.169


 Layer 3

node  1		 link	 weight	 bias -0.792
		1  0	0.094
		2  1	1.295
		3  0	0.05
		4  0	-0.061
		5  0	-0.118
		6  0	0.04
		7  1	-6.838
		8  1	-2.825
		9  0	-0.118
		10  0	0.255
		12  0	0.116
		13  0	0.325
		14  1	0.286
		15  0	-0.322
		16  0	0.498

node  2		 link	 weight	 bias 1.719
		1  1	-1.691
		2  0	-0.298
		3  0	-0.193
		4  0	0.344
		5  0	-0.367
		6  0	0.297
		7  1	3.326
		8  0	-0.00999999
		9  0	-0.095
		10  0	-0.203
		12  0	0.00999999
		13  0	-0.162
		14  0	0.182
		15  0	0.459
		16  0	0.089

node  3		 link	 weight	 bias 2.238
		1  0	-0.177
		2  1	-1.644
		3  0	-0.436
		4  0	-0.48
		5  0	-0.099
		6  0	0.103
		7  0	-0.406
		8  0	0.338
		9  0	-0.104
		10  0	0.369
		12  0	0.131
		13  0	0.339
		14  0	0.02
		15  0	-0.275
		16  0	-0.384

node  4		 link	 weight	 bias 1.049
		1  0	0.443
		2  0	0.241
		3  1	-1.018
		4  0	0.067
		5  0	-0.179
		6  0	0.485
		7  0	0.498
		8  1	0.852
		9  0	0.078
		10  0	-0.041
		12  0	0.285
		13  0	0.433
		14  0	-0.175
		15  1	-1.556
		16  0	-0.454

node  5		 link	 weight	 bias 0
		1  0	-0.377
		2  0	0.406
		3  0	0.014
		4  0	-0.133
		5  0	-0.009
		6  0	-0.466
		7  0	-0.483
		8  0	-0.211
		9  0	-0.175
		10  0	0.146
		12  0	-0.322
		13  0	-0.235
		14  0	0.017
		15  0	0.053
		16  0	0.023


 Layer 4

node  1		 link	 weight	 bias 0
		1  0	-0.278
		2  0	0.359
		3  0	0.178
		4  0	0.373
		5  0	0.449
		6  0	0.236
		7  0	0.067
		8  0	-0.337
		9  0	0.237
		10  0	0.459
		12  1	1.392
		13  0	0.387
		14  0	0.12
		15  0	-0.39
		16  0	0.077
		17  0	-0.082
		18  1	-0.768
		19  0	0.279
		20  1	-1.373
		21  0	-0.321


 Layer 2

node  1		 link	 weight	 bias 4.42
		1  0	-0.409
		2  0	-0.212
		3  0	-0.215
		4  0	-0.467
		5  0	-0.036
		6  0	0.151
		7  0	0.396
		8  0	-0.354
		9  0	-0.22
		10  0	-0.015

node  2		 link	 weight	 bias -0.971
		1  0	-0.00299999
		2  0	0.055
		3  0	0.407
		4  0	-0.452
		5  0	-0.412
		6  0	-0.172
		7  0	0.314
		8  0	0.316
		9  0	0.184
		10  0	-0.199

node  3		 link	 weight	 bias 0.363
		1  0	-0.102
		2  1	-0.59
		3  0	-0.374
		4  0	0.072
		5  0	0.321
		6  0	0.328
		7  0	0.054
		8  0	-0.146
		9  0	0.165
		10  0	-0.233

node  4		 link	 weight	 bias -1.264
		1  0	0.332
		2  0	-0.218
		3  0	0.226
		4  0	-1.15
		5  0	-0.255
		6  0	0.00599998
		7  1	-1.291
		8  0	-0.199
		9  0	-0.097
		10  0	-0.248

node  5		 link	 weight	 bias -0.974
		1  0	0.24
		2  0	0.218
		3  0	0.065
		4  0	-0.434
		5  0	0.401
		6  0	0.12
		7  0	-0.349
		8  0	-0.092
		9  0	-0.156
		10  0	0.138


 Layer 3

node  1		 link	 weight	 bias -0.947
		1  0	-0.239
		2  0	-0.136
		3  0	0.089
		4  0	-0.088
		5  0	0.44
		6  0	-0.302
		7  0	-0.398
		8  0	0.294
		9  0	0.142
		10  0	-0.271
		12  0	0.222
		13  0	0.418
		14  0	-0.027
		15  0	0.178
		16  0	-0.198

node  2		 link	 weight	 bias 0
		1  0	-0.177
		2  0	-0.257
		3  0	-0.213
		4  0	0.409
		5  0	-0.232
		6  0	-0.138
		7  0	-0.471
		8  0	-0.168
		9  0	0.099
		10  0	-0.253
		12  0	-0.37
		13  0	0.207
		14  0	0.077
		15  0	0.292
		16  1	-1.2

node  3		 link	 weight	 bias -0.687
		1  0	-0.322
		2  0	-0.112
		3  0	0.092
		4  0	0.463
		5  0	0.393
		6  1	0.258
		7  0	-0.354
		8  0	0.302
		9  0	-0.134
		10  0	-0.323
		12  0	-0.115
		13  0	-0.46
		14  1	-0.204
		15  0	-0.041
		16  0	0.121

node  4		 link	 weight	 bias -1.636
		1  0	0.258
		2  0	0.482
		3  0	-0.144
		4  0	0.456
		5  0	0.122
		6  1	1.241
		7  0	-0.372
		8  0	0.216
		9  0	-0.498
		10  0	0.407
		12  0	0.186
		13  1	5.471
		14  0	0.461
		15  1	8.445
		16  0	0.175

node  5		 link	 weight	 bias 0
		1  0	-0.204
		2  0	-0.328
		3  0	-0.057
		4  0	-0.428
		5  0	-0.042
		6  0	-0.349
		7  0	-0.025
		8  1	-2.258
		9  0	0.165
		10  0	0.325
		12  0	-0.125
		13  0	0.102
		14  0	0.43
		15  1	-2.027
		16  0	0.016


 Layer 4

node  1		 link	 weight	 bias -0.986
		1  0	-0.402
		2  0	0.326
		3  0	0.227
		4  1	2.854
		5  0	0.03
		6  0	-0.414
		7  0	-0.18
		8  1	1.578
		9  0	-0.288
		10  0	-0.451
		12  0	-0.196
		13  0	0.018
		14  0	0.445
		15  0	0.462
		16  0	-0.465
		17  0	0.35
		18  0	0.429
		19  0	-0.244
		20  0	-0.302
		21  0	-0.181


 Layer 2

node  1		 link	 weight	 bias -4.286
		1  0	0.082
		2  0	0.139
		3  0	0.188
		4  0	0.039
		5  0	-0.396
		6  0	0.437
		7  0	0.363
		8  0	0.139
		9  0	-0.013
		10  0	-4.257

node  2		 link	 weight	 bias -1.901
		1  1	-3.304
		2  0	0.428
		3  0	-0.005
		4  0	-0.462
		5  0	-0.174
		6  0	-0.209
		7  0	-0.207
		8  0	0.277
		9  1	0.224
		10  0	-0.438

node  3		 link	 weight	 bias 1.738
		1  0	0.084
		2  0	0.264
		3  0	-0.066
		4  0	-0.331
		5  0	0.02
		6  0	0.158
		7  0	0.038
		8  0	0.441
		9  0	0.19
		10  0	-0.418

node  4		 link	 weight	 bias 0
		1  0	0.394
		2  0	-0.353
		3  0	-0.267
		4  0	-0.072
		5  0	-0.459
		6  0	-0.483
		7  0	-0.465
		8  0	0.168
		9  0	0.157
		10  0	-0.461

node  5		 link	 weight	 bias 0
		1  1	2.032
		2  0	-0.171
		3  0	0.255
		4  0	-0.185
		5  0	-0.424
		6  0	-0.198
		7  0	0.396
		8  0	-0.284
		9  0	-0.046
		10  0	0.036


 Layer 3

node  1		 link	 weight	 bias 0.527
		1  0	-0.292
		2  0	0.451
		3  1	-0.0429999
		4  0	0.25
		5  0	-0.182
		6  0	-0.00600001
		7  1	0.863
		8  0	0.445
		9  0	0.136
		10  0	-0.424
		12  1	-0.403
		13  0	-0.481
		14  0	-0.401
		15  0	-0.378
		16  0	0.272

node  2		 link	 weight	 bias -0.287
		1  0	0.401
		2  0	0.295
		3  0	-0.195
		4  0	0.213
		5  0	0.072
		6  0	0.379
		7  0	0.495
		8  0	-0.499
		9  0	0.179
		10  0	-0.069
		12  0	0.016
		13  0	-0.208
		14  0	-0.024
		15  1	0.322
		16  0	0.11

node  3		 link	 weight	 bias 0
		1  0	-0.175
		2  0	-0.03
		3  0	-0.135
		4  0	-0.09
		5  1	-0.423
		6  0	-0.116
		7  0	-0.254
		8  0	0.454
		9  0	0.22
		10  0	-0.207
		12  0	0.057
		13  0	-0.084
		14  0	0.125
		15  0	-0.257
		16  0	-0.419

node  4		 link	 weight	 bias 0
		1  0	-0.075
		2  0	-0.097
		3  0	0.113
		4  0	0.308
		5  0	-0.294
		6  0	0.263
		7  0	0.015
		8  0	0.161
		9  0	-0.113
		10  0	0.209
		12  1	8.746
		13  0	0.425
		14  0	0.297
		15  0	0.338
		16  0	0.302

node  5		 link	 weight	 bias 1.273
		1  0	-0.185
		2  0	-0.162
		3  0	-0.039
		4  0	-0.268
		5  1	-0.069
		6  0	0.074
		7  0	0.198
		8  0	0.061
		9  0	0.00400001
		10  0	0.041
		12  0	-0.483
		13  0	-0.261
		14  0	-0.115
		15  0	-0.184
		16  0	-0.347


 Layer 4

node  1		 link	 weight	 bias 1.377
		1  0	0.258
		2  0	0.03
		3  0	0.455
		4  0	-0.206
		5  0	-0.178
		6  0	0.103
		7  1	0.284
		8  0	-0.379
		9  0	-0.484
		10  0	-0.435
		12  0	0.273
		13  1	-0.355
		14  0	-0.44
		15  0	0.437
		16  0	-0.189
		17  1	4.022
		18  0	-0.319
		19  0	0.37
		20  0	0.051
		21  0	0.09
