
======================================================
Score	7.05301e+10
Z	0.0343126
alpha	-0.0214508
betta	0.271823
gamma	0.301263
Vx	-3.37797
Vy	-0.0135928
Vz	-0.0521512
engIng	0
cFuel	270
tfuel	179.205
======================================================

Initial Parametrs
rOa	{ 35 ; 12 ; -50 }

V	{ 10 ; 20 ; 20 }

w	{ -0.5 ; -0.5 ; -0.5 }

alpha	-0.35
betta	-0.35
gamma	-0.35
======================================================

 Layer 2

node  1		 link	 weight	 bias 4.292
		1  0	0.904
		2  0	-0.503
		3  0	-0.551
		4  0	-0.811
		5  0	0.316
		6  0	0.417
		7  0	-0.922
		8  0	-0.869
		9  0	0.745
		10  0	0.539

node  2		 link	 weight	 bias -4.494
		1  0	0.074
		2  1	0.492
		3  0	-0.616
		4  1	-0.665
		5  0	0.211
		6  1	9.325
		7  1	0.789
		8  1	-9.65
		9  0	-0.913
		10  0	0.912

node  3		 link	 weight	 bias -12.138
		1  0	-0.729
		2  1	2.376
		3  1	0.029
		4  0	0.043
		5  0	0.218
		6  1	-5.108
		7  1	7.15
		8  0	0.15
		9  0	-5.398
		10  1	1.474

node  4		 link	 weight	 bias 0.014
		1  0	-0.165
		2  0	0.641
		3  0	-0.448
		4  0	0.165
		5  0	0.235
		6  0	0.054
		7  0	0.993
		8  0	0.089
		9  0	-0.468
		10  0	-0.767

node  5		 link	 weight	 bias 1.068
		1  0	0.481
		2  0	-0.934
		3  0	0.371
		4  1	-5.762
		5  0	-0.927
		6  0	-0.945
		7  1	-8.308
		8  1	0.376
		9  0	0.626
		10  0	0.818

node  6		 link	 weight	 bias -4.073
		1  1	-3.312
		2  1	-0.425
		3  0	0.936
		4  0	-5.125
		5  0	-0.532
		6  0	-0.087
		7  0	-0.143
		8  0	0.723
		9  0	-6.53
		10  1	2.949


 Layer 3

node  1		 link	 weight	 bias 6.045
		1  1	-1.855
		2  0	1.747
		3  0	-0.465
		4  1	-2.922
		5  0	0.324
		6  0	0.146
		7  0	0.933
		8  0	-0.154
		9  1	-0.021
		10  0	0.942
		12  0	-12.677
		13  0	-0.655
		14  0	-0.474
		15  0	-0.759
		16  0	0.99
		17  0	0.468

node  2		 link	 weight	 bias 1.458
		1  1	4.514
		2  0	-0.87
		3  0	0.311
		4  0	4.631
		5  0	0.275
		6  1	3.596
		7  1	-5.204
		8  0	-0.5
		9  0	-0.952
		10  0	0.138
		12  0	-0.968
		13  1	-2.921
		14  0	-0.38
		15  1	3.335
		16  1	-11.688
		17  0	-0.159

node  3		 link	 weight	 bias -0.302
		1  0	-0.377
		2  0	0.08
		3  0	0.903
		4  1	2.369
		5  0	-0.704
		6  0	-0.704
		7  0	-0.614
		8  0	0.136
		9  0	0.098
		10  0	0.878
		12  1	-0.454
		13  0	-0.524
		14  0	0.989
		15  1	-17.724
		16  1	3.852
		17  0	0.818

node  4		 link	 weight	 bias -4.049
		1  1	-9.856
		2  1	-0.619
		3  1	-12.634
		4  1	1.656
		5  0	-0.168
		6  1	-4.428
		7  1	-8.835
		8  0	0.1
		9  0	-0.687
		10  0	0.351
		12  0	-0.903
		13  1	-4.66
		14  0	0.189
		15  0	5.301
		16  0	0.559
		17  1	-1.398

node  5		 link	 weight	 bias -6.411
		1  1	-1.087
		2  0	0.136
		3  0	-10.66
		4  1	-6.987
		5  0	-0.093
		6  1	-4.702
		7  0	0.32
		8  1	2.501
		9  1	-7.845
		10  1	-2.727
		12  0	0.848
		13  1	0.504
		14  0	0.259
		15  0	-0.454
		16  0	6.277
		17  1	7.998

node  6		 link	 weight	 bias -2.118
		1  1	-0.617
		2  0	0.847
		3  0	0.688
		4  0	0.813
		5  1	-0.296
		6  0	-2.04
		7  0	-0.41
		8  1	-7.641
		9  1	-0.492
		10  0	-0.966
		12  0	0.576
		13  1	-4.633
		14  1	-0.184
		15  0	-24.791
		16  0	0.5
		17  0	-0.642


 Layer 4

node  1		 link	 weight	 bias 0.698
		1  0	0.041
		2  1	-0.929
		3  1	6.246
		4  0	0.179
		5  1	-8.609
		6  0	-2.108
		7  1	-5.701
		8  0	-0.218
		9  0	0.491
		10  0	0.239
		12  0	0.005
		13  0	-6.156
		14  1	-14.67
		15  0	-0.339
		16  0	0.989
		17  0	0.435
		18  1	9.528
		19  1	-3.827
		20  1	1.223
		21  0	0.49
		22  0	0.173
		23  0	0.472

node  2		 link	 weight	 bias -0.759
		1  1	-1.171
		2  0	-0.291
		3  0	-0.972
		4  0	-0.949
		5  1	-5.072
		6  1	-3.037
		7  1	1.988
		8  0	-0.89
		9  1	5.476
		10  0	4.893
		12  0	0.133
		13  1	6.092
		14  0	8.942
		15  0	0.044
		16  1	-5.473
		17  1	-5.582
		18  0	-2.698
		19  1	-5.942
		20  1	-0.664
		21  0	0.615
		22  1	-23.869
		23  1	-6.412

node  3		 link	 weight	 bias 9.307
		1  1	16.511
		2  0	-0.371
		3  0	0.082
		4  1	-5.637
		5  1	8.733
		6  1	6.787
		7  0	-0.893
		8  0	0.992
		9  1	-18.138
		10  1	-4.212
		12  0	-0.932
		13  0	-0.739
		14  0	-2.239
		15  0	0.779
		16  1	3.866
		17  0	-0.148
		18  1	-8.718
		19  0	0.304
		20  0	-0.308
		21  1	-1.117
		22  1	3.297
		23  1	-11.25

node  4		 link	 weight	 bias -14.996
		1  1	-7.648
		2  1	-4.403
		3  0	0.076
		4  1	4.788
		5  0	-2.788
		6  0	-0.125
		7  1	-1.359
		8  0	-7.038
		9  1	-5.679
		10  1	-9.583
		12  0	0.13
		13  1	-8.66
		14  1	-0.692
		15  1	-4.627
		16  0	-11.631
		17  1	-12.936
		18  1	3.304
		19  0	0.75
		20  0	0.525
		21  1	-8.845
		22  1	-7.724
		23  1	-0.198

node  5		 link	 weight	 bias 0.564
		1  0	0.693
		2  0	-0.435
		3  0	-0.968
		4  0	0.96
		5  0	-0.672
		6  0	-0.178
		7  0	0.374
		8  0	-0.27
		9  1	1.46
		10  0	-0.822
		12  0	0.897
		13  0	-0.748
		14  1	-0.35
		15  1	-21.97
		16  0	-0.093
		17  0	0.107
		18  0	0.328
		19  0	0.148
		20  0	0.636
		21  0	0.768
		22  0	-0.354
		23  1	-0.628

node  6		 link	 weight	 bias 1.168
		1  1	0.526
		2  1	-7.963
		3  0	0.53
		4  0	0.785
		5  1	1.208
		6  0	-0.841
		7  0	-1.035
		8  0	-0.551
		9  0	-1.035
		10  1	-5.657
		12  0	0.628
		13  1	-6.561
		14  0	2.068
		15  1	-1.793
		16  0	-21.438
		17  1	-2.532
		18  1	-7.347
		19  0	-0.497
		20  1	-4.786
		21  1	10.571
		22  0	-0.369
		23  1	0.281


 Layer 5

node  1		 link	 weight	 bias 0
		1  0	0.567
		2  0	-0.936
		3  0	-0.519
		4  1	-0.438
		5  1	0.048
		6  1	4.177
		7  0	0.814
		8  0	-0.432
		9  1	0.107
		10  0	0.712
		12  1	1.3
		13  1	0.027
		14  0	-0.434
		15  1	-6.375
		16  0	-0.095
		17  0	-0.541
		18  0	0.576
		19  0	0.305
		20  1	-0.767
		21  0	0.958
		22  0	-0.704
		23  0	0.556
		24  0	-0.387
		25  0	-0.214
		26  0	0.198
		27  0	-0.966
		28  1	1.444
		29  0	0.333


 Layer 2

node  1		 link	 weight	 bias -1.686
		1  0	0.691
		2  0	0.165
		3  0	0.994
		4  0	-0.372
		5  0	-0.966
		6  0	-0.592
		7  0	0.449
		8  0	1.018
		9  1	-4.133
		10  1	2.819

node  2		 link	 weight	 bias -4.452
		1  1	-2.088
		2  1	13.013
		3  1	-8.934
		4  0	0.565
		5  0	-0.604
		6  1	-11.187
		7  1	-1.483
		8  0	0.164
		9  0	-1.002
		10  1	-3.261

node  3		 link	 weight	 bias -4.341
		1  0	0.583
		2  0	0.941
		3  0	0.511
		4  1	7.343
		5  0	-0.195
		6  1	-1.152
		7  1	8.348
		8  0	0.685
		9  1	-2.48
		10  0	-3.343

node  4		 link	 weight	 bias -3.454
		1  1	0.013
		2  1	-12.322
		3  0	-1.881
		4  0	-0.511
		5  0	0.208
		6  0	0.225
		7  0	-1.96
		8  0	0.056
		9  0	0.417
		10  0	4.916

node  5		 link	 weight	 bias -6.545
		1  0	0.862
		2  0	8.776
		3  0	-0.22
		4  1	-1.238
		5  1	-7.687
		6  0	0.992
		7  1	6.165
		8  1	5.263
		9  1	-7.121
		10  0	0.771

node  6		 link	 weight	 bias 1.64
		1  0	0.316
		2  0	-0.623
		3  0	-0.811
		4  1	-1.666
		5  1	-6.506
		6  0	-0.269
		7  1	-7.263
		8  0	-0.431
		9  1	-2.426
		10  1	-20.363


 Layer 3

node  1		 link	 weight	 bias -5.933
		1  0	-0.292
		2  1	-1.308
		3  0	-0.771
		4  1	-4.733
		5  0	0.033
		6  1	-13.955
		7  1	-1.979
		8  1	0.285
		9  0	-0.036
		10  1	-18.537
		12  0	8.242
		13  0	-0.243
		14  0	0.75
		15  0	0.44
		16  1	5.671
		17  1	6.003

node  2		 link	 weight	 bias -4.116
		1  1	-4.608
		2  0	-8.77
		3  1	-4.153
		4  0	-2.464
		5  1	-5.199
		6  0	-0.483
		7  0	-9.373
		8  1	11.584
		9  1	-2.522
		10  0	-4.796
		12  0	-0.096
		13  1	-4.077
		14  1	2.357
		15  0	-4.024
		16  0	4.01
		17  0	-0.012

node  3		 link	 weight	 bias 0.274
		1  0	-0.932
		2  0	-0.947
		3  0	0.291
		4  0	-0.795
		5  1	7.601
		6  0	-0.797
		7  0	0.878
		8  0	-0.533
		9  0	-0.996
		10  0	0.284
		12  1	1.689
		13  0	-0.13
		14  1	2.605
		15  1	0.078
		16  0	-0.345
		17  0	0.234

node  4		 link	 weight	 bias 3.151
		1  1	-21.671
		2  0	-2.748
		3  0	0.448
		4  0	6.665
		5  0	-0.118
		6  0	0.793
		7  1	-9.118
		8  0	0.777
		9  0	-0.512
		10  1	-3.499
		12  0	1.602
		13  0	-0.821
		14  0	-0.241
		15  1	-19.497
		16  1	0.226
		17  0	5.484

node  5		 link	 weight	 bias -1.282
		1  1	7.132
		2  0	-0.502
		3  1	-1.563
		4  1	-6.154
		5  1	4.343
		6  0	-0.687
		7  1	6.015
		8  1	-6.217
		9  0	-0.535
		10  1	-9.986
		12  1	0.822
		13  1	10.207
		14  0	-3.531
		15  0	0.988
		16  0	4.808
		17  0	-1.717

node  6		 link	 weight	 bias 2.436
		1  1	8.925
		2  0	-0.321
		3  0	0.955
		4  0	1.715
		5  0	-3.293
		6  1	2.902
		7  1	-2.611
		8  0	-0.116
		9  0	-0.034
		10  0	6.619
		12  0	5.432
		13  1	2.083
		14  0	8.855
		15  0	-0.399
		16  0	0.668
		17  0	-0.39


 Layer 4

node  1		 link	 weight	 bias -9.949
		1  0	0.482
		2  1	0.988
		3  0	-4.154
		4  0	0.819
		5  1	1.124
		6  0	2.587
		7  1	-3.482
		8  0	-0.581
		9  0	-2.066
		10  0	2.668
		12  1	-8.646
		13  0	-8.701
		14  1	3.742
		15  1	4.09
		16  0	-5.458
		17  1	-3.099
		18  1	0.139
		19  0	-10.744
		20  1	-11.486
		21  1	4.59
		22  1	-3.262
		23  1	0.262

node  2		 link	 weight	 bias 6.795
		1  1	0.121
		2  1	-10.377
		3  1	-2.27
		4  1	-1.856
		5  1	8.726
		6  1	13.782
		7  1	1.167
		8  0	0.284
		9  0	-2.011
		10  0	0.586
		12  1	-11.301
		13  0	0.913
		14  1	3.787
		15  1	4.068
		16  1	-19.399
		17  1	4.662
		18  1	2.376
		19  1	-6.479
		20  0	0.66
		21  0	0.901
		22  0	0.226
		23  1	-8.965

node  3		 link	 weight	 bias -7.4
		1  0	-6.452
		2  1	-5.603
		3  0	0.673
		4  1	-6.939
		5  1	-9.154
		6  0	-9.053
		7  1	-1.864
		8  0	-5.261
		9  0	-3.095
		10  0	-0.379
		12  1	3.878
		13  0	-5.036
		14  1	-8.929
		15  0	-0.00400001
		16  1	-4.676
		17  0	0.00100005
		18  0	0.024
		19  0	-0.384
		20  1	4.513
		21  1	3.855
		22  0	0.48
		23  1	-29.232

node  4		 link	 weight	 bias -2.65
		1  1	1.033
		2  1	1.174
		3  0	-0.287
		4  0	0.02
		5  0	-0.526
		6  1	1.155
		7  1	-12.095
		8  0	0.448
		9  1	2.586
		10  1	1.389
		12  0	-0.924
		13  0	-14.302
		14  1	-1.191
		15  1	3.412
		16  0	-0.07
		17  1	5.388
		18  1	-7.529
		19  0	4.915
		20  0	0.295
		21  0	-3.185
		22  0	0.96
		23  0	0.418

node  5		 link	 weight	 bias -13.406
		1  1	-0.768
		2  0	0.152
		3  0	0.765
		4  1	-14.795
		5  1	-1.994
		6  0	-0.28
		7  1	1.983
		8  0	0.548
		9  1	0.43
		10  1	-2.341
		12  0	0.539
		13  0	-6.793
		14  0	7.662
		15  1	-4.872
		16  1	-17.967
		17  0	4.357
		18  0	-5.542
		19  0	3.123
		20  0	0.533
		21  1	-7.995
		22  1	0.375
		23  1	-19.438

node  6		 link	 weight	 bias -0.529
		1  0	-0.447
		2  0	0.185
		3  1	3.81
		4  0	0.418
		5  0	0.858
		6  1	3.778
		7  0	-0.703
		8  1	1.354
		9  1	-0.126
		10  0	0.865
		12  0	0.403
		13  0	-0.263
		14  0	0.087
		15  0	0.713
		16  1	-6.41
		17  0	-0.292
		18  1	14.237
		19  1	7.51
		20  0	3.914
		21  1	-6.144
		22  0	1.152
		23  1	2.185


 Layer 5

node  1		 link	 weight	 bias 0
		1  0	0.217
		2  0	-0.916
		3  0	0.062
		4  0	0.23
		5  0	0.215
		6  0	0.731
		7  1	1.817
		8  0	-0.551
		9  0	-0.695
		10  0	0.668
		12  0	0.675
		13  0	0.653
		14  0	0.89
		15  0	0.708
		16  0	-0.304
		17  0	0.173
		18  0	-0.252
		19  0	0.102
		20  1	-0.707
		21  0	-0.169
		22  0	0.371
		23  0	0.599
		24  0	-0.779
		25  0	0.653
		26  0	-0.324
		27  0	0.324
		28  0	-0.959
		29  0	0.318


 Layer 2

node  1		 link	 weight	 bias -3.639
		1  1	-1.558
		2  1	6.686
		3  0	0.786
		4  1	-0.296
		5  1	-4.955
		6  0	0.0319999
		7  0	-0.157
		8  1	-1.298
		9  1	-13.701
		10  1	-1.395

node  2		 link	 weight	 bias -3.114
		1  0	0.579
		2  0	0.569
		3  0	-0.922
		4  0	-0.337
		5  1	2.559
		6  0	0.454
		7  0	0.232
		8  0	0.674
		9  0	0.965
		10  0	0.467

node  3		 link	 weight	 bias -0.383
		1  0	0.5
		2  1	2.671
		3  0	-0.159
		4  0	-0.594
		5  1	-9.882
		6  1	-2.782
		7  1	0.334
		8  0	-0.77
		9  0	0.758
		10  0	0.406

node  4		 link	 weight	 bias 0.071
		1  0	0.379
		2  0	-0.208
		3  0	-0.448
		4  0	0.535
		5  0	0.574
		6  0	0.101
		7  0	-0.854
		8  0	-0.464
		9  1	-0.726
		10  0	-0.921

node  5		 link	 weight	 bias -0.425
		1  0	-0.652
		2  0	0.291
		3  0	-0.897
		4  0	0.72
		5  0	0.417
		6  0	0.705
		7  0	-0.996
		8  0	0.52
		9  0	0.81
		10  0	-0.282

node  6		 link	 weight	 bias 0.619
		1  1	0.805
		2  0	-0.203
		3  0	-0.28
		4  0	-0.616
		5  0	0.561
		6  1	-0.00800002
		7  0	0.94
		8  0	0.807
		9  0	-0.469
		10  0	0.305


 Layer 3

node  1		 link	 weight	 bias -13.347
		1  0	0.302
		2  0	0.858
		3  0	0.875
		4  1	-0.995
		5  1	0.952
		6  1	5.662
		7  0	-3.373
		8  0	1.147
		9  0	-0.802
		10  1	-1.317
		12  1	-0.639
		13  0	0.536
		14  0	0.00600004
		15  1	-12.985
		16  0	0.166
		17  0	-6.507

node  2		 link	 weight	 bias 1.449
		1  1	-7.841
		2  1	-25.956
		3  1	3.281
		4  0	-3.756
		5  0	4.999
		6  0	-0.151
		7  1	-2.245
		8  1	-5.396
		9  0	-0.719
		10  1	1.9
		12  1	-3.586
		13  1	10.532
		14  1	6.987
		15  0	-0.642
		16  1	-1.527
		17  0	-0.21

node  3		 link	 weight	 bias -0.278
		1  0	-0.19
		2  0	-0.765
		3  0	0.716
		4  0	0.687
		5  0	-0.496
		6  0	0.577
		7  0	-0.575
		8  0	-1.642
		9  0	0.00899994
		10  0	0.025
		12  0	-0.757
		13  0	0.731
		14  0	-0.379
		15  0	-0.567
		16  1	-1.84
		17  0	0.225

node  4		 link	 weight	 bias 0
		1  0	-0.566
		2  0	0.219
		3  0	0.459
		4  1	-2.257
		5  0	0.175
		6  0	0.305
		7  0	-0.185
		8  0	-0.013
		9  0	0.865
		10  0	-0.061
		12  0	0.948
		13  0	0.199
		14  1	2.464
		15  0	-0.239
		16  0	0.395
		17  1	2.954

node  5		 link	 weight	 bias -2.963
		1  0	0.507
		2  1	-13.2
		3  0	-0.762
		4  0	-3.79
		5  0	7.908
		6  1	-1.335
		7  0	-0.843
		8  1	-20.208
		9  1	2.727
		10  1	-6.658
		12  1	0.255
		13  0	-5.712
		14  1	-1.481
		15  0	0.302
		16  1	-7.42
		17  0	-0.926

node  6		 link	 weight	 bias -3.107
		1  1	-11.6
		2  1	2.752
		3  0	-2.964
		4  0	0.235
		5  1	-11.695
		6  0	0.18
		7  1	-5.966
		8  1	-9.55
		9  0	0.266
		10  1	3.546
		12  0	0.59
		13  0	3.278
		14  0	0.143
		15  0	-0.191
		16  0	0.049
		17  0	0.877


 Layer 4

node  1		 link	 weight	 bias -1.276
		1  0	0.786
		2  0	-0.514
		3  0	-0.509
		4  0	-0.009
		5  0	0.852
		6  0	0.321
		7  1	-0.049
		8  0	0.442
		9  0	0.298
		10  0	0.567
		12  0	-1
		13  0	0.495
		14  0	-0.869
		15  1	-1.475
		16  0	0.735
		17  0	0.985
		18  0	-0.164
		19  0	-0.869
		20  1	0.883
		21  1	-1.718
		22  0	0.273
		23  0	-0.62

node  2		 link	 weight	 bias 6.035
		1  1	-19.378
		2  0	0.128
		3  0	0.924
		4  0	-0.849
		5  0	-0.449
		6  1	-0.794
		7  0	0.311
		8  1	-6.211
		9  0	3.934
		10  0	-0.743
		12  1	0.407
		13  0	0.913
		14  1	-3.789
		15  1	1.828
		16  1	0.133
		17  0	-0.461
		18  0	0.959
		19  1	5.366
		20  1	-12.266
		21  0	-8.009
		22  1	-10.45
		23  1	5.542

node  3		 link	 weight	 bias 2.53
		1  0	0.129
		2  0	-0.938
		3  0	0.352
		4  0	-0.523
		5  0	-0.596
		6  0	-0.475
		7  1	1.94
		8  0	0.533
		9  0	0.288
		10  0	-0.016
		12  0	0.141
		13  0	-0.958
		14  0	0.148
		15  1	0.613
		16  0	-0.435
		17  0	0.199
		18  1	0.308
		19  0	-0.597
		20  0	-0.84
		21  0	-0.777
		22  0	-0.341
		23  0	-0.726

node  4		 link	 weight	 bias -0.762
		1  1	-1.373
		2  0	0.714
		3  0	-0.61
		4  1	-2.373
		5  1	-7.038
		6  0	0.017
		7  1	-5.824
		8  0	0.639
		9  1	-1.481
		10  1	-5.457
		12  1	-12.842
		13  0	-0.585
		14  1	0.905
		15  0	1.065
		16  1	-9.96
		17  0	0.833
		18  0	-0.773
		19  0	-1.959
		20  0	-0.363
		21  0	-3.925
		22  1	-0.997
		23  0	0.379

node  5		 link	 weight	 bias 2.993
		1  1	-0.116
		2  0	-0.207
		3  0	0.955
		4  0	0.0319999
		5  0	-2.362
		6  1	-3.637
		7  1	-10.345
		8  0	0.624
		9  0	0.243
		10  1	1.403
		12  0	0.918
		13  1	7.803
		14  0	-10.818
		15  1	-6.584
		16  1	-4.373
		17  1	3.033
		18  0	-7.366
		19  1	-12.389
		20  0	-0.156
		21  1	-4.136
		22  0	-4.579
		23  1	-2.156

node  6		 link	 weight	 bias -4.49
		1  0	0.721
		2  0	0.369
		3  1	-5.66
		4  0	0.587
		5  1	-15.039
		6  0	0.763
		7  0	-0.0629999
		8  0	-15.112
		9  0	-0.604
		10  1	-12.535
		12  1	0.81
		13  1	-0.557
		14  0	0.031
		15  1	-0.191
		16  0	0.889
		17  0	-1.608
		18  0	0.146
		19  1	7.243
		20  1	1.319
		21  1	-6.259
		22  0	-2.489
		23  1	-14.497


 Layer 5

node  1		 link	 weight	 bias -2.197
		1  0	-0.267
		2  0	0.887
		3  0	-0.16
		4  0	-0.605
		5  0	-0.209
		6  0	-0.945
		7  0	-0.587
		8  1	4.87
		9  0	-0.283
		10  0	-0.627
		12  0	-0.543
		13  0	-0.241
		14  0	0.55
		15  0	0.346
		16  0	0.131
		17  0	0.776
		18  0	-0.707
		19  0	0.803
		20  1	0.683
		21  0	-0.691
		22  0	0.152
		23  0	0.817
		24  1	-4.012
		25  0	0.932
		26  1	-0.169
		27  0	0.252
		28  0	0.917
		29  0	-0.465


 Layer 2

node  1		 link	 weight	 bias -3.211
		1  1	-5.905
		2  0	-0.98
		3  1	0.44
		4  1	-25.452
		5  1	0.96
		6  1	-18.672
		7  0	-0.919
		8  0	0.307
		9  1	-9.866
		10  1	1.417

node  2		 link	 weight	 bias 4.089
		1  1	-4.34
		2  0	-0.637
		3  0	0.404
		4  1	-11.936
		5  0	-0.903
		6  1	-0.38
		7  1	-2.88
		8  1	-17.891
		9  0	-0.461
		10  0	0.116

node  3		 link	 weight	 bias -1.292
		1  0	2.952
		2  1	-11.622
		3  1	-9.033
		4  0	-3.189
		5  0	0.04
		6  0	0.761
		7  1	-19.902
		8  0	-0.614
		9  1	-0.476
		10  1	-2.382

node  4		 link	 weight	 bias 2.075
		1  1	-17.054
		2  1	3.08
		3  0	-0.235
		4  1	9.381
		5  0	0.756
		6  1	0.793
		7  0	0.72
		8  0	-0.467
		9  0	-1.734
		10  0	-0.058

node  5		 link	 weight	 bias -0.13
		1  0	-0.29
		2  0	-0.047
		3  0	-0.572
		4  0	-0.075
		5  0	0.996
		6  1	0.68
		7  1	0.421
		8  0	-0.235
		9  0	-0.3
		10  0	-0.22

node  6		 link	 weight	 bias 2.269
		1  1	2.343
		2  0	-0.91
		3  0	-0.206
		4  0	-0.58
		5  1	2.249
		6  1	-0.415
		7  0	7.364
		8  0	0.627
		9  0	-0.672
		10  1	-0.217


 Layer 3

node  1		 link	 weight	 bias -2.113
		1  1	0.083
		2  1	-8.456
		3  0	-0.00800002
		4  0	0.076
		5  1	-6.54
		6  0	0.586
		7  0	-0.733
		8  0	0.538
		9  1	21.581
		10  1	-0.137
		12  1	1.782
		13  0	0.128
		14  1	-4.966
		15  1	3.484
		16  1	5.763
		17  0	-0.304

node  2		 link	 weight	 bias 16.125
		1  1	-6.872
		2  1	-14.143
		3  1	0.088
		4  0	-2.878
		5  0	-0.761
		6  0	-8.93
		7  0	0.139
		8  0	2.098
		9  0	-0.626
		10  0	-0.619
		12  1	-2.951
		13  0	-0.825
		14  1	-6.776
		15  1	-2.942
		16  0	-0.965
		17  1	-11.138

node  3		 link	 weight	 bias -4.358
		1  0	4.137
		2  0	0.7
		3  1	-4.332
		4  0	-5.677
		5  0	-0.245
		6  1	-4.401
		7  0	0.783
		8  0	0.949
		9  0	0.543
		10  0	3.501
		12  1	6.698
		13  1	1.343
		14  0	0.348
		15  1	0.207
		16  1	-0.686
		17  1	-3.007

node  4		 link	 weight	 bias 5.064
		1  0	-0.216
		2  1	3.411
		3  0	0.502
		4  0	-0.635
		5  0	-0.68
		6  1	3.119
		7  0	0.577
		8  1	-8.014
		9  1	1.702
		10  1	4.203
		12  0	-5.83
		13  1	-5.885
		14  1	-13.352
		15  0	1.201
		16  1	1.898
		17  1	0.274

node  5		 link	 weight	 bias -0.173
		1  0	0.244
		2  0	0.094
		3  0	-0.511
		4  0	-0.824
		5  1	0.015
		6  0	0.981
		7  0	0.456
		8  0	0.095
		9  0	0.442
		10  0	-0.842
		12  0	-0.291
		13  0	-0.016
		14  0	-0.827
		15  0	0.891
		16  1	-1.054
		17  0	-0.504

node  6		 link	 weight	 bias -5.245
		1  0	0.961
		2  1	-1.559
		3  1	-5.542
		4  0	0.449
		5  1	1.64
		6  1	-3.979
		7  0	-0.05
		8  0	0.449
		9  0	0.254
		10  0	-0.698
		12  1	1.603
		13  0	-0.647
		14  0	-5.093
		15  0	0.336
		16  1	-2.273
		17  1	-12.341


 Layer 4

node  1		 link	 weight	 bias 1.888
		1  1	-10.485
		2  1	-0.712
		3  0	-0.972
		4  0	-0.000999987
		5  0	-0.054
		6  0	0.901
		7  0	-0.388
		8  1	2.155
		9  0	-10.939
		10  1	1.29
		12  1	2.744
		13  1	4.352
		14  1	-3.078
		15  0	-0.332
		16  1	-12.476
		17  0	-0.022
		18  0	0.981
		19  1	4.221
		20  0	-0.29
		21  0	-3.932
		22  1	0.938
		23  1	-18.876

node  2		 link	 weight	 bias -5.345
		1  1	2.873
		2  0	0.283
		3  0	-17.753
		4  1	-5.007
		5  1	-2.639
		6  0	-0.571
		7  0	-0.198
		8  0	-2.281
		9  1	-9.815
		10  1	-11.446
		12  1	-7.701
		13  1	-2.227
		14  1	3.415
		15  1	-7.619
		16  0	-0.297
		17  0	0.698
		18  0	-0.496
		19  0	-0.497
		20  0	-0.439
		21  1	-10.5
		22  0	-0.799
		23  0	0.159

node  3		 link	 weight	 bias -14.027
		1  0	-10.657
		2  1	-13.891
		3  0	-0.117
		4  1	5.457
		5  0	-0.945
		6  0	6.787
		7  1	2.848
		8  0	-0.205
		9  0	-0.871
		10  1	-8.616
		12  1	-1.689
		13  0	-0.647
		14  1	2.591
		15  1	-9.754
		16  0	0.416
		17  1	4.757
		18  0	-0.216
		19  0	-0.165
		20  0	-0.564
		21  0	-0.1
		22  0	0.415
		23  0	0.557

node  4		 link	 weight	 bias 6.681
		1  0	-6.588
		2  1	-1.06
		3  1	-12.155
		4  0	-0.27
		5  0	-0.772
		6  0	3.794
		7  0	-0.815
		8  1	-16.952
		9  0	-0.376
		10  0	5.703
		12  0	-0.881
		13  1	-1.314
		14  1	5.439
		15  1	-1.494
		16  0	-0.819
		17  0	0.00399995
		18  1	1.818
		19  1	-7.18
		20  1	-4.614
		21  1	-8.391
		22  0	-0.658
		23  0	0.153

node  5		 link	 weight	 bias -5.43
		1  0	-0.676
		2  1	-10.675
		3  1	-4.922
		4  1	1.715
		5  1	-4.147
		6  0	-0.305
		7  0	-0.834
		8  1	-9.891
		9  1	-3.88
		10  0	-0.448
		12  1	-1.494
		13  0	-0.139
		14  0	-0.701
		15  0	-0.387
		16  0	-0.112
		17  0	-0.461
		18  1	2.854
		19  0	-0.35
		20  0	2.057
		21  0	0.157
		22  1	-4.678
		23  1	-6.687

node  6		 link	 weight	 bias 2.923
		1  0	0.602
		2  0	0.851
		3  1	9.669
		4  0	-0.413
		5  1	-11.059
		6  0	-0.886
		7  1	-2.508
		8  0	0.381
		9  0	-13.548
		10  0	-0.58
		12  0	0.585
		13  1	-5.951
		14  0	-0.54
		15  1	-0.432
		16  1	-0.884
		17  0	-0.116
		18  0	0.077
		19  1	1.133
		20  0	-0.5
		21  1	-1.116
		22  0	2.076
		23  1	4.356


 Layer 5

node  1		 link	 weight	 bias 0
		1  1	0.14
		2  0	-0.855
		3  0	-0.707
		4  1	-0.982
		5  1	0.649
		6  1	1.282
		7  0	0.199
		8  0	0.957
		9  0	0.334
		10  0	-0.428
		12  0	0.241
		13  0	-0.023
		14  0	-0.065
		15  0	0.419
		16  0	-0.702
		17  0	0.432
		18  0	0.117
		19  0	-0.836
		20  0	0.48
		21  0	0.295
		22  1	-2.832
		23  0	-0.787
		24  0	0.049
		25  0	-0.213
		26  0	0.847
		27  0	0.672
		28  0	-0.602
		29  0	-0.184
