
======================================================
Score	6.8348e+09
Z	0
alpha	-0.35
betta	-2.21595
gamma	2.01031
Vx	-0.424858
Vy	0.101087
Vz	-0.0720432
engIng	0
cFuel	246
tfuel	258.996
======================================================

Initial Parametrs
rOa	{ 0 ; 0 ; -50 }

V	{ 10 ; 20 ; 20 }

w	{ -0.5 ; -0.5 ; -0.5 }

alpha	-0.35
betta	-0.35
gamma	-0.35
======================================================

 Layer 2

node  1		 link	 weight	 bias -13.229
		1  1	-3.128
		2  1	6.356
		3  1	-2.356
		4  1	-2.271
		5  1	2.106
		6  0	-0.189
		7  0	2.424
		8  1	3.322
		9  1	-2.109
		10  0	0.524

node  2		 link	 weight	 bias -6.476
		1  1	-1.449
		2  0	-0.805
		3  0	0.098
		4  0	-0.642
		5  0	0.323
		6  1	-3.666
		7  0	-0.795
		8  0	-0.098
		9  0	0.061
		10  1	-0.416

node  3		 link	 weight	 bias 6.642
		1  1	4.702
		2  0	0.525
		3  0	0.179
		4  0	0.143
		5  0	0.93
		6  1	-13.835
		7  0	0.436
		8  1	-0.946
		9  0	5.305
		10  1	-10.909

node  4		 link	 weight	 bias 2.155
		1  1	-9.532
		2  1	0.501
		3  0	0.494
		4  1	-8.626
		5  0	-0.457
		6  0	-0.826
		7  0	0.256
		8  1	-1.508
		9  0	0.417
		10  1	-0.54

node  5		 link	 weight	 bias -5.095
		1  0	-0.712
		2  0	-0.679
		3  0	-0.914
		4  0	2.007
		5  0	0.177
		6  0	-6.288
		7  0	-0.06
		8  1	-1.417
		9  0	0.106
		10  1	-1.484

node  6		 link	 weight	 bias -1.441
		1  0	0.307
		2  1	-1.502
		3  1	0.176
		4  0	-0.188
		5  0	0.452
		6  0	-0.441
		7  1	-11.032
		8  0	-0.557
		9  0	-0.032
		10  0	0.591


 Layer 3

node  1		 link	 weight	 bias 0
		1  0	0.942
		2  0	0.971
		3  0	0.662
		4  0	0.435
		5  0	-0.034
		6  0	-0.183
		7  0	-0.11
		8  0	0.765
		9  0	-0.806
		10  0	-0.349
		12  0	0.084
		13  0	0.453
		14  0	0.307
		15  0	-0.633
		16  0	0.0319999
		17  0	0.214

node  2		 link	 weight	 bias 8.036
		1  1	-1.952
		2  0	0.977
		3  0	-0.051
		4  1	-3.944
		5  1	-1.22
		6  0	3.083
		7  0	-0.343
		8  1	0.675
		9  0	-0.498
		10  0	-0.925
		12  0	-0.489
		13  0	-0.975
		14  1	1.401
		15  0	-0.77
		16  0	0.432
		17  0	-0.00300002

node  3		 link	 weight	 bias 5.331
		1  0	-0.351
		2  1	-5.226
		3  0	-0.605
		4  1	10.352
		5  0	0.306
		6  1	-11.122
		7  1	-3.894
		8  1	-1.097
		9  0	-0.684
		10  0	-0.654
		12  0	-0.728
		13  1	7.063
		14  0	-0.726
		15  0	-0.674
		16  0	0.27
		17  0	-0.761

node  4		 link	 weight	 bias 3.091
		1  1	-1.989
		2  0	0.838
		3  0	-0.461
		4  0	0.204
		5  0	0.833
		6  0	0.052
		7  0	0.069
		8  0	-0.524
		9  0	-0.162
		10  0	-0.375
		12  1	2.693
		13  1	10.06
		14  1	-5.618
		15  0	3.32
		16  1	6.915
		17  1	-8.909

node  5		 link	 weight	 bias 2.018
		1  0	-0.067
		2  0	0.541
		3  1	-1.622
		4  0	-0.598
		5  1	1.157
		6  1	-16.681
		7  0	0.621
		8  0	-0.183
		9  0	-0.561
		10  1	-4.22
		12  0	-5.874
		13  0	-0.156
		14  1	-4.145
		15  0	-0.702
		16  0	0.956
		17  0	-0.385

node  6		 link	 weight	 bias -0.853
		1  1	10.104
		2  1	-0.533
		3  0	0.735
		4  0	-0.392
		5  1	-3.795
		6  1	-25.644
		7  0	8.107
		8  1	3.651
		9  1	39.158
		10  1	2.019
		12  1	10.428
		13  0	-0.118
		14  1	0.662
		15  1	9.78
		16  1	9.876
		17  1	-17.425


 Layer 4

node  1		 link	 weight	 bias 7.884
		1  0	-0.314
		2  1	0.69
		3  0	0.53
		4  1	-1.99
		5  0	0.15
		6  0	4.432
		7  0	0.625
		8  0	0.385
		9  0	0.086
		10  1	0.141
		12  0	0.053
		13  1	-7.808
		14  0	2.393
		15  1	2.056
		16  1	-8.899
		17  0	8.322
		18  0	-0.756
		19  1	5.683
		20  0	-0.838
		21  1	2.016
		22  1	-11.486
		23  0	0.724

node  2		 link	 weight	 bias 0.572
		1  0	-3.693
		2  1	5.313
		3  1	0.339
		4  0	-0.15
		5  1	-2.267
		6  0	0.757
		7  0	0.433
		8  0	0.342
		9  1	5.24
		10  1	-6.184
		12  0	0.95
		13  1	-1.338
		14  0	-0.853
		15  1	2.872
		16  0	-4.484
		17  1	10.153
		18  1	-4.765
		19  0	-0.811
		20  0	0.369
		21  0	0.992
		22  0	-0.884
		23  1	-0.809

node  3		 link	 weight	 bias -1.878
		1  0	0.043
		2  0	0.368
		3  0	-0.333
		4  0	0.882
		5  0	0.495
		6  0	-0.128
		7  0	-0.337
		8  0	0.585
		9  0	0.203
		10  0	-0.758
		12  0	-0.684
		13  0	0.144
		14  0	0.151
		15  0	-0.774
		16  0	-0.472
		17  0	-0.929
		18  0	-0.518
		19  0	0.982
		20  1	0.991
		21  0	-0.823
		22  0	0.955
		23  1	0.077

node  4		 link	 weight	 bias 4.037
		1  0	-0.47
		2  0	0.631
		3  0	2.885
		4  0	5.296
		5  1	-7.424
		6  0	0.173
		7  1	-5.234
		8  1	8.149
		9  1	6.922
		10  0	0.438
		12  1	-3.712
		13  0	-0.067
		14  0	-0.585
		15  0	0.998
		16  0	-0.154
		17  1	-2.275
		18  1	9.48
		19  1	-8.826
		20  0	-0.157
		21  0	0.801
		22  1	-3.648
		23  0	0.948

node  5		 link	 weight	 bias -5.361
		1  0	0.681
		2  0	-0.834
		3  0	0.00800002
		4  0	-0.737
		5  0	-0.105
		6  0	0.403
		7  0	0.628
		8  0	0.373
		9  0	-0.733
		10  0	-0.214
		12  0	-0.706
		13  0	-3.169
		14  0	-0.319
		15  0	-0.607
		16  0	-0.423
		17  1	-1.456
		18  0	-0.959
		19  1	5.576
		20  1	2.47
		21  1	5.202
		22  0	-0.764
		23  1	-2.333

node  6		 link	 weight	 bias -2.346
		1  0	-0.753
		2  1	0.264
		3  1	-2.399
		4  0	-0.506
		5  0	0.48
		6  0	3.567
		7  0	0.342
		8  0	-0.882
		9  1	-5.194
		10  0	-0.835
		12  1	-1.929
		13  0	0.628
		14  0	0.848
		15  0	-4.073
		16  1	-2.327
		17  0	0.536
		18  0	-0.045
		19  0	0.226
		20  0	0.87
		21  1	6.033
		22  0	0.953
		23  0	0.25


 Layer 5

node  1		 link	 weight	 bias 0
		1  0	0.533
		2  0	-0.374
		3  0	0.666
		4  0	-0.913
		5  0	-0.379
		6  0	-0.542
		7  0	0.139
		8  1	-0.69
		9  0	0.589
		10  0	0.023
		12  0	-0.021
		13  0	-0.377
		14  0	-0.386
		15  0	-0.31
		16  0	-0.61
		17  0	-0.587
		18  0	-8.171
		19  0	-0.718
		20  0	0.871
		21  0	0.652
		22  0	-0.913
		23  0	-0.051
		24  0	-0.974
		25  0	0.084
		26  1	-0.166
		27  0	-0.247
		28  0	-0.185
		29  0	-0.359


 Layer 2

node  1		 link	 weight	 bias 1.231
		1  0	-0.976
		2  0	0.634
		3  0	0.716
		4  1	4.993
		5  0	0.189
		6  0	0.209
		7  1	-2.485
		8  1	1.504
		9  1	8.051
		10  1	4.079

node  2		 link	 weight	 bias -0.454
		1  1	0.885
		2  0	0.346
		3  0	0.134
		4  0	-0.087
		5  1	-2.867
		6  0	-0.15
		7  1	-2.889
		8  0	0.939
		9  0	0.906
		10  0	-0.584

node  3		 link	 weight	 bias -11.968
		1  1	5.32
		2  0	0.107
		3  0	-0.067
		4  0	0.279
		5  1	-0.514
		6  0	-0.45
		7  1	-3.719
		8  0	0.274
		9  0	0.076
		10  0	0.492

node  4		 link	 weight	 bias -8.397
		1  0	-3.134
		2  1	-0.831
		3  1	12.976
		4  0	-0.527
		5  1	2.162
		6  1	9.277
		7  0	-0.396
		8  0	0.438
		9  1	-0.793
		10  0	4.014

node  5		 link	 weight	 bias -8.668
		1  0	-3.42
		2  0	-0.494
		3  0	-0.701
		4  0	-10.539
		5  1	-1.37
		6  1	-2.006
		7  0	-0.215
		8  0	-0.634
		9  1	1.027
		10  1	-9.848

node  6		 link	 weight	 bias -19.258
		1  0	-0.757
		2  0	-0.064
		3  0	0.728
		4  0	-0.374
		5  1	1.895
		6  0	-0.371
		7  1	-1.557
		8  0	-0.00400001
		9  0	-15.093
		10  1	10.683


 Layer 3

node  1		 link	 weight	 bias 7.979
		1  0	-0.484
		2  1	-19.142
		3  0	-0.995
		4  0	-0.063
		5  1	0.807
		6  0	-0.172
		7  0	-0.987
		8  1	-3.635
		9  0	0.256
		10  0	0.044
		12  0	-0.124
		13  0	-0.588
		14  0	0.976
		15  1	-2.024
		16  0	-0.018
		17  1	-6.704

node  2		 link	 weight	 bias -2.108
		1  0	0.131
		2  1	4.312
		3  1	1.01
		4  0	1.599
		5  0	0.71
		6  0	-3.774
		7  1	2.857
		8  1	-0.852
		9  1	7.917
		10  0	0.703
		12  1	-1.214
		13  0	1.855
		14  0	0.198
		15  1	-5.282
		16  0	0.753
		17  0	-0.303

node  3		 link	 weight	 bias 5.209
		1  0	-0.352
		2  0	0.432
		3  0	-1.73
		4  0	-8.998
		5  0	-0.411
		6  0	-0.097
		7  0	0.957
		8  1	4.884
		9  0	-0.385
		10  1	1.605
		12  1	3.254
		13  0	0.476
		14  0	-0.872
		15  0	-0.969
		16  0	-0.668
		17  1	-0.369

node  4		 link	 weight	 bias -5.817
		1  0	0.022
		2  0	0.129
		3  1	-18.94
		4  1	-4.91
		5  0	-0.618
		6  0	-0.225
		7  1	1.035
		8  0	-0.169
		9  0	-0.522
		10  0	-0.638
		12  0	0.12
		13  0	-0.191
		14  0	0.665
		15  1	1.737
		16  0	-0.45
		17  1	2.679

node  5		 link	 weight	 bias 1.593
		1  1	3.007
		2  1	-3.101
		3  1	-5.286
		4  0	-0.316
		5  1	-0.65
		6  0	0.889
		7  0	-1.182
		8  0	-0.979
		9  1	-3.501
		10  0	0.897
		12  1	-8.512
		13  0	-0.749
		14  0	0.511
		15  0	-0.075
		16  1	15.089
		17  0	0.196

node  6		 link	 weight	 bias 9.444
		1  0	0.653
		2  0	-0.819
		3  1	4.86
		4  0	-0.249
		5  0	-1.499
		6  0	-0.184
		7  1	4.627
		8  0	-0.489
		9  0	2.245
		10  0	-0.111
		12  0	-0.246
		13  1	-7.157
		14  0	0.119
		15  0	0.992
		16  0	-0.506
		17  0	-0.781


 Layer 4

node  1		 link	 weight	 bias 2.859
		1  0	0.757
		2  0	0.91
		3  0	0.708
		4  0	0.98
		5  0	-0.659
		6  1	-2.421
		7  1	-3.887
		8  0	-4.834
		9  0	0.725
		10  0	0.058
		12  0	-0.226
		13  0	5.327
		14  0	0.231
		15  1	-0.572
		16  1	-7.914
		17  1	-3.662
		18  0	-4.175
		19  0	5.762
		20  1	-1.369
		21  0	3.75
		22  0	0.039
		23  0	0.25

node  2		 link	 weight	 bias 2.702
		1  0	0.259
		2  0	0.435
		3  1	-1.641
		4  0	0.941
		5  0	0.255
		6  0	-0.406
		7  0	-0.713
		8  0	0.809
		9  0	0.151
		10  0	0.058
		12  1	-3.42
		13  0	-0.368
		14  0	-0.265
		15  1	-2.81
		16  1	-2.64
		17  1	-16.415
		18  0	0.139
		19  0	-0.63
		20  1	5.934
		21  0	-1.305
		22  0	-0.52
		23  1	-2.319

node  3		 link	 weight	 bias -0.451
		1  1	-1.663
		2  0	-0.264
		3  0	-0.102
		4  1	0.95
		5  0	-0.751
		6  0	-1.563
		7  0	-2.472
		8  1	0.821
		9  1	-0.08
		10  0	0.03
		12  0	-8.07
		13  1	11.327
		14  1	-4.747
		15  1	-3.867
		16  1	-3.253
		17  0	-5.34
		18  1	-13.799
		19  0	-5.892
		20  1	-0.542
		21  0	-0.547
		22  0	0.327
		23  1	8.84

node  4		 link	 weight	 bias 2.708
		1  0	0.592
		2  0	-0.43
		3  0	0.635
		4  1	-4.549
		5  0	3.005
		6  1	-3.676
		7  0	0.893
		8  0	-0.949
		9  1	-4.212
		10  1	7.754
		12  1	-3.832
		13  0	0.585
		14  0	-0.805
		15  0	0.499
		16  0	-1.741
		17  0	0.59
		18  1	-4.698
		19  0	-4.216
		20  0	0.84
		21  1	-0.104
		22  1	0.116
		23  1	-5.34

node  5		 link	 weight	 bias -10.537
		1  0	0.412
		2  0	0.889
		3  0	0.872
		4  1	0.697
		5  0	0.311
		6  1	1.201
		7  0	1.977
		8  0	0.224
		9  1	-0.078
		10  1	1.472
		12  0	-2.426
		13  0	-0.714
		14  1	-1.798
		15  0	0.733
		16  1	12.446
		17  0	-0.494
		18  0	1.204
		19  1	-0.959
		20  0	1.819
		21  0	-0.113
		22  0	0.771
		23  0	-0.279

node  6		 link	 weight	 bias -0.121
		1  0	-0.037
		2  0	0.025
		3  0	0.218
		4  0	-0.3
		5  0	0.321
		6  1	0.365
		7  0	0.676
		8  0	0.796
		9  0	-0.58
		10  0	-0.699
		12  0	-0.043
		13  0	6.041
		14  0	0.224
		15  0	-0.156
		16  0	0.603
		17  0	-0.402
		18  0	-0.13
		19  0	0.899
		20  0	-0.501
		21  0	-0.772
		22  0	-0.547
		23  1	-0.00300002


 Layer 5

node  1		 link	 weight	 bias 0.457
		1  1	0.155
		2  0	-0.055
		3  0	-0.21
		4  0	0.567
		5  0	0.466
		6  0	-0.436
		7  0	-0.838
		8  0	-0.066
		9  0	-0.33
		10  0	-0.329
		12  0	0.905
		13  0	-0.144
		14  0	0.236
		15  0	0.034
		16  0	0.129
		17  0	0.4
		18  0	-0.916
		19  0	0.804
		20  0	-0.522
		21  0	-0.657
		22  0	-0.932
		23  0	-0.29
		24  0	-0.151
		25  0	0.898
		26  0	-0.966
		27  0	0.438
		28  0	0.504
		29  1	-0.206


 Layer 2

node  1		 link	 weight	 bias 0.418
		1  1	5.293
		2  0	-0.729
		3  1	5.303
		4  1	-5.551
		5  1	-1.755
		6  1	2.577
		7  1	1.943
		8  1	6.212
		9  0	6.722
		10  1	1.213

node  2		 link	 weight	 bias -0.461
		1  0	-1.419
		2  0	-0.153
		3  0	0.325
		4  0	-0.313
		5  0	0.395
		6  1	-13.011
		7  0	2.608
		8  0	0.96
		9  0	0.283
		10  1	-7.553

node  3		 link	 weight	 bias -5.821
		1  0	0.586
		2  0	-0.232
		3  1	5.9
		4  1	-0.778
		5  1	3.85
		6  1	-2.767
		7  1	1.755
		8  0	-0.634
		9  1	0.018
		10  1	2.597

node  4		 link	 weight	 bias -1.952
		1  0	-0.727
		2  0	-0.434
		3  0	-0.986
		4  0	-0.535
		5  1	-11.645
		6  0	0.874
		7  0	-0.393
		8  1	2.187
		9  0	0.12
		10  0	-0.97

node  5		 link	 weight	 bias -11.109
		1  0	-0.339
		2  1	-4.165
		3  1	-2.575
		4  1	2.837
		5  0	0.992
		6  0	0.469
		7  0	-1.248
		8  1	-2.088
		9  0	0.573
		10  0	-0.802

node  6		 link	 weight	 bias 4.578
		1  1	2.57
		2  0	-5.897
		3  0	0.00300002
		4  0	0.745
		5  0	-0.647
		6  1	2.317
		7  0	-0.239
		8  0	0.982
		9  0	-0.933
		10  0	0.356


 Layer 3

node  1		 link	 weight	 bias -0.968
		1  0	-0.146
		2  1	-6.461
		3  1	-7.231
		4  0	0.239
		5  0	0.288
		6  0	-0.275
		7  0	-0.716
		8  1	-3.96
		9  0	-8.305
		10  0	-0.095
		12  0	0.342
		13  0	7.684
		14  0	0.312
		15  0	-0.831
		16  0	0.773
		17  0	0.572

node  2		 link	 weight	 bias 1.655
		1  1	-0.245
		2  0	0.939
		3  0	-0.544
		4  0	-0.352
		5  0	-0.506
		6  1	-0.123
		7  0	3.358
		8  0	0.336
		9  1	-2.226
		10  0	0.249
		12  0	-0.059
		13  1	3.446
		14  0	0.391
		15  0	-0.956
		16  0	0.622
		17  0	0.174

node  3		 link	 weight	 bias -0.404
		1  0	-0.21
		2  0	0.293
		3  0	0.429
		4  0	-0.946
		5  1	-3.658
		6  0	0.271
		7  0	-0.278
		8  1	0.138
		9  0	-0.627
		10  0	0.489
		12  0	-0.481
		13  0	0.304
		14  0	-0.337
		15  1	3.435
		16  0	0.231
		17  0	0.902

node  4		 link	 weight	 bias -5.669
		1  0	-1.613
		2  1	-3.772
		3  0	-0.067
		4  1	-1.867
		5  0	0.328
		6  1	-5.96
		7  1	2.748
		8  0	-1.39
		9  0	0.936
		10  0	0.948
		12  1	1.704
		13  0	-0.857
		14  0	-0.591
		15  0	-0.302
		16  0	3.573
		17  0	-0.247

node  5		 link	 weight	 bias 9.09
		1  0	-0.146
		2  0	-0.35
		3  1	1.581
		4  1	-4.435
		5  0	-0.612
		6  1	-7.023
		7  0	-0.645
		8  0	0.216
		9  1	0.414
		10  1	0.122
		12  1	8.328
		13  0	1.233
		14  0	0.565
		15  0	-2.744
		16  1	-1.598
		17  0	0.456

node  6		 link	 weight	 bias -2.874
		1  0	0.719
		2  0	0.365
		3  0	-0.864
		4  0	0.355
		5  1	2.093
		6  0	-0.566
		7  0	-0.226
		8  0	-8.005
		9  0	-0.12
		10  0	0.629
		12  1	3.161
		13  0	0.974
		14  1	1.259
		15  1	8.344
		16  0	-0.921
		17  0	0.525


 Layer 4

node  1		 link	 weight	 bias 1.601
		1  0	0.507
		2  0	0.516
		3  0	1.053
		4  0	0.354
		5  0	0.847
		6  0	-0.213
		7  0	0.732
		8  0	-0.388
		9  0	-0.343
		10  0	-4.018
		12  0	5.365
		13  0	0.819
		14  0	0.994
		15  0	0.068
		16  1	-1.984
		17  0	0.396
		18  0	0.981
		19  0	-9.08
		20  1	1.886
		21  0	0.906
		22  1	1.529
		23  1	3.306

node  2		 link	 weight	 bias -1.054
		1  0	-0.835
		2  1	5.669
		3  0	-0.062
		4  0	0.303
		5  0	-0.706
		6  0	-1.971
		7  1	-21.468
		8  0	0.378
		9  0	0.756
		10  1	-2.356
		12  0	0.401
		13  1	-4.782
		14  0	-0.72
		15  1	-12.832
		16  0	-0.811
		17  0	0.848
		18  1	-0.31
		19  0	0.762
		20  1	3.702
		21  0	-0.877
		22  0	1.009
		23  0	-0.718

node  3		 link	 weight	 bias 4.089
		1  0	-0.074
		2  0	-0.746
		3  0	-0.452
		4  1	5.065
		5  1	1.911
		6  1	-3.866
		7  1	-5.102
		8  0	-0.05
		9  0	14.832
		10  0	-4.549
		12  1	-8.217
		13  1	5.925
		14  0	-0.048
		15  1	-1.039
		16  1	0.592
		17  0	0.692
		18  0	-1.96
		19  0	-12.679
		20  1	3.239
		21  1	-3.437
		22  0	-0.521
		23  1	1.785

node  4		 link	 weight	 bias 1.042
		1  0	-0.499
		2  1	-13.835
		3  0	-0.104
		4  0	-0.98
		5  0	0.418
		6  1	4.777
		7  1	-3.548
		8  0	-0.936
		9  0	-0.506
		10  1	0.825
		12  0	-0.407
		13  0	0.831
		14  1	-5.167
		15  0	0.36
		16  1	-1.184
		17  0	-0.241
		18  0	0.122
		19  1	-1.433
		20  0	-0.617
		21  0	0.68
		22  1	-21.939
		23  0	0.121

node  5		 link	 weight	 bias -4.516
		1  1	-8.273
		2  1	-15.027
		3  0	-0.021
		4  0	-0.259
		5  1	-0.7
		6  0	0.475
		7  1	3.545
		8  0	0.949
		9  0	-0.935
		10  0	-0.217
		12  1	4.425
		13  0	-0.563
		14  0	-0.326
		15  1	-4.414
		16  0	0.901
		17  0	0.466
		18  0	-0.657
		19  0	-0.835
		20  0	-3.947
		21  0	-0.128
		22  0	-0.559
		23  0	0.125

node  6		 link	 weight	 bias -1.467
		1  1	-1.134
		2  0	0.556
		3  0	-0.656
		4  0	0.828
		5  1	-4.341
		6  1	-7.676
		7  1	-4.522
		8  0	-0.856
		9  0	0.492
		10  0	-0.205
		12  0	-0.07
		13  0	-0.29
		14  0	-2.02
		15  1	5.562
		16  0	0.614
		17  0	0.367
		18  1	1.404
		19  0	0.611
		20  0	-0.506
		21  1	2.346
		22  0	0.118
		23  0	-0.297


 Layer 5

node  1		 link	 weight	 bias 0.348
		1  0	-0.709
		2  0	-0.435
		3  0	0.999
		4  0	-0.227
		5  0	-0.308
		6  0	0.406
		7  1	-3.926
		8  0	0.109
		9  0	-0.546
		10  0	0.98
		12  0	0.163
		13  0	-0.989
		14  0	-0.629
		15  0	0.634
		16  0	0.873
		17  0	-0.559
		18  1	-0.00199997
		19  0	0.525
		20  1	-0.907
		21  0	-0.898
		22  0	-0.695
		23  0	-0.024
		24  0	0.15
		25  0	-0.777
		26  0	-0.878
		27  0	-0.645
		28  0	0.501
		29  0	-0.377


 Layer 2

node  1		 link	 weight	 bias 8.189
		1  1	-4.999
		2  1	-6.657
		3  1	8.248
		4  1	-4.247
		5  1	-12.654
		6  0	-0.845
		7  1	0.704
		8  1	1.913
		9  1	-1.711
		10  1	-0.711

node  2		 link	 weight	 bias 2.655
		1  1	5.35
		2  1	7.144
		3  0	-2.576
		4  1	0.849
		5  0	-0.738
		6  1	-8.741
		7  0	10.562
		8  0	0.465
		9  1	-2.437
		10  0	0.269

node  3		 link	 weight	 bias -4.105
		1  0	-0.632
		2  0	-0.794
		3  0	-0.264
		4  0	0.77
		5  0	0.995
		6  1	-1.301
		7  1	-1.386
		8  1	0.945
		9  1	0.6
		10  0	0.319

node  4		 link	 weight	 bias -5.322
		1  0	9.203
		2  0	0.316
		3  0	0.426
		4  0	0.624
		5  0	0.268
		6  1	-10.906
		7  0	-9.544
		8  1	9.124
		9  1	-5.062
		10  1	-0.125

node  5		 link	 weight	 bias 0.741
		1  0	-0.072
		2  0	-0.76
		3  0	-0.831
		4  0	0.649
		5  0	0.647
		6  1	1.491
		7  0	0.024
		8  0	-0.99
		9  0	0.082
		10  0	-0.133

node  6		 link	 weight	 bias 0
		1  0	-0.824
		2  0	-0.058
		3  0	-0.823
		4  0	0.592
		5  0	-0.692
		6  0	-0.909
		7  0	0.52
		8  0	0.105
		9  0	-0.201
		10  0	-0.912


 Layer 3

node  1		 link	 weight	 bias -9.133
		1  1	-2.85
		2  1	-14.122
		3  0	0.637
		4  1	1.703
		5  1	2.292
		6  0	10.246
		7  0	-0.77
		8  1	5.55
		9  0	-0.376
		10  0	-0.848
		12  0	-0.144
		13  1	-1.103
		14  1	1.018
		15  0	5.783
		16  0	-0.58
		17  0	-0.098

node  2		 link	 weight	 bias -0.988
		1  0	0.632
		2  0	-1.24
		3  1	-2.297
		4  0	0.373
		5  0	-0.416
		6  0	-0.615
		7  0	0.283
		8  0	-0.754
		9  0	-0.212
		10  1	-5.797
		12  0	0.67
		13  1	0.76
		14  0	0.234
		15  0	0.687
		16  1	1.445
		17  1	-2.097

node  3		 link	 weight	 bias -2.034
		1  0	-0.538
		2  0	-0.129
		3  1	-0.63
		4  0	0.677
		5  1	1.265
		6  1	1.926
		7  1	4.529
		8  0	3.175
		9  1	-2.468
		10  0	5.253
		12  0	-0.593
		13  0	1.712
		14  0	0.464
		15  0	-1.723
		16  1	0.673
		17  0	0.584

node  4		 link	 weight	 bias 3.534
		1  0	5.69
		2  1	-6.587
		3  0	-0.6
		4  0	0.887
		5  0	1.011
		6  0	0.728
		7  0	0.747
		8  0	-0.582
		9  1	7.689
		10  0	-4.231
		12  1	1.02
		13  0	-0.555
		14  0	-3.257
		15  1	-3.399
		16  0	0.361
		17  0	0.174

node  5		 link	 weight	 bias -24.976
		1  0	-5.963
		2  1	-3.379
		3  0	-0.308
		4  1	-4.4
		5  0	-0.023
		6  0	0.683
		7  1	1.555
		8  0	0.116
		9  1	4.203
		10  1	10.109
		12  0	0.77
		13  0	-1.45
		14  0	-0.145
		15  0	13.912
		16  1	-0.372
		17  1	-2.342

node  6		 link	 weight	 bias -4.129
		1  0	-6.032
		2  0	-0.488
		3  1	-9.156
		4  1	-8.856
		5  1	-0.184
		6  0	-15.034
		7  1	-0.782
		8  0	-3.082
		9  0	-10.897
		10  0	0.56
		12  1	3.779
		13  0	-0.358
		14  0	-0.026
		15  0	0.485
		16  0	0.623
		17  0	0.828


 Layer 4

node  1		 link	 weight	 bias -1.105
		1  1	2.298
		2  0	-0.306
		3  1	3.866
		4  0	0.067
		5  0	0.547
		6  1	-1.148
		7  0	0.955
		8  0	0.12
		9  0	0.773
		10  0	-0.236
		12  0	-0.82
		13  0	0.356
		14  1	-4.811
		15  1	-8.257
		16  0	-0.272
		17  0	-0.613
		18  0	0.899
		19  1	-3.188
		20  1	-1.605
		21  1	-4.989
		22  1	-5.19
		23  0	0.488

node  2		 link	 weight	 bias -2.322
		1  0	0.202
		2  0	-0.763
		3  0	0.883
		4  0	-0.182
		5  0	-0.77
		6  0	-0.027
		7  0	-0.456
		8  0	-0.745
		9  0	0.13
		10  0	5.46
		12  0	0.301
		13  1	-2.199
		14  1	-1.054
		15  1	-4.933
		16  1	7.523
		17  0	0.519
		18  0	0.37
		19  0	-0.89
		20  0	-0.125
		21  1	-2.278
		22  0	0.401
		23  0	0.718

node  3		 link	 weight	 bias -0.141
		1  0	0.575
		2  0	0.282
		3  0	0.24
		4  0	-0.789
		5  0	-0.541
		6  0	-0.861
		7  0	0.411
		8  0	0.377
		9  0	-0.177
		10  0	0.844
		12  0	-0.969
		13  0	0.793
		14  0	-0.015
		15  0	0.428
		16  1	0.302
		17  0	-0.722
		18  0	-0.125
		19  0	-0.516
		20  0	-0.555
		21  0	0.446
		22  0	0.2
		23  0	0.536

node  4		 link	 weight	 bias 0.939
		1  0	-0.573
		2  0	-0.223
		3  1	0.563
		4  0	5.675
		5  1	8.254
		6  0	0.716
		7  0	2.067
		8  0	-4.755
		9  0	-4.62
		10  0	0.671
		12  0	-0.884
		13  0	0.8
		14  0	-0.257
		15  0	0.221
		16  0	0.877
		17  1	-1.031
		18  0	0.84
		19  1	-10.365
		20  1	-9.685
		21  0	-4.372
		22  0	0.717
		23  1	-6.01

node  5		 link	 weight	 bias -3.704
		1  0	0.592
		2  1	-0.812
		3  1	-6.083
		4  0	-0.74
		5  0	0.212
		6  0	-0.205
		7  0	-0.677
		8  0	-0.199
		9  0	0.514
		10  0	-4.575
		12  0	1.816
		13  0	-8.443
		14  1	-1.763
		15  0	0.775
		16  0	-15.032
		17  1	0.024
		18  0	-0.294
		19  1	-0.187
		20  0	-0.473
		21  0	-0.711
		22  0	0.00499996
		23  1	4.932

node  6		 link	 weight	 bias 1.11
		1  0	-0.907
		2  0	0.237
		3  0	0.864
		4  1	0.843
		5  0	-0.867
		6  0	0.637
		7  0	-0.7
		8  1	1.663
		9  0	0.714
		10  0	0.084
		12  0	0.135
		13  0	-0.793
		14  0	-0.208
		15  0	-0.904
		16  0	-0.391
		17  0	-0.225
		18  0	-0.991
		19  0	0.109
		20  0	-0.128
		21  1	0.111
		22  0	-0.963
		23  0	0.451


 Layer 5

node  1		 link	 weight	 bias 0
		1  0	0.856
		2  0	-0.376
		3  0	-0.797
		4  0	-0.257
		5  1	0.054
		6  0	-0.885
		7  0	0.217
		8  0	0.417
		9  0	-0.382
		10  0	0.803
		12  0	0.965
		13  0	-0.238
		14  0	0.912
		15  0	-0.989
		16  0	-0.394
		17  1	-7.183
		18  0	0.233
		19  0	0.978
		20  0	0.506
		21  0	0.379
		22  0	0.988
		23  0	-0.706
		24  0	-0.227
		25  0	-0.239
		26  1	0.114
		27  0	-0.217
		28  0	-0.517
		29  1	-1.474
