
======================================================
Score	2.18428e+11
Z	-40.7928
alpha	-0.35
betta	-1.026
gamma	-1.12985
Vx	-16.5262
Vy	20
Vz	20
engIng	1
cFuel	10
tfuel	0
======================================================

Initial Parametrs
rOa	{ 0 ; 0 ; -50 }

V	{ 10 ; 20 ; 20 }

w	{ -0.5 ; -0.5 ; -0.5 }

alpha	-0.35
betta	-0.35
gamma	-0.35
======================================================

 Layer 2

node  1		 link	 weight	 bias -19.143
		1  1	-16.244
		2  1	-15.055
		3  0	5.623
		4  0	-5.91
		5  1	-4.887
		6  1	2.715
		7  1	-1.881
		8  1	-1.523
		9  1	2.721
		10  0	0.518

node  2		 link	 weight	 bias -5.28
		1  1	-4.136
		2  0	0.813
		3  0	-7.854
		4  1	-4.585
		5  1	-9.692
		6  1	-11.157
		7  1	2.437
		8  0	3.624
		9  1	5.286
		10  0	-5.344

node  3		 link	 weight	 bias -6.234
		1  0	-0.244
		2  1	-3.299
		3  0	0.377
		4  1	-7.722
		5  0	-0.165
		6  0	-2.368
		7  1	-8.609
		8  1	-7.167
		9  0	-1.203
		10  0	0.314

node  4		 link	 weight	 bias -4.305
		1  0	5.239
		2  0	0.423
		3  0	-2.345
		4  0	-3.243
		5  0	-13.201
		6  0	-0.308
		7  1	12.66
		8  0	-3.345
		9  1	-2.373
		10  1	3.239

node  5		 link	 weight	 bias -3.005
		1  1	-11.143
		2  0	-0.835
		3  0	0.711
		4  1	-0.379
		5  0	-0.92
		6  1	-13.323
		7  1	5.043
		8  1	-10.013
		9  1	-13.271
		10  0	-7.76

node  6		 link	 weight	 bias -10.47
		1  1	9.817
		2  1	-2.942
		3  1	-5.57
		4  1	-12.778
		5  1	-11.197
		6  1	-13.115
		7  1	-4.731
		8  0	0.699
		9  0	8.07
		10  1	2.392


 Layer 3

node  1		 link	 weight	 bias -29.252
		1  0	0.828
		2  0	0.25
		3  1	-19.743
		4  0	-16.814
		5  1	-8.271
		6  1	-1.589
		7  1	10.204
		8  1	-1.149
		9  0	-0.469
		10  1	-17.175
		12  0	0.645
		13  1	-12.467
		14  0	-0.263
		15  1	6.15
		16  1	6.721
		17  1	-7.796

node  2		 link	 weight	 bias -19.998
		1  0	1.457
		2  1	-6.055
		3  1	2.526
		4  0	-0.195
		5  1	0.552
		6  0	3.639
		7  0	-7.401
		8  1	2.198
		9  1	-9.953
		10  0	-0.405
		12  0	-4.981
		13  1	-0.873
		14  1	4.962
		15  1	-6.166
		16  0	-4.135
		17  0	4.849

node  3		 link	 weight	 bias -12.547
		1  0	2.775
		2  1	-4.117
		3  0	5.459
		4  1	-8.818
		5  1	9.827
		6  0	-0.724
		7  0	-6.162
		8  0	-6.269
		9  1	20.513
		10  0	-8.8
		12  0	0.366
		13  0	-0.342
		14  1	2.836
		15  0	-8.876
		16  1	12.878
		17  1	1.91

node  4		 link	 weight	 bias -17.03
		1  0	-9.818
		2  1	-5.394
		3  1	-1.429
		4  1	-13.088
		5  1	-54.858
		6  0	-6.934
		7  1	5.78
		8  0	0.403
		9  0	-0.317
		10  0	1.639
		12  0	-9.664
		13  0	0.271
		14  0	1.732
		15  0	-3.056
		16  1	-22.74
		17  1	-0.829

node  5		 link	 weight	 bias 4.465
		1  0	-10.032
		2  1	-8.702
		3  1	0.46
		4  1	0.731
		5  0	-0.139
		6  0	-9.996
		7  0	1.87
		8  0	0.177
		9  0	-0.513
		10  0	-7.162
		12  0	-14.901
		13  0	-2.61
		14  1	-9.842
		15  1	-8.424
		16  1	3.839
		17  1	-6.885

node  6		 link	 weight	 bias 2.621
		1  1	-3.647
		2  1	3.317
		3  0	-1.614
		4  1	-3.64
		5  0	1.665
		6  1	-15.118
		7  1	-3.629
		8  1	3.097
		9  1	7.149
		10  0	-12.223
		12  1	-3.469
		13  1	17.308
		14  1	-7.754
		15  0	-2.276
		16  1	-0.618
		17  1	3.848


 Layer 4

node  1		 link	 weight	 bias -3.092
		1  1	-9.599
		2  1	0.591
		3  1	-3.207
		4  1	-18.637
		5  1	-16.598
		6  1	-9.004
		7  1	-13.546
		8  1	-3.369
		9  1	6.865
		10  1	-16.701
		12  0	0.318
		13  1	-5.015
		14  0	0.0779999
		15  0	0.687
		16  1	-11.061
		17  1	-7.275
		18  1	6.354
		19  1	16.887
		20  1	7.885
		21  1	-3.993
		22  0	0.052
		23  1	-23.92

node  2		 link	 weight	 bias 1.872
		1  0	-2.586
		2  1	-12.176
		3  0	-0.428
		4  1	-6.443
		5  0	3.307
		6  0	-14.872
		7  0	-4.391
		8  0	-3.383
		9  0	-0.595
		10  0	-2.656
		12  0	0.39
		13  0	0.453
		14  0	-0.389
		15  0	-12.12
		16  1	-2.613
		17  0	-0.132
		18  1	13.42
		19  1	-4.59
		20  1	3.459
		21  0	-0.124
		22  1	-15.486
		23  1	1.586

node  3		 link	 weight	 bias -20.642
		1  1	11.325
		2  1	3.78
		3  0	-2.175
		4  0	-0.401
		5  1	-0.532
		6  1	-9.714
		7  1	-10.636
		8  0	4.374
		9  1	1.128
		10  0	0.565
		12  0	0.688
		13  1	0.171
		14  1	-17.839
		15  0	-1.351
		16  1	-0.354
		17  1	2.777
		18  0	0.349
		19  1	-32.01
		20  1	-8.698
		21  1	-13.677
		22  0	1.148
		23  0	-0.723

node  4		 link	 weight	 bias -6.372
		1  1	-7.811
		2  0	3.111
		3  0	-3.761
		4  0	-0.436
		5  0	-0.825
		6  0	-2.915
		7  1	-12.15
		8  1	-0.826
		9  1	-9.921
		10  0	-0.565
		12  1	-1.744
		13  1	1.604
		14  0	0.995
		15  1	-36.36
		16  1	1.465
		17  0	-0.744
		18  1	-1.887
		19  0	4.631
		20  1	-0.873
		21  0	9.659
		22  1	3.517
		23  0	-0.614

node  5		 link	 weight	 bias 6.255
		1  1	-2.376
		2  1	4.334
		3  0	-5.529
		4  0	1.01
		5  0	0.051
		6  0	2.426
		7  1	-2.491
		8  0	-2.335
		9  0	4.463
		10  0	-18.426
		12  1	-9.785
		13  1	-4.19
		14  1	7.048
		15  0	0.25
		16  1	-7.389
		17  1	-13.201
		18  1	-3.135
		19  1	1.958
		20  0	-2.4
		21  1	-5.591
		22  1	-9.268
		23  1	11.005

node  6		 link	 weight	 bias -7.252
		1  0	-0.086
		2  0	4.919
		3  1	-11.102
		4  1	-15.889
		5  0	0.598
		6  0	-4.865
		7  1	-13.573
		8  0	-0.257
		9  0	-0.534
		10  1	0.805
		12  1	-6.362
		13  0	-2.332
		14  0	-23.476
		15  0	2.547
		16  1	8.573
		17  0	0.986
		18  1	-10.148
		19  1	7.395
		20  0	-19.309
		21  0	0.973
		22  0	-6.354
		23  0	-4.141


 Layer 5

node  1		 link	 weight	 bias 0.007
		1  0	-0.299
		2  0	0.742
		3  0	-0.71
		4  0	0.15
		5  0	-0.26
		6  0	-0.05
		7  0	0.142
		8  0	0.059
		9  1	-0.768
		10  0	-0.285
		12  0	0.0700001
		13  0	-0.732
		14  0	-6.329
		15  0	-0.342
		16  0	0.839
		17  0	0.386
		18  0	0.335
		19  0	-0.323
		20  0	0.495
		21  0	-0.726
		22  0	0.824
		23  0	0.609
		24  0	-0.425
		25  1	-0.029
		26  0	0.041
		27  0	-0.809
		28  0	0.641
		29  0	0.423


 Layer 2

node  1		 link	 weight	 bias -7.031
		1  0	0.074
		2  1	0.18
		3  1	-0.503
		4  1	2.969
		5  1	-8.437
		6  1	-7.996
		7  1	-20.088
		8  0	-0.502
		9  0	-0.711
		10  1	-2.054

node  2		 link	 weight	 bias 3.38
		1  0	0.673
		2  0	-0.929
		3  0	-2.774
		4  1	-2.214
		5  0	0.498
		6  0	-0.229
		7  0	-0.791
		8  0	0.0319999
		9  0	-0.027
		10  0	1.898

node  3		 link	 weight	 bias -1.018
		1  0	0.213
		2  0	-4.299
		3  0	0.393
		4  0	0.771
		5  1	-9.936
		6  1	-10.636
		7  1	9.243
		8  0	-5.723
		9  0	-8.419
		10  0	0.33

node  4		 link	 weight	 bias 7.509
		1  1	3.219
		2  0	-0.523
		3  1	-9.169
		4  1	6.084
		5  1	5.069
		6  0	-7.003
		7  0	-2.414
		8  1	-3.358
		9  1	-0.264
		10  1	-34.486

node  5		 link	 weight	 bias -32.988
		1  0	4.603
		2  0	12.918
		3  0	-0.109
		4  1	-25.825
		5  1	11.463
		6  0	-7.961
		7  1	-3.257
		8  1	-4.782
		9  1	1.207
		10  1	-0.61

node  6		 link	 weight	 bias -8.296
		1  0	-10.281
		2  0	3.152
		3  1	-1.7
		4  0	-1.753
		5  1	-3.029
		6  0	-17.747
		7  0	-16.472
		8  1	-0.842
		9  0	-11.355
		10  1	-6.462


 Layer 3

node  1		 link	 weight	 bias 4.784
		1  1	-13.29
		2  0	-1.403
		3  0	15.363
		4  1	-11.891
		5  1	8.374
		6  0	-5.675
		7  1	-26.119
		8  1	-15.353
		9  0	-11.426
		10  1	-0.595
		12  1	-17.202
		13  0	-7.135
		14  0	-23.671
		15  0	-0.897
		16  0	-1.708
		17  0	-0.636

node  2		 link	 weight	 bias -7.696
		1  0	-0.507
		2  0	2.137
		3  0	-4.201
		4  1	-6.697
		5  0	-0.63
		6  1	2.477
		7  0	-1.176
		8  1	9.37
		9  0	-7.077
		10  0	0.929
		12  0	-0.845
		13  0	-10.388
		14  1	-11.003
		15  1	-2.391
		16  1	-9.458
		17  1	-3.987

node  3		 link	 weight	 bias 15.313
		1  0	9.841
		2  0	-0.827
		3  1	-2.658
		4  0	19.737
		5  0	0.957
		6  1	-15.993
		7  0	-0.674
		8  0	0.959
		9  1	1.598
		10  1	-16.996
		12  0	-6.563
		13  0	-10.272
		14  0	-5.694
		15  0	-5.746
		16  0	-4.029
		17  0	-0.034

node  4		 link	 weight	 bias -28.936
		1  0	0.258
		2  1	-15.798
		3  1	-19.773
		4  1	2.254
		5  0	-7.369
		6  0	-0.237
		7  1	0.384
		8  0	-2.622
		9  0	-0.969
		10  0	-11.919
		12  1	6.959
		13  1	3.755
		14  1	2.085
		15  1	-6.204
		16  0	0.031
		17  1	0.654

node  5		 link	 weight	 bias 5.213
		1  0	0.891
		2  0	-0.833
		3  1	14.706
		4  0	-7.313
		5  0	-0.74
		6  1	-2.713
		7  0	-7.981
		8  1	-16.096
		9  1	-11.977
		10  0	12.581
		12  0	-31.8
		13  0	10.241
		14  1	6.212
		15  0	0.997
		16  0	-2.572
		17  0	6.995

node  6		 link	 weight	 bias 10.621
		1  1	-4.017
		2  0	5.494
		3  0	0.282
		4  0	3.113
		5  1	-2.954
		6  0	2.488
		7  1	1.893
		8  0	11.732
		9  1	-14.195
		10  0	-0.086
		12  1	-5.164
		13  1	-9.058
		14  0	1.512
		15  0	0.224
		16  0	0.902
		17  1	5.147


 Layer 4

node  1		 link	 weight	 bias -16.163
		1  0	-5.186
		2  0	-0.704
		3  0	-0.684
		4  0	0.274
		5  0	-1.508
		6  1	-20.717
		7  0	-5.836
		8  0	-9.235
		9  0	12.299
		10  0	-9.826
		12  0	1.623
		13  1	-16.937
		14  1	1.591
		15  1	-2.093
		16  0	-18.678
		17  0	-13.095
		18  1	7.804
		19  0	-0.88
		20  0	0.525
		21  0	-3.62
		22  1	-4.381
		23  1	0.041

node  2		 link	 weight	 bias -11.475
		1  1	-19.875
		2  0	6.372
		3  0	-0.875
		4  1	-8.479
		5  1	-8.344
		6  0	0.843
		7  1	-0.935
		8  1	1.78
		9  1	-0.655
		10  1	19.771
		12  1	-17.665
		13  1	2.48
		14  1	22.099
		15  0	1.688
		16  1	4.202
		17  0	-0.251
		18  0	0.455
		19  1	-4.79
		20  1	-15.233
		21  1	3.499
		22  0	-16.132
		23  1	-1.316

node  3		 link	 weight	 bias -7.285
		1  0	-0.635
		2  0	-7.884
		3  1	-8.394
		4  0	-2.986
		5  0	8.441
		6  0	-5.286
		7  0	3.695
		8  1	2.374
		9  1	-17.651
		10  1	-7.834
		12  0	0.924
		13  1	9.711
		14  0	0.642
		15  1	-5.887
		16  1	-20.6
		17  1	15.293
		18  1	-8.381
		19  1	11.711
		20  0	-1.709
		21  0	0.596
		22  0	-0.336
		23  0	-0.817

node  4		 link	 weight	 bias -0.132
		1  0	-1.018
		2  1	4.376
		3  0	-10.098
		4  0	-1.599
		5  1	-13.219
		6  1	1.628
		7  1	-4.296
		8  1	-3.234
		9  1	-15.514
		10  0	1.034
		12  1	-7.521
		13  0	0.289
		14  0	-0.727
		15  0	6.289
		16  0	-4.116
		17  0	-20.324
		18  1	-3.36
		19  0	4.223
		20  1	-8.382
		21  0	-12.43
		22  0	-1.276
		23  0	-14.017

node  5		 link	 weight	 bias -18.555
		1  1	-7.827
		2  0	-0.091
		3  1	-10.116
		4  1	-19.628
		5  1	-36.724
		6  0	-20.766
		7  0	-9.464
		8  0	0.43
		9  0	-17.999
		10  1	-11.694
		12  1	-19.311
		13  0	-0.634
		14  1	6.278
		15  1	-3.489
		16  0	-2.116
		17  1	1.576
		18  1	-7.635
		19  1	-2.047
		20  0	-0.728
		21  0	0.721
		22  0	-0.867
		23  1	15.863

node  6		 link	 weight	 bias -15.125
		1  1	-12.525
		2  0	0.056
		3  0	-2.332
		4  0	-4.952
		5  1	3.327
		6  0	-0.255
		7  1	17.026
		8  0	-0.616
		9  1	0.447
		10  0	-9.857
		12  0	-13.862
		13  1	-11.006
		14  1	-28.351
		15  0	-1.673
		16  0	3.256
		17  1	-14.149
		18  1	-19.377
		19  1	-0.577
		20  0	0.068
		21  1	19.577
		22  1	2.29
		23  0	-1.887


 Layer 5

node  1		 link	 weight	 bias 1.178
		1  0	-0.952
		2  0	0.569
		3  0	-0.424
		4  1	6.109
		5  1	-3.432
		6  0	0.767
		7  0	0.259
		8  0	-0.402
		9  0	0.276
		10  1	-0.333
		12  1	-3.816
		13  1	-2.169
		14  0	-0.393
		15  1	0.69
		16  0	-0.384
		17  0	-0.461
		18  0	0.572
		19  0	0.856
		20  0	0.395
		21  1	-1.355
		22  0	-0.076
		23  0	0.783
		24  0	-0.269
		25  1	-2.539
		26  0	0.7
		27  0	0.635
		28  0	-0.695
		29  0	-0.483


 Layer 2

node  1		 link	 weight	 bias 5.756
		1  0	0.609
		2  1	-18.859
		3  1	7.289
		4  0	0.646
		5  0	0.892
		6  0	-0.26
		7  1	-7.132
		8  0	-1.624
		9  1	-0.945
		10  0	-0.187

node  2		 link	 weight	 bias -5.575
		1  1	-15.783
		2  0	2.745
		3  1	1.119
		4  0	-9.516
		5  1	-3.215
		6  0	0.9
		7  1	-1.695
		8  0	-7.103
		9  1	-17.073
		10  1	-9.344

node  3		 link	 weight	 bias 6.584
		1  1	-2.885
		2  0	2.871
		3  0	-0.243
		4  1	-18.929
		5  0	-12.549
		6  0	-0.431
		7  1	-21.602
		8  1	-1.814
		9  0	-0.381
		10  0	-0.983

node  4		 link	 weight	 bias -8.063
		1  0	-19.032
		2  1	1.391
		3  0	-0.071
		4  1	-7.205
		5  1	-4.679
		6  1	-24.134
		7  1	-3.468
		8  1	-3.838
		9  1	1.715
		10  0	-0.91

node  5		 link	 weight	 bias -7.524
		1  1	1.219
		2  0	-0.205
		3  0	-1.532
		4  1	-5.194
		5  1	-4.118
		6  1	-1.574
		7  0	1.809
		8  1	11.44
		9  1	-14.713
		10  1	4.222

node  6		 link	 weight	 bias -5.65
		1  1	-8.2
		2  0	-2.94
		3  1	3.98
		4  1	-13.065
		5  0	-18.349
		6  0	4.16
		7  1	-2.103
		8  0	0.686
		9  1	-2.798
		10  1	-16.137


 Layer 3

node  1		 link	 weight	 bias 0.32
		1  0	0.976
		2  0	-0.893
		3  0	0.61
		4  0	-0.575
		5  1	-5.66
		6  0	0.8
		7  0	0.383
		8  0	0.476
		9  0	-0.703
		10  0	-0.714
		12  1	1.115
		13  1	-0.617
		14  1	0.054
		15  1	-0.349
		16  0	-0.725
		17  0	-0.761

node  2		 link	 weight	 bias 0.022
		1  0	-10.948
		2  0	-8.597
		3  0	-1.058
		4  1	-14.245
		5  0	3.229
		6  0	2.675
		7  1	-3.252
		8  0	-3.073
		9  0	-2.379
		10  0	4.869
		12  0	-25.005
		13  1	-3.179
		14  1	-16.169
		15  1	-7.506
		16  1	-5.279
		17  1	9.068

node  3		 link	 weight	 bias 4.127
		1  0	-3.59
		2  1	-19.609
		3  1	-6.295
		4  0	1.129
		5  0	-8.62
		6  0	-0.301
		7  1	-4.527
		8  1	-6.878
		9  0	3.422
		10  0	-1.451
		12  1	-14.722
		13  0	-0.975
		14  0	-0.175
		15  1	-9.609
		16  0	10.616
		17  1	-8.467

node  4		 link	 weight	 bias -28.096
		1  0	0.602
		2  1	-0.402
		3  0	2.108
		4  0	-0.149
		5  0	-22.124
		6  1	-5.629
		7  1	-12.047
		8  0	-4.213
		9  1	2.127
		10  1	3.586
		12  1	-14.081
		13  1	-6.956
		14  1	2.106
		15  0	0.891
		16  1	-9.873
		17  0	-0.72

node  5		 link	 weight	 bias -11.756
		1  0	0.726
		2  1	4.723
		3  0	-2.134
		4  1	1.306
		5  0	24.112
		6  0	32.133
		7  0	0.563
		8  1	-3.728
		9  0	-0.782
		10  0	0.00999999
		12  0	7.278
		13  0	-14.973
		14  1	-5.764
		15  0	-4.902
		16  1	-4.031
		17  0	0.991

node  6		 link	 weight	 bias 10.317
		1  0	-9.979
		2  1	-4.931
		3  0	-0.063
		4  1	-34.546
		5  0	3.796
		6  1	17.101
		7  1	-7.403
		8  1	2.734
		9  1	-6.145
		10  0	-5.528
		12  0	3.546
		13  1	-6.432
		14  1	-1.558
		15  1	9.238
		16  1	17.94
		17  1	-1.778


 Layer 4

node  1		 link	 weight	 bias 6.698
		1  1	-25.606
		2  1	4.849
		3  0	-2.758
		4  0	3.035
		5  0	5.381
		6  0	-0.263
		7  0	0.099
		8  0	10.134
		9  0	-0.855
		10  0	10.812
		12  0	-0.053
		13  1	-1.489
		14  0	-12.862
		15  1	-0.552
		16  1	-13.524
		17  0	2.967
		18  0	-13.296
		19  0	3.92
		20  1	-6.148
		21  0	-5.658
		22  1	12.188
		23  0	-1.724

node  2		 link	 weight	 bias 5.251
		1  0	0.979
		2  1	-18.419
		3  0	-2.751
		4  1	-13.326
		5  1	1.044
		6  0	-4.484
		7  0	0.0779999
		8  0	-12.394
		9  1	-5.004
		10  0	-5.869
		12  0	28.924
		13  1	-5.678
		14  0	-1.142
		15  1	-12.945
		16  0	-0.974
		17  0	-7.763
		18  1	-20.594
		19  0	5.693
		20  1	-10.588
		21  1	-22.188
		22  0	-4.785
		23  1	11.212

node  3		 link	 weight	 bias -7.669
		1  0	-15.815
		2  0	-14.583
		3  0	-6.078
		4  0	-0.822
		5  0	-7.143
		6  0	0.817
		7  1	-17.087
		8  1	-13.633
		9  1	-3.176
		10  1	-9.374
		12  0	-15.067
		13  0	0.344
		14  1	14.176
		15  1	-3.392
		16  0	-12.168
		17  0	1.618
		18  0	3.104
		19  1	-8.703
		20  0	-8.865
		21  1	-16.641
		22  0	5.774
		23  1	-4.796

node  4		 link	 weight	 bias 6.395
		1  1	-11.486
		2  1	-3.428
		3  0	-4.931
		4  0	0.546
		5  0	-25.235
		6  0	-17.335
		7  1	-17.442
		8  1	-5.595
		9  0	-6.688
		10  1	-4.426
		12  1	-20.791
		13  0	-3.731
		14  0	3.341
		15  0	-0.64
		16  1	-17.924
		17  1	13.202
		18  1	-14.555
		19  0	-1.576
		20  0	-20.47
		21  1	2.734
		22  0	-2.359
		23  1	5.968

node  5		 link	 weight	 bias 11.866
		1  0	-9.723
		2  0	-0.904
		3  0	-7.03
		4  1	-9.434
		5  0	0.899
		6  1	-14.092
		7  1	-3.988
		8  1	2.889
		9  1	-1.795
		10  1	-21.625
		12  1	2.872
		13  0	-0.419
		14  0	-0.693
		15  1	-1.645
		16  1	-27.268
		17  0	-0.083
		18  0	5.677
		19  0	-7.335
		20  1	-7.577
		21  0	9.865
		22  0	-7.935
		23  0	-27.422

node  6		 link	 weight	 bias 3.06
		1  1	-10.019
		2  0	-0.934
		3  0	-10
		4  1	-8.199
		5  0	-8.374
		6  1	7.454
		7  1	0.663
		8  1	-3.759
		9  0	-0.666
		10  0	-0.176
		12  0	2.783
		13  0	0.696
		14  1	-14.197
		15  0	-6.763
		16  0	-0.343
		17  1	-4.051
		18  1	-0.214
		19  1	4.894
		20  0	4.34
		21  0	-19.712
		22  1	-4.003
		23  0	14.703


 Layer 5

node  1		 link	 weight	 bias 0.987
		1  1	0.081
		2  0	0.57
		3  0	-0.444
		4  0	-0.653
		5  1	-5.167
		6  0	-0.893
		7  0	-0.836
		8  0	0.594
		9  0	-0.434
		10  0	-0.941
		12  0	-0.871
		13  0	0.392
		14  0	-0.791
		15  0	-0.019
		16  0	-0.742
		17  0	0.0190001
		18  1	-3.928
		19  0	-0.637
		20  1	-0.039
		21  0	0.92
		22  0	-0.089
		23  0	0.872
		24  0	0.168
		25  0	-0.435
		26  0	-0.654
		27  0	-0.216
		28  1	0.369
		29  0	-0.479


 Layer 2

node  1		 link	 weight	 bias -16.94
		1  0	-23.292
		2  0	-4.089
		3  0	-0.551
		4  1	12.95
		5  1	-24.053
		6  1	-25.077
		7  1	4.819
		8  0	-14.638
		9  1	-9.666
		10  1	13.273

node  2		 link	 weight	 bias 2.055
		1  1	3.864
		2  1	-0.697
		3  1	-1.416
		4  1	7.465
		5  0	-0.955
		6  0	-0.491
		7  0	-0.789
		8  0	0.621
		9  1	-2.966
		10  1	4.724

node  3		 link	 weight	 bias -21.076
		1  0	0.774
		2  0	0.517
		3  1	-7.699
		4  0	-0.996
		5  1	-15.179
		6  0	-7.167
		7  1	-19.862
		8  0	-12.108
		9  0	-0.643
		10  1	5.364

node  4		 link	 weight	 bias -23.779
		1  1	-18.194
		2  0	-9.991
		3  0	-17.007
		4  0	3.304
		5  1	-3.58
		6  0	-0.394
		7  1	-2.805
		8  1	-7.805
		9  0	-0.75
		10  0	0.817

node  5		 link	 weight	 bias 11.527
		1  0	-0.403
		2  1	-13.812
		3  1	-33.196
		4  1	-5.858
		5  1	-23.39
		6  0	3.2
		7  1	0.331
		8  0	3.042
		9  1	-8.966
		10  1	-6.037

node  6		 link	 weight	 bias -12.042
		1  0	-0.651
		2  0	3.477
		3  1	-7.024
		4  1	-3.756
		5  1	0.294
		6  1	-16.232
		7  1	-36.227
		8  0	-7.68
		9  0	2.99
		10  0	-2.756


 Layer 3

node  1		 link	 weight	 bias 1.987
		1  0	-11.488
		2  0	17.005
		3  0	0.095
		4  0	-10.243
		5  0	0.519
		6  1	1.461
		7  1	0.053
		8  1	-13.957
		9  0	0.265
		10  0	-21.593
		12  0	-9.45
		13  1	-1.069
		14  1	-0.398
		15  0	-3.88
		16  0	0.709
		17  0	-5.365

node  2		 link	 weight	 bias -11.069
		1  1	-10.557
		2  1	3.52
		3  1	1.21
		4  1	-29.453
		5  0	1.744
		6  0	-8.123
		7  0	-0.394
		8  0	0.381
		9  0	0.719
		10  0	-10.698
		12  0	-0.443
		13  0	-11.91
		14  0	-2.125
		15  0	0.307
		16  1	1.081
		17  0	-2.769

node  3		 link	 weight	 bias -29.973
		1  1	4.107
		2  0	-0.806
		3  0	-0.635
		4  1	2.342
		5  1	-5.71
		6  1	-11.587
		7  0	4.007
		8  0	-0.278
		9  0	-0.342
		10  1	-19.069
		12  1	-21.911
		13  1	12.612
		14  1	-23.878
		15  0	2.628
		16  1	-3.768
		17  0	-2.319

node  4		 link	 weight	 bias -21.144
		1  0	-12.498
		2  1	-0.026
		3  1	-20.547
		4  1	-9.572
		5  0	1.707
		6  0	-0.236
		7  0	-0.636
		8  0	-2.495
		9  1	8.871
		10  1	-1.033
		12  1	13.002
		13  1	0.614
		14  1	6.869
		15  1	-15.126
		16  0	-0.178
		17  0	-13.971

node  5		 link	 weight	 bias -16.377
		1  1	-8.724
		2  0	-0.377
		3  0	12.787
		4  0	8.456
		5  0	-7.34
		6  0	-2.836
		7  1	-14.561
		8  1	-1.897
		9  0	-6.463
		10  1	-12.674
		12  1	-6.451
		13  1	-1.043
		14  1	-5.451
		15  1	-21.352
		16  1	-3.262
		17  0	-0.354

node  6		 link	 weight	 bias 2.212
		1  0	-0.156
		2  0	-10.437
		3  0	-4.03
		4  0	-11.482
		5  0	-0.661
		6  0	-28.517
		7  0	10.944
		8  0	-0.507
		9  0	-6.056
		10  0	0.159
		12  0	-5.766
		13  1	0.45
		14  0	-11.975
		15  0	5.095
		16  0	-0.147
		17  0	-5.814


 Layer 4

node  1		 link	 weight	 bias -3.466
		1  1	3.56
		2  1	-16.045
		3  1	-1.395
		4  0	7.905
		5  1	-20.307
		6  1	9.671
		7  1	-7.905
		8  1	1.653
		9  1	-16.481
		10  1	-5.46
		12  1	15.14
		13  0	-0.758
		14  1	-10.797
		15  0	-11.712
		16  0	-3.537
		17  0	-5.054
		18  1	-12.366
		19  0	-0.349
		20  1	-24.884
		21  0	-2.034
		22  1	17.706
		23  1	-13.137

node  2		 link	 weight	 bias 18.654
		1  1	-19.136
		2  1	-5.535
		3  1	-3.837
		4  0	-16.379
		5  0	5.881
		6  0	-19.042
		7  0	2.808
		8  0	-14.309
		9  0	0.941
		10  0	5.857
		12  0	0.678
		13  1	-4.337
		14  1	-13.464
		15  0	-5.537
		16  0	4.216
		17  1	-3.397
		18  1	-9.398
		19  1	-4.203
		20  0	-6.406
		21  0	-0.826
		22  1	6.073
		23  0	-10.193

node  3		 link	 weight	 bias 4.704
		1  1	-5.6
		2  1	4.782
		3  0	-0.124
		4  0	0.131
		5  1	4.471
		6  0	-1.178
		7  0	0.345
		8  0	0.516
		9  1	-0.369
		10  1	0.22
		12  1	-4.357
		13  1	-33.413
		14  0	0.24
		15  0	2.12
		16  1	-2.996
		17  1	-8.244
		18  0	5.028
		19  1	1.153
		20  1	2.468
		21  1	5.87
		22  1	13.561
		23  0	4.731

node  4		 link	 weight	 bias -1.389
		1  0	-0.457
		2  0	0.316
		3  0	-0.125
		4  1	-3.757
		5  0	-0.627
		6  0	0.475
		7  0	-0.738
		8  0	0.141
		9  0	0.527
		10  0	-0.307
		12  1	2.248
		13  1	-1.345
		14  0	-0.678
		15  0	0.985
		16  0	-0.6
		17  0	0.887
		18  0	-0.543
		19  0	-0.657
		20  0	0.286
		21  0	0.955
		22  0	0.957
		23  0	0.411

node  5		 link	 weight	 bias 15.728
		1  1	-29.814
		2  0	-0.147
		3  1	1.22
		4  0	2.825
		5  1	-4.46
		6  1	4.214
		7  1	-20.143
		8  1	-25.492
		9  0	-0.871
		10  0	-1.363
		12  0	3.104
		13  1	-7.152
		14  1	-13.341
		15  0	4.189
		16  0	0.571
		17  0	-1.557
		18  0	0.392
		19  0	0.531
		20  0	0.981
		21  0	7.015
		22  0	-11.387
		23  0	2.126

node  6		 link	 weight	 bias -13.32
		1  1	-7.188
		2  1	9.508
		3  1	2.438
		4  0	0.199
		5  0	-1.764
		6  1	0.547
		7  1	-1.811
		8  1	-0.428
		9  0	-3.599
		10  0	-2.235
		12  0	-8.459
		13  0	-0.563
		14  1	3.6
		15  1	0.88
		16  0	-5.716
		17  1	-1.374
		18  0	-4.704
		19  0	-1.387
		20  1	-5.463
		21  1	-12.173
		22  1	6.19
		23  0	7.765


 Layer 5

node  1		 link	 weight	 bias 0
		1  0	0.183
		2  0	0.873
		3  0	0.225
		4  0	-0.703
		5  0	0.457
		6  1	1.086
		7  0	0.798
		8  0	0.368
		9  0	-0.297
		10  0	0.091
		12  0	-0.981
		13  0	-0.547
		14  0	-0.487
		15  0	-0.884
		16  0	0.347
		17  0	-0.021
		18  0	-2.169
		19  0	0.238
		20  0	0.403
		21  1	-2.417
		22  0	0.853
		23  0	-0.82
		24  1	-2.463
		25  0	-0.304
		26  1	2.166
		27  1	7.862
		28  0	-0.261
		29  1	0.702
