
======================================================
Score	1.85463e+11
Z	-49.3939
alpha	-0.524496
betta	1.64075
gamma	-0.806865
Vx	-11.522
Vy	18.2291
Vz	15.866
engIng	0
cFuel	237
tfuel	16.7805
======================================================

Initial Parametrs
rOa	{ 153 ; 43 ; -50 }

V	{ 10 ; 20 ; 20 }

w	{ -0.5 ; -0.5 ; -0.5 }

alpha	-0.35
betta	-0.35
gamma	-0.35
======================================================

 Layer 2

node  1		 link	 weight	 bias 8.39
		1  1	0.381
		2  0	-47.074
		3  1	-5.746
		4  0	0.481
		5  1	0.483
		6  0	-3.016
		7  1	-15.267
		8  1	-11.981
		9  1	-10.298
		10  1	12.009

node  2		 link	 weight	 bias 9.604
		1  1	-6.826
		2  0	-0.501
		3  1	-21.574
		4  0	8.769
		5  1	-32.426
		6  0	14.632
		7  1	-42.072
		8  1	4.848
		9  1	2.369
		10  0	0.136

node  3		 link	 weight	 bias -17.767
		1  1	-0.528
		2  1	0.784
		3  0	-0.308
		4  0	0.268
		5  0	0.171
		6  1	10.828
		7  1	-6.44
		8  0	-0.434
		9  0	-0.89
		10  0	-0.429

node  4		 link	 weight	 bias 0.694
		1  1	-12.998
		2  1	-1.861
		3  1	-2.236
		4  0	0.329
		5  1	-6.866
		6  0	0.161
		7  0	-0.415
		8  0	0.067
		9  0	0.186
		10  0	0.742

node  5		 link	 weight	 bias -21.087
		1  1	20.655
		2  0	0.516
		3  1	-28.434
		4  0	-0.048
		5  1	-7.362
		6  1	-37.233
		7  0	16.254
		8  0	-0.805
		9  1	28.894
		10  1	-31.7

node  6		 link	 weight	 bias -33.717
		1  1	-6.672
		2  1	-2.127
		3  0	13.761
		4  1	-9.738
		5  1	3.64
		6  0	0.249
		7  1	43.091
		8  0	-0.062
		9  1	-9.363
		10  1	3.041


 Layer 3

node  1		 link	 weight	 bias -3.632
		1  0	-0.481
		2  0	0.057
		3  0	-13.804
		4  1	-33.144
		5  1	7.501
		6  0	-19.446
		7  0	-0.509
		8  0	4.888
		9  0	-13.473
		10  1	10.031
		12  0	-4.572
		13  0	-12.411
		14  0	-21.674
		15  0	-0.428
		16  0	4.505
		17  0	0.506

node  2		 link	 weight	 bias 24.827
		1  0	-0.264
		2  0	-5.422
		3  0	-1
		4  0	-0.274
		5  1	-7.125
		6  1	14.337
		7  0	17.863
		8  1	-14.368
		9  1	6.503
		10  1	9.256
		12  0	0.441
		13  1	-36.85
		14  0	0.622
		15  0	-2.471
		16  0	-5.654
		17  0	0.515

node  3		 link	 weight	 bias -6.185
		1  1	2.826
		2  1	-12.81
		3  0	-0.288
		4  0	-0.174
		5  0	-32.678
		6  1	-19.325
		7  0	0.126
		8  1	-31.272
		9  0	-30.397
		10  1	11.804
		12  0	0.792
		13  1	-47.539
		14  0	-0.578
		15  1	-5.695
		16  1	13.461
		17  1	-30.509

node  4		 link	 weight	 bias -11.761
		1  0	4.754
		2  0	1.053
		3  0	-7.377
		4  0	-4.243
		5  1	-13.095
		6  1	-69.07
		7  1	-5.917
		8  0	-9.756
		9  1	2.882
		10  0	3.956
		12  0	-9.702
		13  1	-17.789
		14  1	-41.448
		15  0	5.489
		16  0	-5.979
		17  1	5.601

node  5		 link	 weight	 bias -9.913
		1  0	-0.336
		2  0	0.122
		3  0	0.369
		4  1	-6.808
		5  1	-0.55
		6  0	0.727
		7  1	-16.513
		8  0	0.596
		9  0	-0.995
		10  1	23.657
		12  1	-19.916
		13  0	-0.107
		14  1	-46.094
		15  1	10.971
		16  0	-11.223
		17  1	12.754

node  6		 link	 weight	 bias -5.086
		1  0	-0.867
		2  1	0.62
		3  1	-0.566
		4  0	0.098
		5  1	3.1
		6  0	3.093
		7  1	0.834
		8  0	0.00800002
		9  0	4.028
		10  0	0.442
		12  0	-0.512
		13  1	-6.96
		14  1	3.826
		15  1	-2.782
		16  0	0.233
		17  1	-9.165


 Layer 4

node  1		 link	 weight	 bias -6.181
		1  1	-0.559
		2  0	-0.132
		3  0	-0.142
		4  1	-3.427
		5  0	0.854
		6  1	-4.917
		7  1	-6.832
		8  0	-0.586
		9  0	0.115
		10  0	-0.56
		12  0	-0.314
		13  1	4.598
		14  1	-0.06
		15  0	-0.106
		16  0	0.488
		17  0	-0.475
		18  0	-0.893
		19  0	-0.789
		20  1	-0.246
		21  0	0.584
		22  0	0.883
		23  1	-4.547


 Layer 2

node  1		 link	 weight	 bias 5.474
		1  0	-0.664
		2  0	-0.027
		3  0	-0.672
		4  0	-2.264
		5  0	0.768
		6  1	-8.088
		7  0	-0.42
		8  1	-1.664
		9  1	-5.708
		10  1	4.84

node  2		 link	 weight	 bias 1.413
		1  0	0.169
		2  0	0.372
		3  0	-0.976
		4  0	-0.814
		5  1	-1.466
		6  1	1.937
		7  0	-0.401
		8  1	-0.1
		9  0	-0.452
		10  0	-0.183

node  3		 link	 weight	 bias -2.374
		1  1	-39.17
		2  1	-23.773
		3  0	-6.088
		4  0	17.629
		5  1	-26.59
		6  1	-4.857
		7  1	-18.384
		8  0	0.834
		9  0	-8.816
		10  1	-8.695

node  4		 link	 weight	 bias -14.6
		1  0	3.909
		2  0	-0.104
		3  0	-0.941
		4  0	-29.316
		5  1	4.589
		6  0	-0.02
		7  0	0.852
		8  0	-3.971
		9  0	-2.698
		10  1	-17.145

node  5		 link	 weight	 bias -15.05
		1  1	-7.485
		2  1	-3.948
		3  0	0.369
		4  0	-0.991
		5  1	-1.719
		6  0	3.054
		7  0	-10.874
		8  1	21.053
		9  1	-17.775
		10  1	15.973

node  6		 link	 weight	 bias -13.661
		1  1	0.118
		2  0	0.963
		3  1	3.29
		4  0	-0.746
		5  1	-2.961
		6  1	-25.64
		7  1	2.178
		8  1	-24.317
		9  0	-14.718
		10  0	13.481


 Layer 3

node  1		 link	 weight	 bias 12.158
		1  1	-24.219
		2  0	-1.081
		3  1	-4.163
		4  0	0.559
		5  1	-21.759
		6  0	3.604
		7  0	-0.925
		8  0	-1.151
		9  1	4.24
		10  1	-19.799
		12  0	-2.509
		13  0	-23.675
		14  0	-9.644
		15  1	-3.484
		16  0	-31.46
		17  1	1.434

node  2		 link	 weight	 bias -32.31
		1  0	-12.228
		2  1	-3.006
		3  1	3.955
		4  1	-10.154
		5  1	-38.089
		6  0	-13.781
		7  0	-6.312
		8  0	0.205
		9  0	0.208
		10  0	-0.46
		12  0	0.075
		13  0	4.249
		14  0	-0.552
		15  0	4.835
		16  0	7.928
		17  0	-2.497

node  3		 link	 weight	 bias 9.786
		1  1	-10.779
		2  1	-4.963
		3  1	5.148
		4  1	-1.633
		5  1	-17.945
		6  0	-0.011
		7  0	0.823
		8  1	-7.509
		9  1	6.313
		10  0	-0.466
		12  1	3.936
		13  1	11.06
		14  1	7.127
		15  1	-1.054
		16  0	-8.967
		17  0	-4.011

node  4		 link	 weight	 bias -48.4
		1  1	14.936
		2  1	-25.005
		3  1	7.319
		4  1	-7.084
		5  0	0.233
		6  1	-6.97
		7  1	-16.736
		8  0	0.114
		9  0	-0.681
		10  1	6.237
		12  0	0.35
		13  1	-31.309
		14  1	-1.276
		15  0	10.697
		16  1	-18.459
		17  1	2.996

node  5		 link	 weight	 bias -5.093
		1  1	5.109
		2  0	-10.962
		3  1	-8.876
		4  0	-2.781
		5  1	6.068
		6  0	0.219
		7  1	-4.127
		8  1	-28.249
		9  1	-12.518
		10  0	0.248
		12  1	-1.43
		13  1	-8.313
		14  1	-39.721
		15  0	0.46
		16  1	6.651
		17  0	0.205

node  6		 link	 weight	 bias 12.939
		1  1	-1.355
		2  1	-6.98
		3  1	-32.332
		4  0	0.27
		5  0	-2.477
		6  0	5.828
		7  0	5.058
		8  1	-21.757
		9  1	-7.095
		10  1	-8.882
		12  0	-0.305
		13  0	-0.164
		14  0	-0.359
		15  1	29.461
		16  0	-0.772
		17  0	-0.385


 Layer 4

node  1		 link	 weight	 bias 0
		1  1	0.056
		2  0	-0.375
		3  0	-0.356
		4  1	-3.145
		5  0	0.958
		6  0	0.0930001
		7  1	4.187
		8  0	-0.984
		9  0	0.394
		10  0	-0.271
		12  1	-0.701
		13  1	2.924
		14  0	0.198
		15  0	-0.602
		16  0	0.526
		17  0	0.786
		18  1	0.142
		19  0	0.813
		20  1	0.136
		21  1	-1.071
		22  0	-0.41
		23  0	-0.575


 Layer 2

node  1		 link	 weight	 bias -6.214
		1  1	9.664
		2  0	-0.17
		3  1	-6.066
		4  0	0.497
		5  1	-16.277
		6  0	-0.157
		7  0	-0.389
		8  1	-0.606
		9  0	-1.126
		10  1	-17.328

node  2		 link	 weight	 bias -2.848
		1  1	2.021
		2  0	-11.943
		3  0	-6.377
		4  0	0.637
		5  1	-13.185
		6  0	-15.691
		7  1	-12.79
		8  0	-0.22
		9  1	-1.434
		10  1	4.242

node  3		 link	 weight	 bias -4.953
		1  1	-20.364
		2  0	-2.176
		3  1	-28.302
		4  0	0.926
		5  0	-0.758
		6  0	-0.69
		7  0	-8.598
		8  0	-0.186
		9  0	-22.787
		10  0	0.204

node  4		 link	 weight	 bias -9.227
		1  1	-39.691
		2  1	-0.933
		3  0	-5.014
		4  0	-6.318
		5  0	-0.376
		6  1	3.032
		7  0	-0.991
		8  0	-2.328
		9  0	-5.521
		10  0	-0.164

node  5		 link	 weight	 bias -13.522
		1  0	-0.351
		2  1	-9.993
		3  1	-23.686
		4  0	0.071
		5  1	0.906
		6  0	0.63
		7  1	-1.31
		8  0	-0.662
		9  0	0.801
		10  0	0.153

node  6		 link	 weight	 bias -11.179
		1  1	-50.796
		2  1	-15.132
		3  1	11.137
		4  0	-4.083
		5  1	-12.324
		6  1	7.606
		7  1	-10.538
		8  0	0.02
		9  0	0.95
		10  1	2.2


 Layer 3

node  1		 link	 weight	 bias -2.019
		1  1	-41.085
		2  1	-16.45
		3  0	-0.572
		4  0	0.336
		5  0	0.143
		6  0	9.982
		7  1	-4.19
		8  1	-14.884
		9  0	-0.909
		10  0	-21.811
		12  1	-5.108
		13  1	9.661
		14  0	-7.128
		15  0	0.25
		16  1	7.595
		17  0	0.21

node  2		 link	 weight	 bias -9.342
		1  0	-0.813
		2  0	-0.39
		3  0	-1.214
		4  1	-30.532
		5  1	-0.529
		6  1	3.644
		7  1	3.98
		8  1	-48.017
		9  1	-2.332
		10  0	-0.386
		12  0	-11.543
		13  1	-0.444
		14  1	-18.337
		15  1	6.764
		16  0	-0.334
		17  0	-3.755

node  3		 link	 weight	 bias -7.327
		1  0	0.624
		2  1	1.23
		3  1	-14.977
		4  0	-0.639
		5  0	-12.778
		6  1	-8.194
		7  0	0.922
		8  0	-0.754
		9  0	-2.587
		10  0	0.348
		12  1	2.274
		13  0	-0.234
		14  0	-3.868
		15  1	-0.573
		16  0	11.422
		17  1	-26.304

node  4		 link	 weight	 bias -67.313
		1  1	0.525
		2  0	-0.706
		3  1	-9.925
		4  0	-12.293
		5  1	-3.8
		6  0	-0.175
		7  0	0.541
		8  1	-16.669
		9  0	-10.935
		10  1	5.597
		12  1	-18.352
		13  0	-0.381
		14  1	4.539
		15  0	0.34
		16  1	0.782
		17  1	-2.36

node  5		 link	 weight	 bias -25.931
		1  1	-1.178
		2  1	-6.291
		3  0	-0.332
		4  0	-4.807
		5  1	-2.135
		6  0	-31.841
		7  0	-0.07
		8  1	-4.648
		9  1	-7.725
		10  1	-5.233
		12  0	-22.621
		13  0	-0.649
		14  1	-12.04
		15  0	-20.053
		16  1	-25.897
		17  0	-4.852

node  6		 link	 weight	 bias -31.132
		1  0	0.487
		2  1	-6.302
		3  1	-7.185
		4  1	-9.778
		5  1	-21.998
		6  0	-5.106
		7  0	0.912
		8  1	12.051
		9  1	-12.193
		10  1	-6.487
		12  0	-0.576
		13  1	8.484
		14  0	0.752
		15  0	-0.746
		16  1	6.037
		17  1	-13.447


 Layer 4

node  1		 link	 weight	 bias -2.411
		1  0	0.666
		2  0	0.919
		3  0	0.031
		4  0	-0.068
		5  0	0.967
		6  0	0.991
		7  1	-0.212
		8  1	3.491
		9  0	0.261
		10  0	-0.898
		12  0	0.991
		13  0	-0.842
		14  0	-0.662
		15  0	0.549
		16  0	-0.721
		17  0	-0.033
		18  0	-0.248
		19  1	-0.05
		20  0	0.856
		21  0	0.183
		22  0	-0.558
		23  0	-0.279


 Layer 2

node  1		 link	 weight	 bias 0.688
		1  0	-0.516
		2  0	0.537
		3  0	-0.918
		4  1	0.709
		5  0	0.24
		6  0	0.431
		7  1	2.246
		8  0	0.386
		9  0	-0.504
		10  0	-0.744

node  2		 link	 weight	 bias -2.985
		1  0	0.451
		2  0	-26.183
		3  1	4.913
		4  1	3.965
		5  0	1.253
		6  0	0.763
		7  0	0.833
		8  1	-15.198
		9  1	-10.016
		10  1	0.938

node  3		 link	 weight	 bias 8.35
		1  1	5.452
		2  0	-25.462
		3  1	13.459
		4  1	2.562
		5  1	-9.398
		6  1	-41.084
		7  1	-21.068
		8  1	-5.228
		9  0	-0.503
		10  0	-8.591

node  4		 link	 weight	 bias -29.055
		1  0	0.131
		2  0	0.923
		3  1	-10.133
		4  1	-0.595
		5  0	1.714
		6  0	0.27
		7  1	-26.514
		8  0	0.814
		9  1	-17.513
		10  0	0.52

node  5		 link	 weight	 bias -24.504
		1  0	0.376
		2  0	-0.077
		3  0	0.712
		4  0	-14.002
		5  1	-5.761
		6  0	-20.929
		7  1	11.233
		8  1	-10.903
		9  0	0.743
		10  0	-8.778

node  6		 link	 weight	 bias 7.387
		1  0	-0.631
		2  1	-7.546
		3  0	0.723
		4  1	-0.019
		5  0	0.26
		6  0	-0.877
		7  1	-3.856
		8  1	-3.854
		9  1	14.274
		10  1	8.915


 Layer 3

node  1		 link	 weight	 bias 12.249
		1  1	-12.565
		2  0	0.867
		3  1	-16.547
		4  1	-0.333
		5  0	0.77
		6  1	1.298
		7  0	0.049
		8  0	-0.38
		9  0	-0.204
		10  0	-0.311
		12  0	-6.946
		13  0	-9.212
		14  1	13.279
		15  0	0.498
		16  1	-7.945
		17  0	-4.622

node  2		 link	 weight	 bias -6.629
		1  1	2.919
		2  1	5.661
		3  0	2.289
		4  1	-5.017
		5  0	12.092
		6  1	-1.292
		7  1	1.363
		8  0	0.427
		9  0	-0.239
		10  0	0.481
		12  0	0.874
		13  0	-0.237
		14  1	-14.174
		15  0	0.423
		16  1	-7.924
		17  0	0.157

node  3		 link	 weight	 bias -16.666
		1  0	-17.816
		2  1	-9.148
		3  0	-0.825
		4  0	-36.829
		5  0	0.053
		6  1	-12.818
		7  1	2.405
		8  1	0.577
		9  1	6.711
		10  1	-8.856
		12  1	-10.217
		13  0	-0.789
		14  0	-2.409
		15  0	-10.874
		16  1	4.997
		17  1	-1.866

node  4		 link	 weight	 bias -6.87
		1  1	-39.177
		2  1	-54.001
		3  1	1.387
		4  1	-37.078
		5  1	2.935
		6  1	-3.075
		7  0	-15.577
		8  0	-0.311
		9  1	1.271
		10  0	-0.84
		12  0	0.413
		13  1	-11.756
		14  0	0.632
		15  1	-7.808
		16  0	0.069
		17  0	0.739

node  5		 link	 weight	 bias 18.957
		1  0	0.061
		2  0	-0.635
		3  1	-18.177
		4  0	11.296
		5  0	-0.496
		6  0	-1.459
		7  1	-5.038
		8  0	3.572
		9  1	-9.439
		10  1	-39.92
		12  1	12.213
		13  0	-0.707
		14  0	0.597
		15  0	-0.877
		16  0	0.843
		17  1	-46.267

node  6		 link	 weight	 bias -42.408
		1  1	-10.286
		2  0	0.386
		3  0	-20.153
		4  1	6.245
		5  1	-13.938
		6  1	26.043
		7  0	-0.472
		8  1	-8.389
		9  0	0.596
		10  0	-0.3
		12  0	-0.511
		13  1	3.023
		14  0	-1.853
		15  1	-16.316
		16  1	-5.519
		17  0	52.902


 Layer 4

node  1		 link	 weight	 bias -0.126
		1  0	0.949
		2  0	-0.499
		3  0	0.785
		4  0	-0.53
		5  0	-0.041
		6  0	0.766
		7  1	-0.867
		8  0	0.634
		9  1	2.293
		10  0	0.971
		12  1	-0.212
		13  0	0.028
		14  0	-0.333
		15  0	-0.587
		16  0	0.826
		17  0	0.167
		18  0	-24.801
		19  0	-0.418
		20  0	-0.582
		21  0	-0.935
		22  0	0.869
		23  0	-0.249
