
======================================================
Score	7.84104e+11
Z	-54.83
alpha	-0.636144
betta	-0.324848
gamma	-1.41387
Vx	1.99505
Vy	20
Vz	20
engIng	1
cFuel	86
tfuel	0
======================================================

Initial Parametrs
rOa	{ 176 ; 64 ; -50 }

V	{ 10 ; 20 ; 20 }

w	{ -0.5 ; -0.5 ; -0.5 }

alpha	-0.35
betta	-0.35
gamma	-0.35
======================================================

 Layer 2

node  1		 link	 weight	 bias -9.998
		1  1	4.592
		2  1	-2.449
		3  0	0.45
		4  1	4.358
		5  1	-2.314
		6  0	-0.443
		7  1	3.994
		8  0	-0.728
		9  0	0.121
		10  1	-0.0810002

node  2		 link	 weight	 bias 2.238
		1  0	0.132
		2  0	2.495
		3  1	0.454
		4  0	-0.811
		5  0	0.493
		6  0	-2.845
		7  0	0.451
		8  0	-0.448
		9  0	-0.211
		10  0	0.51

node  3		 link	 weight	 bias -7.344
		1  1	1.576
		2  0	0.359
		3  1	0.358
		4  0	-0.144
		5  0	0.859
		6  0	-0.183
		7  0	-3.1
		8  0	-0.935
		9  1	-3.988
		10  0	-0.194

node  4		 link	 weight	 bias 0.214
		1  0	0.996
		2  1	-0.475
		3  1	1.239
		4  0	-0.116
		5  0	-0.819
		6  1	7.527
		7  0	-0.861
		8  0	0.348
		9  1	-4.654
		10  1	0.625

node  5		 link	 weight	 bias 4.312
		1  0	-0.485
		2  1	2.351
		3  1	1.341
		4  1	0.0389999
		5  1	-2.811
		6  0	0.514
		7  1	1.73
		8  1	2.903
		9  0	-0.406
		10  0	-3.486


 Layer 3

node  1		 link	 weight	 bias -3.663
		1  0	0.041
		2  0	-0.274
		3  0	-0.732
		4  1	-0.518
		5  0	-0.131
		6  0	0.398
		7  1	-4.422
		8  0	0.227
		9  1	-1.198
		10  0	-0.962
		12  1	-1.085
		13  1	5.026
		14  0	-0.717
		15  0	0.216
		16  0	-0.523

node  2		 link	 weight	 bias -5.323
		1  0	-0.633
		2  1	0.0559999
		3  0	3.154
		4  0	-0.36
		5  0	-0.417
		6  1	-0.45
		7  1	-2.871
		8  0	0.994
		9  0	-0.77
		10  0	-3.752
		12  1	0.42
		13  0	-0.371
		14  0	0.312
		15  1	0.139
		16  0	0.835

node  3		 link	 weight	 bias -7.001
		1  1	-5.436
		2  0	0.156
		3  1	-0.802
		4  0	-0.747
		5  0	-11.861
		6  0	-0.036
		7  0	0.466
		8  1	2.955
		9  1	2.39
		10  1	1.157
		12  0	6.91
		13  1	5.555
		14  0	0.342
		15  0	0.455
		16  1	0.645

node  4		 link	 weight	 bias -2.653
		1  0	-0.6
		2  1	-2.124
		3  1	2.102
		4  1	1.745
		5  1	5.4
		6  1	10.733
		7  1	-7.277
		8  1	-1.602
		9  0	-3.489
		10  1	-2.793
		12  0	-0.466
		13  0	0.0639999
		14  1	0.126
		15  1	2.647
		16  0	-0.463

node  5		 link	 weight	 bias -0.781
		1  0	-0.863
		2  0	0.638
		3  0	-4.867
		4  1	-8.411
		5  1	-2.736
		6  0	0.473
		7  0	0.193
		8  0	0.991
		9  1	-0.979
		10  1	-1.395
		12  0	0.431
		13  1	-3.76
		14  0	0.369
		15  1	-0.187
		16  1	13.359


 Layer 4

node  1		 link	 weight	 bias 0.418
		1  1	-0.748
		2  1	-6.239
		3  0	-0.784
		4  1	-0.301
		5  1	1.368
		6  1	-0.784
		7  1	1.77
		8  0	0.064
		9  0	-0.139
		10  0	0.3
		12  0	-0.993
		13  0	-4.569
		14  0	-1.861
		15  0	0.273
		16  0	-0.195
		17  0	0.709
		18  1	-2.573
		19  0	-0.088
		20  1	-2.355
		21  1	-12.052

node  2		 link	 weight	 bias -8.768
		1  1	-3.917
		2  0	-0.369
		3  0	-0.883
		4  0	-0.62
		5  0	-0.315
		6  1	-1.93
		7  0	0.152
		8  1	1.817
		9  0	-0.97
		10  0	-0.484
		12  1	4.987
		13  0	-0.724
		14  0	-0.803
		15  1	-4.575
		16  1	8.329
		17  0	-0.611
		18  0	1.221
		19  1	0.339
		20  0	0.652
		21  0	-0.671

node  3		 link	 weight	 bias -1.845
		1  0	-0.281
		2  0	0.63
		3  0	-0.366
		4  1	5.557
		5  1	-1.06
		6  0	-0.435
		7  0	0.356
		8  1	2.43
		9  1	1.981
		10  1	0.21
		12  1	5.993
		13  0	-0.43
		14  0	0.866
		15  0	-0.744
		16  1	-10.847
		17  0	-5.342
		18  1	-0.837
		19  0	-1.007
		20  1	8.91
		21  1	-2.335

node  4		 link	 weight	 bias -5.014
		1  0	-0.00700003
		2  1	1.565
		3  0	-0.548
		4  0	0.44
		5  0	3.074
		6  0	0.836
		7  0	0.103
		8  0	3.244
		9  0	0.551
		10  1	3.426
		12  0	0.401
		13  1	-10.894
		14  0	0.354
		15  1	-1.501
		16  1	-3.629
		17  1	6.414
		18  1	-0.602
		19  0	0.441
		20  1	6.052
		21  1	6.319

node  5		 link	 weight	 bias -3.543
		1  0	-0.47
		2  0	0.479
		3  1	-0.365
		4  0	-0.242
		5  0	-0.862
		6  1	1.683
		7  0	-0.653
		8  1	-0.218
		9  1	-3.184
		10  0	-0.923
		12  1	-0.422
		13  1	2.425
		14  0	-0.236
		15  0	-0.365
		16  1	-3.593
		17  1	0.927
		18  0	-0.314
		19  1	-2.583
		20  0	0.903
		21  0	-0.08


 Layer 5

node  1		 link	 weight	 bias -1.591
		1  0	0.923
		2  0	0.638
		3  0	-0.268
		4  0	0.647
		5  1	3.812
		6  0	0.694
		7  0	-0.976
		8  1	-1.56
		9  1	-3.889
		10  0	0.869
		12  0	-0.825
		13  0	-2.07
		14  0	-0.532
		15  0	0.556
		16  1	-0.158
		17  1	-0.866
		18  1	-0.176
		19  1	-9.926
		20  0	-0.376
		21  1	2.418
		22  0	0.793
		23  1	-0.179
		24  0	-1.206
		25  0	-1.19
		26  0	-0.904

node  2		 link	 weight	 bias 12.648
		1  0	-0.588
		2  1	-3.624
		3  0	-0.39
		4  1	3.09
		5  1	-2.037
		6  1	-3.636
		7  0	-0.48
		8  1	-3.618
		9  0	-0.257
		10  0	1.472
		12  0	-0.186
		13  0	-0.598
		14  1	-2.282
		15  0	-0.886
		16  1	-0.646
		17  0	4.618
		18  1	-0.0449997
		19  1	0.816
		20  1	-0.026
		21  1	2.064
		22  0	-0.931
		23  1	-2.344
		24  0	-0.455
		25  1	-0.124
		26  0	-0.286

node  3		 link	 weight	 bias 3.588
		1  1	-1.405
		2  0	-0.872
		3  1	-1.21
		4  0	-0.183
		5  1	-1.665
		6  0	-0.801
		7  0	0.756
		8  0	-0.963
		9  1	-4.195
		10  1	-4.318
		12  1	0.636
		13  1	0.37
		14  0	-11.411
		15  1	-8.32
		16  1	-8.863
		17  0	0.104
		18  0	0.826
		19  1	-0.306
		20  0	0.579
		21  1	1.718
		22  1	-5.275
		23  1	-2.298
		24  1	2.333
		25  0	0.328
		26  1	1.164

node  4		 link	 weight	 bias 4.123
		1  0	-0.87
		2  1	-3.616
		3  0	-0.786
		4  1	-9.62
		5  0	2.074
		6  0	2.377
		7  1	1.031
		8  0	0.057
		9  1	0.686
		10  1	-2.007
		12  1	0.776
		13  1	-3.341
		14  1	-1.47
		15  0	-0.729
		16  0	-0.011
		17  1	-5.093
		18  1	-1.08
		19  0	0.701
		20  0	-0.088
		21  0	0.396
		22  0	0.099
		23  1	-0.253
		24  1	2.84
		25  1	8.342
		26  0	0.525

node  5		 link	 weight	 bias -5.112
		1  0	-0.005
		2  1	-3.784
		3  1	-3.403
		4  0	0.624
		5  0	-0.478
		6  0	-0.63
		7  1	6.563
		8  0	-3.675
		9  0	0.69
		10  1	3.386
		12  0	0.501
		13  0	-0.981
		14  1	-5.176
		15  0	-0.445
		16  0	0.279
		17  1	0.0609999
		18  0	0.314
		19  1	-3.579
		20  1	-7.353
		21  1	-4.983
		22  0	0.469
		23  0	0.337
		24  0	0.888
		25  1	-0.918
		26  1	0.0860001


 Layer 6

node  1		 link	 weight	 bias -7.374
		1  1	3.055
		2  0	-0.992
		3  0	0.898
		4  1	1.959
		5  0	-3.962
		6  1	-13.223
		7  1	2.1
		8  0	4.62
		9  0	0.656
		10  0	0.753
		12  0	-0.639
		13  0	-0.889
		14  1	-3.139
		15  1	-3.309
		16  0	-0.748
		17  0	-0.193
		18  1	0.88
		19  1	-0.465
		20  1	0.709
		21  0	-0.219
		22  0	-0.988
		23  0	-0.638
		24  0	-0.061
		25  0	-0.779
		26  0	-0.333
		27  1	-2.62
		28  1	-0.482
		29  1	2.332
		30  1	-0.225
		31  1	2.971

node  2		 link	 weight	 bias -8.639
		1  0	0.609
		2  1	0.557
		3  1	11.436
		4  1	-6.026
		5  0	2.508
		6  0	-0.985
		7  0	0.025
		8  0	-4.564
		9  0	0.503
		10  0	-0.612
		12  1	-7.693
		13  0	-0.561
		14  0	3.294
		15  1	5.364
		16  0	0.372
		17  0	0.317
		18  0	-0.982
		19  0	-0.996
		20  0	0.712
		21  1	1.303
		22  1	-11.077
		23  0	0.231
		24  0	0.079
		25  1	7.284
		26  1	0.0319999
		27  0	-0.862
		28  1	1.43
		29  0	0.747
		30  1	-5.815
		31  0	-0.019

node  3		 link	 weight	 bias -5.569
		1  0	2.379
		2  0	-0.416
		3  1	-8.81
		4  0	-0.396
		5  0	0.27
		6  0	0.609
		7  0	-0.746
		8  0	-0.377
		9  1	3.942
		10  0	0.263
		12  0	-0.621
		13  0	0.252
		14  0	0.802
		15  1	-3.082
		16  1	-3.033
		17  0	-5.869
		18  0	3.752
		19  0	-0.444
		20  0	-0.226
		21  0	-0.94
		22  1	0.0470003
		23  1	2.341
		24  0	-0.335
		25  0	-0.127
		26  1	0.210001
		27  0	0.809
		28  0	0.549
		29  1	-0.382
		30  1	1.744
		31  1	2.553

node  4		 link	 weight	 bias 0.592
		1  0	0.205
		2  0	-1.082
		3  0	-0.524
		4  0	0.63
		5  0	0.247
		6  0	-0.473
		7  0	-0.962
		8  1	1.812
		9  1	0.00400031
		10  0	-0.331
		12  1	6.826
		13  1	-0.452
		14  1	2.432
		15  1	-2.667
		16  0	-0.069
		17  1	1.734
		18  0	-0.777
		19  1	-7.242
		20  1	2.332
		21  1	-5.518
		22  0	0.681
		23  0	0.965
		24  0	0.023
		25  0	0.721
		26  0	-4.051
		27  1	-6.122
		28  0	-0.204
		29  0	1.749
		30  0	0.357
		31  0	0.25

node  5		 link	 weight	 bias 6.278
		1  0	-4.732
		2  1	16.834
		3  0	0.683
		4  0	7.959
		5  1	0.944
		6  0	2.236
		7  1	0.045
		8  0	-0.256
		9  0	-0.445
		10  0	0.098
		12  0	2.517
		13  1	-2.445
		14  0	-1.691
		15  0	-0.588
		16  1	3.232
		17  1	-5.174
		18  1	2.497
		19  0	-0.865
		20  1	0.959
		21  1	-6.302
		22  1	-0.426
		23  0	-0.433
		24  0	-0.322
		25  0	-0.257
		26  0	1.414
		27  0	0.921
		28  1	1.258
		29  0	0.149
		30  0	0.167
		31  0	0.82


 Layer 7

node  1		 link	 weight	 bias 4.367
		1  0	0.238
		2  0	0.464
		3  0	-0.153
		4  1	0.462
		5  1	-3.275
		6  1	6.361
		7  0	-0.012
		8  0	-0.037
		9  1	2.503
		10  0	0.276
		12  1	0.913
		13  0	-0.19
		14  1	0.00899994
		15  0	-0.812
		16  0	-0.159
		17  0	0.504
		18  0	0.473
		19  0	0.693
		20  0	-0.556
		21  0	0.447
		22  0	-0.871
		23  0	-0.134
		24  0	-0.051
		25  1	0.498
		26  0	-0.475
		27  0	0.094
		28  1	0.36
		29  0	-0.634
		30  0	0.903
		31  0	0.324
		32  0	0.495
		33  0	0.264
		34  0	-0.879
		35  0	-0.279
		36  1	0.679


 Layer 2

node  1		 link	 weight	 bias -7.305
		1  1	-5.559
		2  1	-4.716
		3  0	-0.712
		4  1	-1.207
		5  0	0.807
		6  1	-1.731
		7  1	-8.453
		8  0	0.549
		9  0	0.752
		10  0	0.295

node  2		 link	 weight	 bias -5.985
		1  0	0.931
		2  0	-0.184
		3  0	-2.121
		4  0	-0.057
		5  0	-5.496
		6  1	-1.289
		7  1	5.445
		8  0	-3.228
		9  0	0.15
		10  1	-8.71

node  3		 link	 weight	 bias -6.808
		1  1	-0.947
		2  0	0.829
		3  1	0.216
		4  0	-0.796
		5  1	-1.545
		6  0	0.304
		7  0	-0.761
		8  0	0.803
		9  1	-1.575
		10  0	-0.172

node  4		 link	 weight	 bias -8.38
		1  0	-0.874
		2  0	-0.409
		3  1	-1.028
		4  0	1.37
		5  1	4.104
		6  1	-11.478
		7  1	2.781
		8  0	-0.544
		9  0	-0.442
		10  0	-0.771

node  5		 link	 weight	 bias -25.947
		1  1	3.064
		2  1	-11.115
		3  0	-0.404
		4  1	-6.324
		5  0	0.034
		6  1	-9.825
		7  1	4.825
		8  1	-1.809
		9  0	-0.169
		10  1	-6.276


 Layer 3

node  1		 link	 weight	 bias -1.712
		1  1	-10.958
		2  1	-0.81
		3  1	-2.787
		4  0	-0.105
		5  1	0.52
		6  0	-0.02
		7  1	4.104
		8  1	-0.573
		9  0	0.222
		10  1	3.753
		12  0	-0.219
		13  0	3.45
		14  0	-0.106
		15  0	-0.516
		16  1	-8.109

node  2		 link	 weight	 bias 2.228
		1  0	4.509
		2  0	-2.478
		3  0	0.162
		4  0	-0.483
		5  1	0.0469999
		6  1	0.479
		7  0	0.884
		8  1	-8.661
		9  0	0.704
		10  1	0.507
		12  1	-4.368
		13  1	1.434
		14  1	-9.726
		15  0	-0.365
		16  0	0.379

node  3		 link	 weight	 bias 5.664
		1  0	-0.786
		2  0	-1.829
		3  0	0.213
		4  0	-0.462
		5  1	0.914
		6  0	-0.108
		7  0	0.13
		8  0	0.051
		9  0	-0.174
		10  0	2.489
		12  0	0.499
		13  0	-0.466
		14  1	-0.96
		15  0	-1.135
		16  0	-0.903

node  4		 link	 weight	 bias -8.074
		1  1	-1.702
		2  0	-3.106
		3  0	-0.112
		4  1	5.478
		5  1	-3.339
		6  0	-0.524
		7  0	0.0369999
		8  1	-1.708
		9  1	-2.84
		10  0	0.572
		12  0	-0.62
		13  1	-4.092
		14  1	-2.347
		15  1	-8.114
		16  0	0.357

node  5		 link	 weight	 bias -5.451
		1  0	-0.57
		2  1	3.69
		3  1	-1.897
		4  1	-0.478
		5  0	0.327
		6  0	0.889
		7  1	-0.262
		8  1	-4.719
		9  1	-8.127
		10  1	5.809
		12  1	-3.854
		13  0	1.582
		14  0	-0.024
		15  1	3.76
		16  1	2.928


 Layer 4

node  1		 link	 weight	 bias 0.137
		1  0	0.992
		2  0	-0.618
		3  0	0.099
		4  1	-5.473
		5  0	-0.77
		6  0	0.418
		7  0	0.642
		8  0	-0.326
		9  1	0.779
		10  0	0.526
		12  0	0.751
		13  0	-0.76
		14  1	0.084
		15  1	-0.776
		16  0	-0.622
		17  0	0.98
		18  0	0.609
		19  0	0.864
		20  0	-0.596
		21  0	-0.899

node  2		 link	 weight	 bias -9.172
		1  1	0.219
		2  0	-0.772
		3  0	0.673
		4  0	0.246
		5  1	-1.586
		6  0	0.37
		7  1	-3.4
		8  1	9.243
		9  1	1.553
		10  0	0.853
		12  0	-1.605
		13  1	-0.607
		14  0	-3.197
		15  1	-0.0169998
		16  0	2.154
		17  0	0.955
		18  0	0.409
		19  1	2.474
		20  0	-0.037
		21  1	-11.386

node  3		 link	 weight	 bias 0.788
		1  0	-0.456
		2  0	-0.366
		3  1	-2.752
		4  0	0.851
		5  1	-2.515
		6  1	-6.03
		7  1	0.753
		8  0	-0.58
		9  0	-0.234
		10  0	0.0700001
		12  0	0.291
		13  1	-3.721
		14  1	4.496
		15  0	-0.065
		16  0	-2.644
		17  0	0.311
		18  1	-10.1
		19  1	3.177
		20  0	-1.731
		21  1	-5.101

node  4		 link	 weight	 bias -4.8
		1  0	-2.273
		2  1	2.671
		3  0	0.724
		4  1	0.283
		5  0	-0.361
		6  0	0.257
		7  0	0.049
		8  1	7.985
		9  0	-0.693
		10  1	-2.13
		12  0	-0.687
		13  0	1.447
		14  1	4.425
		15  0	-0.782
		16  0	0.396
		17  1	0.00200033
		18  0	0.752
		19  0	-0.127
		20  0	-0.669
		21  0	0.386

node  5		 link	 weight	 bias -6.09
		1  1	-12.158
		2  0	0.057
		3  1	-16.199
		4  0	-0.864
		5  0	0.77
		6  0	-0.533
		7  0	-0.505
		8  1	-12
		9  0	-3.83
		10  0	0.487
		12  0	0.517
		13  1	-4.259
		14  0	0.643
		15  1	-1.305
		16  0	-0.473
		17  0	-6.486
		18  0	-0.751
		19  1	-7.406
		20  0	-1.798
		21  0	1.17


 Layer 5

node  1		 link	 weight	 bias -8.576
		1  1	-4.062
		2  0	0.794
		3  1	-1.236
		4  0	4.174
		5  0	-0.684
		6  0	0.809
		7  0	-0.625
		8  0	-2.377
		9  0	0.209
		10  1	0.723
		12  1	-1.502
		13  1	2.821
		14  1	9.312
		15  0	-0.904
		16  1	3.629
		17  0	0.295
		18  1	0.219
		19  0	-0.575
		20  1	-2.721
		21  0	-0.032
		22  0	0.723
		23  1	0.701
		24  0	-0.419
		25  0	-0.489
		26  1	1.024

node  2		 link	 weight	 bias -4.873
		1  1	-4.505
		2  0	-0.742
		3  1	1.594
		4  1	0.626
		5  0	-0.781
		6  1	-6.143
		7  1	-0.78
		8  0	0.294
		9  0	0.357
		10  0	0.792
		12  1	4.216
		13  1	3.532
		14  1	-2.732
		15  0	0.951
		16  1	-1.641
		17  1	0.885
		18  0	-0.706
		19  0	-0.513
		20  1	-4.704
		21  0	-0.628
		22  1	-8.934
		23  1	-1.481
		24  1	-2.306
		25  1	5.481
		26  0	1.438

node  3		 link	 weight	 bias 7.551
		1  1	0.438
		2  1	-3.909
		3  0	0.158
		4  1	4.042
		5  0	0.525
		6  1	2.312
		7  1	4.546
		8  1	-8.467
		9  0	-0.169
		10  0	0.144
		12  0	0.252
		13  1	-9.089
		14  1	0.605
		15  1	7.317
		16  0	1.389
		17  0	-0.475
		18  0	-0.29
		19  1	-1.397
		20  0	-0.897
		21  0	-0.148
		22  0	-0.726
		23  1	-7.208
		24  0	-0.115
		25  0	0.799
		26  1	-1.919

node  4		 link	 weight	 bias 7.193
		1  0	7.199
		2  0	-0.336
		3  1	2.991
		4  0	2.389
		5  0	-0.082
		6  1	-10.199
		7  0	0.058
		8  0	-0.977
		9  0	2.329
		10  1	-0.882
		12  0	-0.361
		13  0	-0.817
		14  1	0.642
		15  1	-4.575
		16  1	-6.114
		17  1	-0.7
		18  1	-6.544
		19  0	-0.279
		20  1	2.891
		21  1	3.479
		22  0	-1.906
		23  1	-1.727
		24  0	1.475
		25  1	-4.488
		26  1	0.386

node  5		 link	 weight	 bias -18.333
		1  0	0.0140001
		2  0	-0.725
		3  1	-0.00299984
		4  0	0.659
		5  0	-0.627
		6  0	0.109
		7  1	-3.911
		8  0	-0.16
		9  0	0.346
		10  1	-1.854
		12  1	-0.959
		13  0	-6.227
		14  0	0.412
		15  0	0.461
		16  1	0.0699999
		17  1	-0.969
		18  0	-0.878
		19  1	-5.236
		20  1	0.974
		21  0	0.997
		22  1	0.701
		23  1	3.778
		24  1	0.616001
		25  1	5.498
		26  0	0.407


 Layer 6

node  1		 link	 weight	 bias 2.547
		1  0	0.067
		2  0	0.687
		3  1	-3.709
		4  1	0.48
		5  1	-2.51
		6  1	3.428
		7  0	-0.099
		8  0	0.132
		9  0	-0.358
		10  1	12.569
		12  1	-3.291
		13  0	-9.687
		14  0	-1.714
		15  1	5.205
		16  0	-0.874
		17  1	-0.91
		18  0	0.309
		19  1	1.484
		20  0	-0.669
		21  0	-0.635
		22  0	0.475
		23  0	0.92
		24  0	-6.601
		25  0	-0.415
		26  1	0.27
		27  1	3.318
		28  1	-1.229
		29  1	-0.902
		30  0	0.547
		31  0	-0.88

node  2		 link	 weight	 bias -3.35
		1  0	-0.28
		2  1	-2.438
		3  0	0.512
		4  1	0.598
		5  0	-4.844
		6  1	-1.123
		7  0	0.579
		8  0	-0.37
		9  0	0.0910001
		10  0	0.056
		12  0	0.384
		13  0	-0.00999999
		14  1	2.546
		15  0	0.467
		16  0	0.985
		17  1	-0.685
		18  0	-0.248
		19  0	0.82
		20  1	-6.257
		21  0	-0.784
		22  0	0.377
		23  0	-0.377
		24  0	-0.945
		25  1	-1.156
		26  0	0.236
		27  1	-3.35
		28  1	-0.814
		29  1	2.055
		30  1	2.562
		31  0	0.255

node  3		 link	 weight	 bias -17.583
		1  1	-0.923
		2  0	3.324
		3  0	0.073
		4  0	-0.244
		5  1	8.583
		6  1	1.226
		7  1	-5.266
		8  1	-3.747
		9  0	-0.364
		10  1	-5.114
		12  0	-0.367
		13  0	-0.42
		14  0	0.098
		15  0	-0.419
		16  0	0.0700001
		17  0	-0.741
		18  0	-0.291
		19  0	-0.259
		20  0	0.859
		21  0	0.782
		22  0	0.815
		23  0	-0.114
		24  0	-0.339
		25  0	0.751
		26  0	1.495
		27  1	1.578
		28  0	-0.696
		29  1	0.987
		30  0	-0.978
		31  0	2.918

node  4		 link	 weight	 bias 0.365001
		1  0	-0.029
		2  0	0.0880001
		3  0	-0.115
		4  0	0.45
		5  1	8.716
		6  1	-8.182
		7  0	-0.429
		8  0	0.273
		9  0	-0.79
		10  1	2.715
		12  1	-0.895
		13  0	-2.098
		14  0	0.12
		15  0	-0.308
		16  0	-0.889
		17  0	0.752
		18  0	5.334
		19  0	0.828
		20  0	-0.916
		21  0	1.022
		22  0	-0.675
		23  1	-1.067
		24  0	-0.237
		25  1	0.488
		26  1	-1.038
		27  1	-5.842
		28  0	0.396
		29  0	-0.514
		30  0	-0.68
		31  0	-0.041

node  5		 link	 weight	 bias 3.827
		1  0	1.32
		2  0	0.509
		3  1	-5.014
		4  1	1.361
		5  0	2.218
		6  1	3.147
		7  0	0.672
		8  0	0.682
		9  1	-7.748
		10  1	-1.04
		12  1	-8.54
		13  1	0.743
		14  1	4.625
		15  1	1.486
		16  0	-1.733
		17  1	-8.361
		18  1	-1.336
		19  0	-0.435
		20  0	0.295
		21  1	-2.383
		22  0	-0.928
		23  1	-2.604
		24  0	-0.417
		25  1	0.053
		26  1	0.666
		27  0	0.819
		28  1	-0.782
		29  1	-1.995
		30  0	0.43
		31  1	9.822


 Layer 7

node  1		 link	 weight	 bias 2.995
		1  0	0.901
		2  0	0.93
		3  0	0.243
		4  0	-0.764
		5  1	-1.24
		6  1	-0.447
		7  1	-0.193
		8  0	-0.292
		9  0	-0.699
		10  0	0.683
		12  0	0.858
		13  0	0.582
		14  1	-0.155
		15  0	-0.52
		16  0	0.444
		17  0	0.214
		18  1	0.496
		19  0	-0.289
		20  0	0.279
		21  0	-0.248
		22  1	-3.605
		23  1	0.336
		24  0	-0.215
		25  0	0.098
		26  1	-0.73
		27  1	2.093
		28  0	-0.531
		29  0	0.883
		30  1	-2.022
		31  0	-0.222
		32  0	0.704
		33  0	0.743
		34  0	0.081
		35  0	0.834
		36  0	-0.607


 Layer 2

node  1		 link	 weight	 bias -5.675
		1  1	-3.966
		2  1	-3.864
		3  0	0.058
		4  0	0.077
		5  0	0.964
		6  1	-2.266
		7  0	-0.769
		8  1	3.086
		9  0	1.134
		10  1	0.775

node  2		 link	 weight	 bias -10.826
		1  0	3.271
		2  0	0.543
		3  0	0.453
		4  0	-0.957
		5  1	-6.492
		6  1	1.29
		7  1	-0.869
		8  1	1.13
		9  0	0.818
		10  1	-6.917

node  3		 link	 weight	 bias 6.87
		1  1	-2.07
		2  0	0.54
		3  0	1.839
		4  0	-0.623
		5  0	-0.513
		6  0	-0.818
		7  0	1.302
		8  1	0.713
		9  0	-0.487
		10  0	-7.98

node  4		 link	 weight	 bias 3.119
		1  1	-5.663
		2  1	-2.278
		3  1	2.692
		4  0	1.167
		5  0	3.955
		6  0	-0.41
		7  0	0.823
		8  0	0.533
		9  0	0.822
		10  1	6.263

node  5		 link	 weight	 bias 0.986
		1  0	0.427
		2  0	0.372
		3  0	-0.085
		4  0	-0.268
		5  1	-0.791
		6  0	0.875
		7  0	-0.135
		8  0	0.444
		9  1	1.505
		10  0	-0.73


 Layer 3

node  1		 link	 weight	 bias -9.936
		1  0	-0.978
		2  0	0.21
		3  0	-2.783
		4  1	4.344
		5  0	-0.98
		6  1	-4.319
		7  0	0.528
		8  0	2.709
		9  0	-0.815
		10  1	-4.432
		12  0	-0.673
		13  0	-0.727
		14  0	-1.001
		15  1	-3.78
		16  1	-2.488

node  2		 link	 weight	 bias 1.968
		1  0	0.251
		2  1	2.972
		3  0	-0.716
		4  1	-0.105
		5  1	-1.603
		6  1	8.786
		7  1	2.417
		8  0	-0.53
		9  1	-1.127
		10  0	1.37
		12  0	0.689
		13  1	-0.98
		14  1	-1.895
		15  0	0.657
		16  1	-4.423

node  3		 link	 weight	 bias -8.387
		1  0	-0.305
		2  0	-0.015
		3  0	0.198
		4  0	-0.936
		5  0	0.423
		6  1	0.961
		7  0	-0.115
		8  1	-1.808
		9  0	0.667
		10  0	-0.67
		12  0	0.894
		13  0	-0.17
		14  1	-3.468
		15  1	-0.194
		16  1	-0.031

node  4		 link	 weight	 bias 4.047
		1  0	0.503
		2  0	0.895
		3  1	3.239
		4  0	-0.297
		5  1	-2.035
		6  0	-1.216
		7  1	3.948
		8  0	0.0140001
		9  1	2.724
		10  0	0.184
		12  0	0.456
		13  0	-0.088
		14  0	-0.52
		15  0	-0.018
		16  0	1.042

node  5		 link	 weight	 bias 11.519
		1  0	-0.623
		2  1	3.558
		3  0	0.774
		4  0	-0.909
		5  0	-0.624
		6  0	-0.054
		7  1	-3.181
		8  1	3.153
		9  1	0.0270001
		10  1	-5.549
		12  1	-0.584
		13  0	-0.471
		14  0	0.463
		15  1	2.201
		16  1	9.978


 Layer 4

node  1		 link	 weight	 bias 1.318
		1  1	1.183
		2  0	-0.69
		3  0	0.717
		4  0	-0.227
		5  1	3.067
		6  1	1.738
		7  0	0.415
		8  1	-0.72
		9  1	-1.731
		10  0	-0.55
		12  1	-4.216
		13  0	-0.202
		14  0	-0.684
		15  1	4.245
		16  0	0.733
		17  1	5.705
		18  1	-4.484
		19  1	-1.336
		20  0	4.104
		21  0	-0.984

node  2		 link	 weight	 bias -12.585
		1  1	-5.724
		2  0	-0.135
		3  0	3.63
		4  0	0.811
		5  0	-0.466
		6  0	9.187
		7  0	0.6
		8  0	-0.184
		9  0	-0.734
		10  1	-1.905
		12  1	3.315
		13  0	0.846
		14  0	0.485
		15  0	0.383
		16  0	-1.901
		17  0	0.287
		18  0	-0.198
		19  1	-3.096
		20  1	-0.0549999
		21  1	-2.205

node  3		 link	 weight	 bias -1.989
		1  1	-0.557
		2  1	1.765
		3  0	-2.756
		4  0	3.802
		5  0	0.567
		6  0	0.213
		7  1	0.294
		8  0	0.208
		9  0	-0.855
		10  1	-2.571
		12  0	10.992
		13  0	-4.888
		14  0	-1.516
		15  1	-1.897
		16  1	0.105
		17  1	-4.899
		18  0	0.072
		19  0	-0.189
		20  0	-0.069
		21  1	-1.261

node  4		 link	 weight	 bias -5.72
		1  1	-4.218
		2  0	-0.904
		3  0	-0.722
		4  0	-0.197
		5  1	2.102
		6  1	1.245
		7  1	-7.619
		8  1	-5.805
		9  1	-2.293
		10  0	0.392
		12  1	0.756
		13  0	0.422
		14  0	-0.19
		15  0	-1.84
		16  0	-0.331
		17  1	-0.982
		18  1	4.633
		19  0	-0.817
		20  0	-0.491
		21  1	4.173

node  5		 link	 weight	 bias 0.427
		1  0	-14.251
		2  1	-3.188
		3  1	-6.405
		4  1	0.356
		5  1	-1.019
		6  1	0.413
		7  1	0.269
		8  1	1.2
		9  1	2.374
		10  0	-0.017
		12  0	-0.967
		13  0	0.127
		14  0	0.835
		15  0	-0.874
		16  0	-0.627
		17  1	-4.565
		18  0	0.212
		19  0	-0.571
		20  1	2.526
		21  1	-1.262


 Layer 5

node  1		 link	 weight	 bias -4.39
		1  0	-0.124
		2  0	-0.027
		3  1	0.811
		4  0	0.283
		5  0	4.634
		6  1	1.486
		7  0	0.079
		8  0	0.059
		9  1	-0.91
		10  1	-7.341
		12  0	-0.68
		13  1	-4.704
		14  0	-3.445
		15  0	0.906
		16  1	0.899
		17  1	-19.332
		18  1	-9.24
		19  1	-1.011
		20  1	-6.325
		21  1	-2.36
		22  0	-0.923
		23  1	3.969
		24  0	0.953
		25  0	-0.063
		26  0	0.052

node  2		 link	 weight	 bias -8.183
		1  1	-4.667
		2  1	2.681
		3  1	0.269
		4  1	2.907
		5  1	2.241
		6  1	-6.856
		7  0	0.172
		8  1	-0.226
		9  0	0.29
		10  0	0.287
		12  1	2.916
		13  0	0.413
		14  1	2.031
		15  1	-3.959
		16  0	-1.912
		17  1	-2.917
		18  0	1.661
		19  1	-1.614
		20  0	0.713
		21  0	3.883
		22  1	-0.384
		23  0	2.915
		24  1	-4.088
		25  0	-0.088
		26  0	0.365

node  3		 link	 weight	 bias 7.144
		1  1	1.287
		2  0	-1.866
		3  1	-1.506
		4  0	2.404
		5  0	-9.669
		6  1	0.51
		7  0	-12.802
		8  0	-0.78
		9  0	-0.044
		10  0	0.464
		12  0	-0.209
		13  0	-0.032
		14  0	0.644
		15  0	0.244
		16  0	0.43
		17  0	3.099
		18  0	-2.174
		19  1	-1.91
		20  0	-0.00800002
		21  0	0.423
		22  1	-4.373
		23  0	0.904
		24  0	0.026
		25  1	-3.679
		26  1	-2.952

node  4		 link	 weight	 bias -11.863
		1  1	3.414
		2  0	0.997
		3  0	-12.401
		4  1	-4.241
		5  0	-0.813
		6  0	-2.28
		7  0	-0.247
		8  0	-0.233
		9  0	0.557
		10  0	0.471
		12  0	-0.595
		13  1	0.493
		14  0	-0.876
		15  0	-0.237
		16  1	-6.111
		17  0	-0.339
		18  1	-0.24
		19  0	-0.269
		20  0	-4.561
		21  0	0.451
		22  0	-1.853
		23  1	1.461
		24  0	-0.984
		25  0	0.294
		26  1	7.006

node  5		 link	 weight	 bias 4.619
		1  0	0.237
		2  0	-1.469
		3  1	-0.29
		4  1	-4.485
		5  0	0.772
		6  1	-2.474
		7  0	-0.402
		8  0	0.089
		9  0	-0.54
		10  0	2.312
		12  1	-0.417
		13  0	0.628
		14  0	-0.192
		15  0	-0.219
		16  1	5.649
		17  0	0.148
		18  1	7.815
		19  0	0.146
		20  0	-0.724
		21  0	0.608
		22  0	0.186
		23  0	0.647
		24  1	10.87
		25  0	0.262
		26  1	-0.604


 Layer 6

node  1		 link	 weight	 bias -0.513
		1  1	-1.683
		2  0	2.58
		3  0	0.211
		4  0	-0.178
		5  0	-0.603
		6  0	0.746
		7  0	-0.56
		8  1	-2.281
		9  0	0.263
		10  1	0.685
		12  1	-5.62
		13  1	-19.281
		14  0	0.431
		15  0	-3.467
		16  0	0.303
		17  0	-0.091
		18  0	0.837
		19  1	-6.972
		20  0	-0.704
		21  1	1.696
		22  0	4.143
		23  0	-0.916
		24  1	0.215
		25  1	0.364
		26  0	0.0930001
		27  0	-0.395
		28  0	0.195
		29  0	-0.808
		30  1	-2.881
		31  1	3.283

node  2		 link	 weight	 bias -4.386
		1  0	-0.386
		2  0	0.175
		3  1	-4.714
		4  1	-3.186
		5  0	-0.619
		6  0	-4.381
		7  1	-1.198
		8  0	0.013
		9  0	0.567
		10  0	0.846
		12  1	6.165
		13  0	0.601
		14  1	-3.393
		15  0	0.997
		16  0	0.0290002
		17  0	0.89
		18  1	-1.049
		19  1	-0.331
		20  0	0.341
		21  1	-3.736
		22  0	0.988
		23  0	-0.031
		24  0	-0.395
		25  1	0.651
		26  1	-4.055
		27  1	-5.059
		28  0	-0.787
		29  1	-1.548
		30  0	0.022
		31  1	-0.186

node  3		 link	 weight	 bias -12.249
		1  1	10.65
		2  1	-5.284
		3  0	0.32
		4  1	0.721
		5  1	0.611
		6  1	0.514
		7  0	0.273
		8  0	3.758
		9  1	-4.613
		10  1	-0.707
		12  1	0.179
		13  1	-12.936
		14  1	-7.726
		15  1	3.398
		16  0	0.243
		17  1	0.461
		18  0	0.356
		19  0	0.077
		20  1	0.134
		21  1	-1.045
		22  1	-4.649
		23  0	-2.105
		24  0	-12.042
		25  0	-0.747
		26  1	-7.091
		27  1	-0.0549999
		28  0	-0.432
		29  1	0.0220004
		30  1	13.337
		31  1	-15.153

node  4		 link	 weight	 bias -1.131
		1  0	-0.253
		2  0	0.011
		3  0	-0.642
		4  1	3.722
		5  1	-6.238
		6  0	-14.421
		7  0	9.216
		8  1	0.578
		9  0	0.553
		10  1	-5.142
		12  0	-0.589
		13  0	-3.923
		14  1	5.227
		15  1	-0.867
		16  1	7.355
		17  0	-0.345
		18  1	5.529
		19  1	8.943
		20  1	-1.997
		21  1	2.926
		22  1	1.226
		23  0	-0.747
		24  0	-1.089
		25  0	2.482
		26  0	-0.923
		27  0	-0.038
		28  0	-1.217
		29  0	-5.29
		30  1	-5.172
		31  1	-4.846

node  5		 link	 weight	 bias 8.854
		1  0	1.567
		2  0	-0.249
		3  0	0.442
		4  0	0.712
		5  1	-17.361
		6  0	0.906
		7  0	2.757
		8  1	-7.404
		9  0	0.043
		10  1	9.474
		12  1	-3.337
		13  0	-0.47
		14  1	4.39
		15  0	-1.18
		16  0	0.546
		17  1	-4.623
		18  1	-3.577
		19  0	-0.366
		20  0	-0.456
		21  0	-0.986
		22  1	0.861
		23  0	-4.103
		24  1	1.017
		25  1	0.568
		26  0	-0.344
		27  1	-6.772
		28  0	-0.82
		29  1	2.601
		30  0	-0.302
		31  0	-0.938


 Layer 7

node  1		 link	 weight	 bias -1.236
		1  0	0.75
		2  0	0.788
		3  0	0.738
		4  0	-0.237
		5  1	2.535
		6  0	-0.105
		7  0	-0.078
		8  0	0.217
		9  0	-0.242
		10  0	0.656
		12  0	-0.236
		13  0	0.444
		14  0	0.954
		15  0	0.235
		16  1	-0.488
		17  0	-0.7
		18  0	-0.256
		19  0	-0.782
		20  0	-0.628
		21  0	0.119
		22  1	-0.177
		23  0	0.098
		24  0	-0.457
		25  1	-0.035
		26  0	0.413
		27  0	0.65
		28  0	-0.888
		29  0	-0.549
		30  0	-0.422
		31  0	-0.022
		32  0	-0.876
		33  0	0.951
		34  0	0.214
		35  0	-0.75
		36  0	-0.649


 Layer 2

node  1		 link	 weight	 bias 5.511
		1  0	-0.317
		2  0	0.655
		3  0	-0.174
		4  0	0.196
		5  0	-0.773
		6  1	-17.299
		7  1	-4.216
		8  1	0.417001
		9  0	-0.208
		10  1	0.759

node  2		 link	 weight	 bias -8.667
		1  1	-0.0159997
		2  0	9.847
		3  1	0.762
		4  0	0.682
		5  1	4.408
		6  0	-0.055
		7  0	-0.225
		8  0	2.91
		9  1	-0.156
		10  0	-0.048

node  3		 link	 weight	 bias -5.545
		1  0	-0.586
		2  1	11.47
		3  0	-2.488
		4  1	-0.260001
		5  0	0.295
		6  1	-3.934
		7  1	-1.23
		8  0	-0.65
		9  0	-0.529
		10  0	0.958

node  4		 link	 weight	 bias -1.877
		1  0	0.388
		2  0	0.414
		3  0	0.721
		4  1	-1.619
		5  0	0.349
		6  0	-0.15
		7  1	-6.598
		8  1	0.096
		9  1	-3.691
		10  0	0.106

node  5		 link	 weight	 bias -4.271
		1  1	1.881
		2  1	-3.959
		3  1	-5.141
		4  0	0.0140001
		5  0	-2.574
		6  1	-5.401
		7  0	0.0549999
		8  0	0.888
		9  0	0.91
		10  0	-0.482


 Layer 3

node  1		 link	 weight	 bias -3.91
		1  0	0.836
		2  1	-2.757
		3  0	0.107
		4  1	-0.537
		5  1	-1.589
		6  0	0.99
		7  0	-0.806
		8  0	0.976
		9  0	1.909
		10  1	2.997
		12  0	0.311
		13  0	0.354
		14  1	5.074
		15  0	-0.337
		16  0	-8.407

node  2		 link	 weight	 bias -26.994
		1  1	0.73
		2  0	0.376
		3  1	3.088
		4  1	-3.593
		5  0	-0.911
		6  0	-0.22
		7  1	-0.062
		8  0	0.837
		9  1	-2.565
		10  1	0.706
		12  0	0.619
		13  0	-0.9
		14  1	-0.988
		15  0	6.936
		16  0	-0.384

node  3		 link	 weight	 bias 4.414
		1  1	1.175
		2  0	-0.839
		3  0	0.135
		4  1	-4.504
		5  1	7.686
		6  0	-0.087
		7  1	0.21
		8  0	0.952
		9  1	-1.429
		10  0	-0.192
		12  0	-0.986
		13  0	-0.164
		14  0	-3.027
		15  1	3.174
		16  0	0.757

node  4		 link	 weight	 bias -16.747
		1  0	-0.822
		2  0	0.977
		3  0	0.051
		4  1	0.189
		5  1	-5.613
		6  1	-3.635
		7  1	0.419
		8  0	0.107
		9  0	-0.759
		10  0	0.62
		12  1	-0.875
		13  1	-3.218
		14  1	1.008
		15  0	2.042
		16  1	2.667

node  5		 link	 weight	 bias 5.656
		1  1	1.841
		2  0	0.886
		3  0	0.54
		4  0	0.853
		5  0	-0.339
		6  0	0.139
		7  1	-3.755
		8  0	-0.635
		9  1	-1.686
		10  0	0.818
		12  0	-0.543
		13  0	0.603
		14  0	-0.431
		15  1	3.569
		16  0	0.968


 Layer 4

node  1		 link	 weight	 bias -8.421
		1  0	-2.218
		2  1	4.004
		3  0	-0.231
		4  0	0.633
		5  0	0.863
		6  1	5.69
		7  0	0.41
		8  1	0.646
		9  0	-0.225
		10  0	-0.976
		12  1	-5.16
		13  1	0.412
		14  1	6.524
		15  1	-7.545
		16  0	0.035
		17  1	4.316
		18  0	0.657
		19  0	-0.148
		20  1	-3.832
		21  1	2.603

node  2		 link	 weight	 bias -2.736
		1  0	-3.096
		2  1	-6.772
		3  0	-0.439
		4  1	-0.979
		5  0	-0.0560002
		6  0	-0.045
		7  0	-0.126
		8  0	-0.08
		9  0	0.546
		10  0	0.381
		12  1	-0.737
		13  1	-7.051
		14  1	-5.646
		15  0	-0.506
		16  0	-7.973
		17  1	-0.259
		18  0	-0.809
		19  1	-2.828
		20  1	-3.224
		21  0	6.449

node  3		 link	 weight	 bias -9.409
		1  0	-0.572
		2  1	12.719
		3  0	0.072
		4  0	0.802
		5  0	0.485
		6  1	0.803
		7  0	-0.00700003
		8  1	0.529
		9  0	-0.647
		10  1	-0.769
		12  1	-1.47
		13  1	3.629
		14  0	-0.996
		15  1	0.0479999
		16  1	1.105
		17  0	0.349
		18  1	-1.415
		19  1	-14.369
		20  1	-1.927
		21  0	0.262

node  4		 link	 weight	 bias 7.007
		1  1	9.051
		2  1	-3.672
		3  0	-0.459
		4  0	0.401
		5  0	-0.169
		6  0	0.081
		7  0	0.062
		8  0	-0.888
		9  0	-0.646
		10  0	0.644
		12  0	-0.763
		13  0	-0.616
		14  0	-0.789
		15  1	2.87
		16  0	-0.396
		17  1	3.358
		18  0	0.148
		19  1	-2.009
		20  0	0.657
		21  0	0.388

node  5		 link	 weight	 bias -0.932
		1  1	-5.264
		2  0	-0.427
		3  0	-0.772
		4  0	-0.621
		5  0	0.162
		6  0	-0.671
		7  0	0.253
		8  0	-0.781
		9  1	-7.502
		10  0	0.524
		12  0	0.251
		13  1	-5.397
		14  1	0.84
		15  0	-1.082
		16  1	-16.191
		17  0	-0.949
		18  0	-0.72
		19  0	0.179
		20  1	1.401
		21  0	0.652


 Layer 5

node  1		 link	 weight	 bias -5.322
		1  1	0.417
		2  1	6.843
		3  0	-0.288
		4  0	-0.779
		5  1	-2.548
		6  0	1.452
		7  0	0.112
		8  0	0.00399995
		9  0	0.492
		10  1	1.778
		12  0	0.333
		13  0	-0.643
		14  1	-1.276
		15  1	0.27
		16  0	0.473
		17  0	-2.722
		18  1	-4.929
		19  1	4.101
		20  0	-0.681
		21  0	-0.994
		22  1	-6.693
		23  0	-0.425
		24  1	3.14
		25  0	0.397
		26  1	-2.509

node  2		 link	 weight	 bias 12.263
		1  0	0.419
		2  0	-0.961
		3  0	-0.573
		4  0	-0.9
		5  0	0.595
		6  0	-5.945
		7  1	0.28
		8  0	-0.253
		9  1	-6.094
		10  0	0.029
		12  1	-9.655
		13  1	7.326
		14  0	-0.335
		15  0	-0.688
		16  0	-0.527
		17  1	-0.695
		18  0	-0.173
		19  1	-2.476
		20  0	0.754
		21  0	-1.311
		22  1	-4.195
		23  0	0.853
		24  1	6.008
		25  0	0.149
		26  1	-3.324

node  3		 link	 weight	 bias 0.459
		1  1	-0.336
		2  0	-0.59
		3  1	-6.749
		4  1	-7.688
		5  0	-0.829
		6  1	-0.713
		7  0	0.771
		8  1	0.414
		9  1	-2.077
		10  0	-0.343
		12  1	2.28
		13  0	-0.594
		14  0	0.222
		15  0	0.983
		16  0	-0.256
		17  0	1.553
		18  0	0.552
		19  1	2.867
		20  0	0.274
		21  1	-0.713
		22  1	-1.957
		23  1	-2.121
		24  0	-4.144
		25  0	-0.11
		26  0	0.256

node  4		 link	 weight	 bias -4.15
		1  0	-7.474
		2  0	-0.599
		3  0	-0.553
		4  0	0.489
		5  0	0.625
		6  0	-0.176
		7  0	0.319
		8  1	-3.416
		9  0	-3.288
		10  1	-5.9
		12  0	-0.765
		13  1	-0.81
		14  0	0.143
		15  1	0.234
		16  0	0.133
		17  1	-2.219
		18  0	0.086
		19  1	0.987
		20  1	-3.964
		21  1	-5.249
		22  1	-2.282
		23  1	-0.967
		24  0	-3.701
		25  1	-6.974
		26  1	0.326

node  5		 link	 weight	 bias 2.375
		1  0	-0.047
		2  1	0.00999975
		3  1	3.031
		4  0	-4.113
		5  0	-0.768
		6  0	0.47
		7  0	-2.16
		8  0	-7.15
		9  1	-4.674
		10  0	-0.314
		12  0	-0.025
		13  1	-0.186
		14  0	0.866
		15  1	-3.614
		16  0	0.498
		17  1	0.109
		18  1	4.732
		19  0	0.478
		20  1	0.369
		21  0	-0.267
		22  0	0.405
		23  0	4.861
		24  0	0.884
		25  1	-2.118
		26  0	-0.105


 Layer 6

node  1		 link	 weight	 bias -10.492
		1  0	-0.479
		2  0	-1.773
		3  1	9.586
		4  0	0.384
		5  1	4.15
		6  1	1.455
		7  0	0.195
		8  0	0.922
		9  0	-2.242
		10  1	-0.535001
		12  0	-0.883
		13  1	-9.049
		14  0	-0.185
		15  0	0.689
		16  1	0.674
		17  0	-0.457
		18  0	-0.291
		19  0	-0.775
		20  0	-10.95
		21  1	-5.821
		22  1	-0.884
		23  1	0.978
		24  0	0.186
		25  0	0.876
		26  1	-5.562
		27  1	-1.092
		28  0	-0.916
		29  0	-3.591
		30  0	0.295
		31  0	-0.56

node  2		 link	 weight	 bias 3.566
		1  1	-2.205
		2  1	-9.608
		3  0	-6.844
		4  1	-1.769
		5  0	-0.963
		6  0	2.791
		7  1	4.615
		8  1	-3.289
		9  1	0.722
		10  1	-0.518
		12  0	-0.581
		13  1	-2.105
		14  1	-5.128
		15  1	-5.405
		16  0	-2.461
		17  0	0.0470001
		18  1	-2.168
		19  0	0.368
		20  1	-4.29
		21  1	11.487
		22  0	0.344
		23  1	-2.159
		24  1	-6.126
		25  0	0.045
		26  0	-0.197
		27  1	-2.516
		28  0	-2.535
		29  0	-3.191
		30  0	0.348
		31  1	-3.729

node  3		 link	 weight	 bias -0.805
		1  1	-1.294
		2  0	0.657
		3  0	0.58
		4  1	-5.001
		5  0	-0.762
		6  0	-0.137
		7  1	-0.053
		8  0	-0.537
		9  0	-0.786
		10  0	0.487
		12  1	3.642
		13  0	-0.86
		14  0	-0.578
		15  1	1.831
		16  0	-0.607
		17  1	-6.453
		18  1	2.673
		19  0	0.439
		20  0	0.203
		21  1	-9.018
		22  1	-1.614
		23  1	7.595
		24  0	-0.769
		25  1	3.199
		26  0	-0.441
		27  0	-0.649
		28  1	-3.676
		29  1	0.24
		30  1	-1.505
		31  0	-0.896

node  4		 link	 weight	 bias -1.157
		1  1	5.168
		2  1	-3.722
		3  0	0.81
		4  1	-5.116
		5  0	0.817
		6  0	-0.637
		7  0	0.112
		8  0	1.5
		9  1	-0.809
		10  0	-0.574
		12  1	-4.192
		13  1	-3.418
		14  1	1.935
		15  0	0.126
		16  0	-0.597
		17  1	3.87
		18  0	-0.647
		19  1	-1.598
		20  1	0.157
		21  1	1.15
		22  1	-6.077
		23  0	-0.072
		24  0	-0.969
		25  0	-1.085
		26  1	0.357
		27  0	-2.12
		28  0	0.526
		29  0	3.01
		30  1	-13.797
		31  1	0.285

node  5		 link	 weight	 bias -7.475
		1  0	-2.646
		2  1	-0.373
		3  0	0.585
		4  0	0.944
		5  0	-0.875
		6  0	9.495
		7  0	0.964
		8  1	-6.793
		9  0	-0.85
		10  1	5.291
		12  0	0.993
		13  0	-4.357
		14  1	0.104
		15  1	-0.538
		16  0	-0.646
		17  0	-0.005
		18  0	0.1
		19  0	0.773
		20  0	0.537
		21  1	-6.051
		22  1	-10.721
		23  0	-0.592
		24  0	-0.245
		25  0	-0.368
		26  0	-0.178
		27  0	-4.94
		28  0	-1.554
		29  0	-5.15
		30  0	0.989
		31  0	-0.848


 Layer 7

node  1		 link	 weight	 bias 0.136
		1  1	1.908
		2  0	-0.292
		3  0	0.901
		4  1	1.861
		5  0	-0.792
		6  0	0.974
		7  1	-8.142
		8  0	0.228
		9  0	0.394
		10  0	0.199
		12  0	-0.465
		13  0	0.845
		14  0	0.723
		15  1	-0.591
		16  0	-0.614
		17  0	0.829
		18  0	0.786
		19  1	-5.14
		20  1	-1.066
		21  0	-0.868
		22  0	0.987
		23  0	-1
		24  0	-0.61
		25  0	-0.966
		26  0	-0.526
		27  0	-0.075
		28  0	0.444
		29  0	0.262
		30  0	0.407
		31  0	0.682
		32  1	0.974
		33  1	-3.043
		34  1	9.003
		35  0	-0.037
		36  0	-0.064
