
======================================================
Score	2.66339e+07
Z	-54.8118
alpha	-0.958001
betta	-0.417328
gamma	-2.33784
Vx	-1.92896
Vy	20
Vz	20
engIng	1
cFuel	87
tfuel	0
======================================================

Initial Parametrs
rOa	{ 1 ; 157 ; -50 }

V	{ 10 ; 20 ; 20 }

w	{ -0.5 ; -0.5 ; -0.5 }

alpha	-0.35
betta	-0.35
gamma	-0.35
======================================================

 Layer 2

node  1		 link	 weight	 bias 0.697
		1  0	-0.13
		2  0	-0.355
		3  0	0.324
		4  1	-2.597
		5  0	-0.353
		6  0	0.297
		7  0	-0.482
		8  0	-0.317
		9  0	-0.338
		10  1	3.324

node  2		 link	 weight	 bias -6.098
		1  1	0.393
		2  0	0.156
		3  0	0.464
		4  1	2.562
		5  0	-0.1
		6  0	-0.378
		7  0	-0.434
		8  0	-0.057
		9  0	-0.413
		10  0	-0.474

node  3		 link	 weight	 bias -0.27
		1  0	-0.155
		2  0	0.484
		3  0	-0.104
		4  0	0.343
		5  0	-0.141
		6  0	-0.429
		7  0	-0.224
		8  0	-0.37
		9  0	-0.259
		10  0	0.141

node  4		 link	 weight	 bias 0.501
		1  0	0.078
		2  0	-0.056
		3  0	0.324
		4  0	0.099
		5  0	-0.278
		6  0	0.388
		7  0	0.175
		8  0	0.351
		9  0	-0.455
		10  0	-0.324

node  5		 link	 weight	 bias 0
		1  0	-0.439
		2  0	0.183
		3  0	0.055
		4  0	0.074
		5  0	0.202
		6  0	0.082
		7  0	0.179
		8  1	-2.587
		9  0	0.185
		10  0	-0.482

node  6		 link	 weight	 bias -3.223
		1  0	0.005
		2  0	0.342
		3  0	0.281
		4  0	0.331
		5  0	0.035
		6  0	-0.472
		7  0	-0.024
		8  0	0.321
		9  1	-1.794
		10  0	0.209

node  7		 link	 weight	 bias 0
		1  0	-0.261
		2  0	-0.024
		3  0	0.00700003
		4  0	0.338
		5  0	-0.399
		6  0	-0.103
		7  0	-0.127
		8  0	0.466
		9  0	-0.208
		10  0	0.085

node  8		 link	 weight	 bias 0
		1  0	-0.361
		2  0	-0.365
		3  0	-0.466
		4  0	0.391
		5  0	-0.00400001
		6  0	0.303
		7  0	-0.476
		8  0	-0.123
		9  0	0.431
		10  0	0.046


 Layer 3

node  1		 link	 weight	 bias 0
		1  0	0.319
		2  0	0.295
		3  0	0.089
		4  0	-0.202
		5  0	-0.365
		6  0	0.146
		7  0	0.287
		8  0	0.326
		9  0	0.466
		10  0	-0.265
		12  0	-0.45
		13  0	0.414
		14  0	0.494
		15  1	1.655
		16  0	0.455
		17  0	-0.303
		18  0	-0.287
		19  0	0.073

node  2		 link	 weight	 bias -0.832
		1  0	0.45
		2  0	0.486
		3  0	-0.049
		4  0	0.452
		5  0	-0.129
		6  0	0.104
		7  0	0.483
		8  0	-0.138
		9  0	-0.465
		10  0	0.392
		12  0	0.266
		13  0	0.493
		14  0	-0.448
		15  0	-0.143
		16  0	-0.165
		17  0	-0.351
		18  0	-0.387
		19  0	-0.278

node  3		 link	 weight	 bias 0
		1  0	0.402
		2  0	-0.256
		3  0	-0.41
		4  0	-0.397
		5  0	-0.065
		6  0	-0.017
		7  1	-1.614
		8  0	-0.205
		9  0	-0.413
		10  1	1.107
		12  0	0.285
		13  0	0.058
		14  0	0.254
		15  0	0.287
		16  1	-2.642
		17  0	0.492
		18  0	0.226
		19  0	-0.305

node  4		 link	 weight	 bias -1.002
		1  0	0.248
		2  0	-0.164
		3  1	0.772
		4  0	0.326
		5  0	-0.243
		6  0	0.395
		7  0	-0.101
		8  0	0.296
		9  0	0.1
		10  0	-0.158
		12  0	-0.433
		13  0	0.309
		14  0	0.149
		15  0	0.235
		16  0	0.361
		17  0	-0.473
		18  0	0.014
		19  1	0.785

node  5		 link	 weight	 bias -3.192
		1  0	0.143
		2  0	0.07
		3  0	-0.453
		4  0	0.157
		5  0	0.155
		6  0	0.21
		7  0	0.145
		8  0	0.282
		9  0	0.22
		10  0	-0.173
		12  0	-0.271
		13  0	-0.111
		14  0	-0.173
		15  0	-0.105
		16  0	-0.424
		17  0	0.162
		18  0	-0.455
		19  0	0.284

node  6		 link	 weight	 bias 0.401
		1  0	0.124
		2  0	-0.013
		3  0	0.04
		4  1	0.179
		5  0	-0.261
		6  1	-0.966
		7  0	0.455
		8  0	0.361
		9  0	-0.019
		10  0	-0.009
		12  0	0.132
		13  0	-0.059
		14  0	0.155
		15  0	-0.163
		16  0	-0.094
		17  0	-0.423
		18  0	-0.179
		19  0	-0.05

node  7		 link	 weight	 bias 0
		1  0	0.483
		2  0	-0.498
		3  0	-0.076
		4  0	-0.058
		5  0	0.35
		6  0	-0.35
		7  0	-0.034
		8  0	0.127
		9  0	-0.35
		10  0	-0.257
		12  0	0.461
		13  0	0.076
		14  0	-0.061
		15  0	-0.42
		16  0	-0.48
		17  0	-0.402
		18  0	0.359
		19  0	0.266

node  8		 link	 weight	 bias 2.455
		1  0	-0.321
		2  0	0.018
		3  0	0.322
		4  0	0.12
		5  0	-0.499
		6  0	0.401
		7  0	-0.007
		8  0	0.078
		9  0	-0.21
		10  0	-0.128
		12  0	0.07
		13  0	-0.399
		14  0	-0.155
		15  0	-0.019
		16  0	-0.297
		17  0	-0.37
		18  0	-0.183
		19  0	0.042


 Layer 4

node  1		 link	 weight	 bias -2.091
		1  1	-0.274
		2  0	-0.383
		3  0	0.201
		4  1	1.091
		5  0	0.11
		6  0	0.245
		7  0	0.395
		8  1	-0.067
		9  0	-0.281
		10  0	0.304
		12  1	0.313
		13  0	-0.142
		14  1	-0.0790001
		15  0	-0.257
		16  0	-0.245
		17  0	0.00400001
		18  0	0.368
		19  0	0.033
		20  0	-0.271
		21  0	-0.013
		22  0	-0.315
		23  0	-0.426
		24  0	-0.09
		25  0	-0.416
		26  0	0.153
		27  0	0.373


 Layer 2

node  1		 link	 weight	 bias 0
		1  0	-0.488
		2  0	0.498
		3  0	-0.258
		4  0	-0.023
		5  0	0.326
		6  1	1.417
		7  0	-0.437
		8  0	0.3
		9  1	-2.315
		10  0	-0.299

node  2		 link	 weight	 bias 1.961
		1  0	0.439
		2  0	0.31
		3  1	-3.512
		4  0	0.11
		5  0	0.431
		6  0	-0.065
		7  0	-0.019
		8  0	-0.033
		9  0	0.035
		10  0	0.043

node  3		 link	 weight	 bias 0.896
		1  0	0.259
		2  0	-0.393
		3  0	0.08
		4  0	-0.479
		5  0	-0.235
		6  0	-0.338
		7  0	0.194
		8  0	-0.4
		9  0	-0.26
		10  0	0.045

node  4		 link	 weight	 bias 0
		1  0	-0.043
		2  0	-0.24
		3  0	0.323
		4  0	0.097
		5  0	-0.038
		6  0	-0.293
		7  0	-0.024
		8  0	-0.453
		9  0	0.416
		10  0	-0.493

node  5		 link	 weight	 bias 2.615
		1  0	-0.235
		2  0	0.094
		3  0	0.222
		4  0	0.187
		5  0	-0.136
		6  0	0.263
		7  0	0.187
		8  0	0.436
		9  0	0.319
		10  0	-0.081

node  6		 link	 weight	 bias -2.444
		1  0	-0.497
		2  0	-0.303
		3  1	-4.41
		4  0	0.107
		5  0	-0.249
		6  0	0.038
		7  0	0.355
		8  0	0.06
		9  0	0.031
		10  1	0.219

node  7		 link	 weight	 bias 0.456
		1  0	0.141
		2  0	-0.453
		3  0	-0.267
		4  0	0.12
		5  0	-0.447
		6  0	0.448
		7  0	0.137
		8  0	-0.089
		9  0	-0.13
		10  0	-0.486

node  8		 link	 weight	 bias 0
		1  0	0.296
		2  0	0.157
		3  0	0.47
		4  0	-0.402
		5  1	3.443
		6  0	0.166
		7  0	0.142
		8  0	0.064
		9  0	0.15
		10  0	-0.174


 Layer 3

node  1		 link	 weight	 bias 0
		1  0	-0.091
		2  0	0.391
		3  0	0.051
		4  0	-0.455
		5  0	0.166
		6  1	3.196
		7  0	0.193
		8  1	3.954
		9  0	0.058
		10  1	-0.403
		12  0	-0.484
		13  0	-0.028
		14  0	0.196
		15  1	-2.164
		16  1	1.953
		17  0	-0.487
		18  0	0.043
		19  0	-0.469

node  2		 link	 weight	 bias -1.776
		1  0	0.378
		2  0	0.145
		3  0	-0.226
		4  0	0.117
		5  0	-0.343
		6  0	0.256
		7  0	-0.201
		8  0	0.012
		9  0	0.323
		10  0	-0.349
		12  0	0.346
		13  0	-0.015
		14  1	-0.947
		15  0	0.295
		16  0	-0.068
		17  1	-3.318
		18  0	-0.455
		19  0	-0.212

node  3		 link	 weight	 bias 1.188
		1  0	-0.484
		2  0	0.257
		3  0	0.183
		4  1	1.722
		5  1	-2.346
		6  0	-0.39
		7  0	0.134
		8  0	0.328
		9  0	-0.436
		10  0	-0.461
		12  0	0.482
		13  0	0.367
		14  0	-0.12
		15  0	0.33
		16  0	-0.091
		17  1	0.864
		18  1	-2.388
		19  0	-0.398

node  4		 link	 weight	 bias 0
		1  0	-0.019
		2  0	0.281
		3  0	0.404
		4  0	-0.249
		5  0	0.135
		6  0	0.065
		7  1	4.214
		8  0	0.16
		9  1	-0.224
		10  0	0.208
		12  0	-0.248
		13  0	-0.221
		14  0	-0.257
		15  0	-0.13
		16  0	-0.014
		17  0	-0.122
		18  0	0.468
		19  0	0.471

node  5		 link	 weight	 bias 0
		1  0	0.042
		2  0	0.246
		3  0	-0.162
		4  0	-0.484
		5  0	0.312
		6  0	0.312
		7  0	0.033
		8  0	0.431
		9  0	0.334
		10  0	0.317
		12  0	0.385
		13  0	0.195
		14  0	0.364
		15  0	-0.161
		16  0	0.127
		17  0	-0.222
		18  0	-0.12
		19  0	-0.173

node  6		 link	 weight	 bias -3.588
		1  0	-0.023
		2  0	-0.119
		3  0	1.539
		4  0	0.387
		5  1	0.071
		6  0	0.406
		7  0	0.115
		8  0	0.303
		9  1	-0.956
		10  0	0.203
		12  1	-2.589
		13  0	-0.365
		14  0	-0.488
		15  0	-0.373
		16  0	-0.216
		17  0	0.25
		18  0	0.399
		19  0	-0.115

node  7		 link	 weight	 bias 1.982
		1  1	-0.435
		2  0	-0.202
		3  0	0.039
		4  0	0.188
		5  0	-0.014
		6  0	0.417
		7  0	0.193
		8  0	0.092
		9  0	-0.38
		10  0	-0.311
		12  0	-0.00299999
		13  0	-0.469
		14  0	0.322
		15  0	-0.005
		16  0	0.464
		17  0	-0.29
		18  1	-2.651
		19  0	-0.491

node  8		 link	 weight	 bias -0.884
		1  1	0.264
		2  0	-0.112
		3  0	-0.137
		4  0	0.459
		5  1	5.054
		6  0	-0.216
		7  0	0.327
		8  0	-0.399
		9  0	0.376
		10  0	-0.06
		12  0	-0.339
		13  0	0.21
		14  0	0.247
		15  0	-0.424
		16  0	0.114
		17  0	0.211
		18  0	-0.151
		19  0	0.218


 Layer 4

node  1		 link	 weight	 bias -0.589
		1  0	0.081
		2  0	0.353
		3  0	-0.409
		4  0	0.102
		5  0	-0.252
		6  1	-0.027
		7  0	0.29
		8  0	-0.415
		9  0	0.178
		10  0	0.185
		12  0	-0.069
		13  0	0.066
		14  0	-0.041
		15  0	0.076
		16  1	-0.344
		17  0	-0.397
		18  0	0.109
		19  0	-0.205
		20  1	-0.322
		21  0	-0.368
		22  1	-0.657
		23  0	-0.283
		24  0	-0.05
		25  0	0.259
		26  0	0.434
		27  0	0.307


 Layer 2

node  1		 link	 weight	 bias 0
		1  0	0.375
		2  0	0.309
		3  0	-0.21
		4  0	0.413
		5  0	0.183
		6  1	-0.397
		7  0	0.471
		8  0	-0.049
		9  0	-0.235
		10  1	-1.425

node  2		 link	 weight	 bias 0
		1  0	0.4
		2  0	0.211
		3  1	-4.435
		4  0	-0.282
		5  0	0.079
		6  0	-0.026
		7  0	-0.076
		8  0	-0.073
		9  0	0.109
		10  1	0.155

node  3		 link	 weight	 bias 4.442
		1  0	-0.231
		2  0	0.292
		3  0	0.276
		4  0	0.323
		5  0	0.457
		6  0	-0.041
		7  0	-0.451
		8  0	0.45
		9  1	-7.483
		10  1	-1.479

node  4		 link	 weight	 bias -2.117
		1  0	-0.463
		2  0	-0.25
		3  0	0.055
		4  0	0.141
		5  1	-4.434
		6  0	0.442
		7  0	-0.151
		8  0	-0.187
		9  0	0.208
		10  0	0.42

node  5		 link	 weight	 bias 1.666
		1  0	0.167
		2  0	0.044
		3  0	0.196
		4  0	0.071
		5  0	-0.055
		6  0	0.305
		7  0	-0.435
		8  0	-0.342
		9  0	-0.401
		10  0	0.443

node  6		 link	 weight	 bias 1.231
		1  0	0.322
		2  0	-0.314
		3  0	0.175
		4  0	0.145
		5  0	-0.391
		6  0	0.173
		7  0	-0.134
		8  0	0.408
		9  0	0.49
		10  1	1.705

node  7		 link	 weight	 bias -2.782
		1  0	-0.073
		2  0	0.032
		3  0	-0.226
		4  0	0.437
		5  0	0.285
		6  0	-0.493
		7  1	-0.056
		8  0	-0.118
		9  0	0.489
		10  1	-0.718

node  8		 link	 weight	 bias -0.79
		1  0	0.245
		2  0	-0.435
		3  0	0.192
		4  0	-0.032
		5  0	-0.183
		6  0	-0.315
		7  0	0.32
		8  0	-0.358
		9  0	0.455
		10  0	0.079


 Layer 3

node  1		 link	 weight	 bias 0
		1  0	0.493
		2  0	-0.362
		3  0	-0.018
		4  0	-0.307
		5  1	-1.605
		6  0	-0.32
		7  0	-0.344
		8  0	0.383
		9  0	0.397
		10  0	-0.343
		12  0	0.429
		13  0	0.327
		14  0	0.184
		15  0	-0.115
		16  0	0.357
		17  0	0.334
		18  0	-0.3
		19  0	0.354

node  2		 link	 weight	 bias 1.488
		1  0	2.797
		2  0	0.497
		3  0	0.18
		4  0	-0.052
		5  0	0.483
		6  1	1.765
		7  1	-2.419
		8  0	0.346
		9  0	0.373
		10  0	-0.00600001
		12  0	-0.233
		13  0	0.013
		14  0	0.087
		15  0	-0.434
		16  0	-0.146
		17  0	0.076
		18  0	0.111
		19  0	-0.499

node  3		 link	 weight	 bias -0.753
		1  0	-0.404
		2  0	-0.499
		3  0	0.423
		4  0	0.343
		5  1	-0.0250001
		6  0	-0.255
		7  0	-0.114
		8  0	0.289
		9  0	0.497
		10  0	0.409
		12  1	0.281
		13  1	-0.198
		14  0	0.00199997
		15  1	-0.309
		16  0	0.171
		17  1	-4.396
		18  0	-0.489
		19  1	-2.124

node  4		 link	 weight	 bias -0.201
		1  0	-0.382
		2  0	0.00800002
		3  0	-0.218
		4  0	-0.324
		5  0	0.409
		6  1	0.859
		7  0	0.227
		8  0	0.077
		9  1	-2.98
		10  0	0.256
		12  0	-0.184
		13  0	-0.287
		14  0	0.375
		15  0	-0.075
		16  1	-3.473
		17  0	0.302
		18  0	-0.22
		19  0	0.445

node  5		 link	 weight	 bias -3.769
		1  0	0.471
		2  0	-0.096
		3  0	-0.225
		4  0	-0.179
		5  0	-0.4
		6  0	0.426
		7  0	0.182
		8  1	-0.32
		9  0	0.462
		10  0	-0.073
		12  1	1.902
		13  0	-0.195
		14  0	0.399
		15  0	0.116
		16  0	0.357
		17  0	0.034
		18  0	-0.468
		19  0	0.045

node  6		 link	 weight	 bias 0
		1  0	3.084
		2  0	0.463
		3  0	0.402
		4  0	0.336
		5  0	0.123
		6  0	-0.053
		7  0	-0.015
		8  0	0.07
		9  0	0.133
		10  0	0.493
		12  0	0.296
		13  0	-0.474
		14  0	-0.157
		15  1	3.608
		16  0	0.34
		17  0	-0.169
		18  0	0.458
		19  1	-0.06

node  7		 link	 weight	 bias 0
		1  0	-0.313
		2  0	-0.423
		3  0	0.009
		4  0	-0.404
		5  0	0.383
		6  0	-0.387
		7  0	-0.09
		8  0	-0.428
		9  0	-0.297
		10  0	0.231
		12  0	-0.072
		13  0	0.274
		14  0	-0.093
		15  0	-0.225
		16  0	-0.11
		17  0	0.19
		18  0	-0.267
		19  0	0.012

node  8		 link	 weight	 bias 0
		1  1	-0.822
		2  0	0.262
		3  0	0.222
		4  0	0.457
		5  0	-0.333
		6  0	0.201
		7  0	0.061
		8  0	0.305
		9  0	0.331
		10  1	-0.681
		12  0	-0.205
		13  0	0.4
		14  0	-0.466
		15  0	0.057
		16  0	-0.282
		17  0	0.374
		18  0	0.349
		19  0	-0.061


 Layer 4

node  1		 link	 weight	 bias 0.588
		1  0	-0.38
		2  0	-0.135
		3  0	0.022
		4  1	0.749
		5  0	0.108
		6  0	-0.324
		7  1	0.529
		8  1	2.022
		9  0	0.019
		10  0	-0.476
		12  0	-0.295
		13  0	-0.245
		14  0	-0.197
		15  0	0.027
		16  0	0.29
		17  0	0.267
		18  0	0.338
		19  0	-0.175
		20  0	-0.236
		21  0	-0.451
		22  0	0.299
		23  1	-0.533
		24  0	0.431
		25  0	-0.222
		26  0	0.42
		27  0	0.105


 Layer 2

node  1		 link	 weight	 bias 2.498
		1  0	-0.038
		2  0	-0.405
		3  0	-0.048
		4  0	0.121
		5  0	-0.279
		6  0	-0.398
		7  0	-0.151
		8  0	0.156
		9  0	0.141
		10  1	3.303

node  2		 link	 weight	 bias 1.971
		1  0	-0.37
		2  0	-0.253
		3  0	-0.21
		4  0	-0.138
		5  0	-0.392
		6  1	0.428
		7  0	-0.131
		8  0	0.045
		9  0	-0.445
		10  0	0.331

node  3		 link	 weight	 bias -1.196
		1  0	0.337
		2  0	-0.398
		3  0	0.456
		4  0	-0.477
		5  0	0.088
		6  0	0.354
		7  0	-0.068
		8  1	1.26
		9  0	-0.21
		10  1	-0.212

node  4		 link	 weight	 bias 2.582
		1  0	-0.344
		2  0	0.422
		3  0	-0.033
		4  0	0.101
		5  0	0.336
		6  0	0.038
		7  0	-0.256
		8  0	0.191
		9  0	-0.136
		10  0	0.164

node  5		 link	 weight	 bias 0
		1  0	-0.457
		2  1	0.487
		3  0	0.09
		4  0	-0.247
		5  0	-0.039
		6  0	0.358
		7  0	0.127
		8  0	-0.357
		9  0	0.203
		10  0	-0.06

node  6		 link	 weight	 bias 0
		1  0	0.331
		2  0	-0.056
		3  0	-0.399
		4  0	-0.189
		5  0	-1.688
		6  0	0.19
		7  0	0.015
		8  0	-0.257
		9  0	-0.447
		10  0	-0.048

node  7		 link	 weight	 bias 0
		1  0	0.125
		2  0	0.212
		3  0	-0.106
		4  0	0.499
		5  0	0.044
		6  0	-0.338
		7  0	0.268
		8  0	0.361
		9  0	0.405
		10  0	-0.178

node  8		 link	 weight	 bias -4.072
		1  0	0.111
		2  0	-0.174
		3  0	0.375
		4  0	-0.234
		5  0	0.359
		6  0	0.099
		7  0	0.111
		8  0	-0.307
		9  0	-0.224
		10  0	0.153


 Layer 3

node  1		 link	 weight	 bias 1.665
		1  0	0.383
		2  0	-0.095
		3  0	0.447
		4  0	-0.214
		5  0	0.41
		6  0	0.175
		7  0	0.214
		8  0	0.295
		9  0	0.174
		10  0	-0.366
		12  0	0.482
		13  0	-0.39
		14  0	0.341
		15  0	-0.237
		16  0	-0.08
		17  0	0.369
		18  0	-0.378
		19  0	-0.418

node  2		 link	 weight	 bias 0.944
		1  0	-0.457
		2  0	0.065
		3  0	0.466
		4  0	-0.468
		5  0	0.242
		6  0	-0.387
		7  0	0.09
		8  0	-0.367
		9  0	0.158
		10  0	0.177
		12  0	-0.394
		13  0	-0.414
		14  0	0.196
		15  0	0.342
		16  0	0.182
		17  0	0.43
		18  0	-0.271
		19  0	0.029

node  3		 link	 weight	 bias -1.603
		1  0	-0.126
		2  0	0.026
		3  1	-2.845
		4  0	0.242
		5  0	-0.149
		6  0	-0.09
		7  0	0.076
		8  0	-0.217
		9  1	1.061
		10  0	-0.325
		12  0	-0.15
		13  0	-0.242
		14  0	0.249
		15  0	0.207
		16  0	-0.366
		17  0	-0.42
		18  0	-0.167
		19  0	-0.178

node  4		 link	 weight	 bias -1.519
		1  0	-0.404
		2  0	0.111
		3  0	-0.353
		4  0	0.396
		5  1	-1.509
		6  0	-0.38
		7  0	-0.494
		8  0	-0.099
		9  0	0.446
		10  0	-0.035
		12  0	0.416
		13  0	0.279
		14  0	-0.212
		15  0	-0.397
		16  0	-0.098
		17  0	0.323
		18  1	1.848
		19  0	0.191

node  5		 link	 weight	 bias 0
		1  0	-0.424
		2  0	0.379
		3  0	0.275
		4  0	-0.104
		5  0	-0.339
		6  0	0.499
		7  0	-0.00999999
		8  0	0.377
		9  1	2.007
		10  0	0.262
		12  0	0.278
		13  0	-0.188
		14  0	0.415
		15  0	0.268
		16  0	0.054
		17  0	-0.471
		18  0	-0.461
		19  0	-0.381

node  6		 link	 weight	 bias -3.068
		1  0	-0.2
		2  0	-0.411
		3  0	0.291
		4  0	-0.067
		5  0	-0.11
		6  0	-0.469
		7  0	-0.094
		8  0	-0.225
		9  0	-0.34
		10  0	0.12
		12  0	0.253
		13  0	-0.318
		14  0	0.07
		15  0	-0.169
		16  0	-0.375
		17  0	0.415
		18  0	-0.166
		19  1	0.342

node  7		 link	 weight	 bias 1.505
		1  0	-0.127
		2  0	0.218
		3  0	-0.143
		4  0	-0.27
		5  0	-0.213
		6  0	-0.393
		7  0	-0.426
		8  0	0.334
		9  0	0.186
		10  0	0.297
		12  0	0.462
		13  0	-0.096
		14  1	1.344
		15  1	0.196
		16  0	0.346
		17  0	0.327
		18  0	-0.035
		19  0	0.303

node  8		 link	 weight	 bias -1.567
		1  0	-0.395
		2  0	0.335
		3  0	-0.203
		4  0	-0.245
		5  0	0.166
		6  0	-0.443
		7  0	0.317
		8  0	0.241
		9  0	-0.062
		10  0	-0.364
		12  0	0.405
		13  0	-0.311
		14  0	-0.157
		15  0	-0.121
		16  0	0.296
		17  0	-0.216
		18  1	3.048
		19  0	0.17


 Layer 4

node  1		 link	 weight	 bias 0.095
		1  1	0.551
		2  1	0.155
		3  0	-0.051
		4  0	-0.296
		5  0	0.239
		6  0	0.418
		7  1	0.319
		8  0	-0.46
		9  0	-0.177
		10  0	-0.489
		12  0	-0.493
		13  0	0.272
		14  0	-0.043
		15  1	-2.399
		16  0	0.175
		17  0	-0.248
		18  0	-0.387
		19  0	-0.175
		20  0	-0.372
		21  0	-0.256
		22  1	0.319
		23  0	0.464
		24  0	-0.291
		25  0	-0.00999999
		26  0	-0.056
		27  0	-0.139
