
======================================================
Score	1.04851e+08
Z	-51.327
alpha	-0.417392
betta	-0.37592
gamma	-0.44504
Vx	8.58736
Vy	20
Vz	20
engIng	1
cFuel	27
tfuel	0
======================================================

Initial Parametrs
rOa	{ 125 ; 34 ; -50 }

V	{ 10 ; 20 ; 20 }

w	{ -0.5 ; -0.5 ; -0.5 }

alpha	-0.35
betta	-0.35
gamma	-0.35
======================================================

 Layer 2

node  1		 link	 weight	 bias -3.205
		1  0	0.2
		2  0	-0.1
		3  0	2.731
		4  0	-0.215
		5  0	-0.018
		6  0	-0.367
		7  1	-1.602
		8  0	-0.383
		9  0	6.272
		10  0	-0.037

node  2		 link	 weight	 bias 0.553
		1  0	0.095
		2  1	-12.032
		3  0	-0.04
		4  0	0.309
		5  1	-0.0549998
		6  1	-0.0530002
		7  1	-2.207
		8  0	-0.453
		9  1	-10.067
		10  0	-0.243

node  3		 link	 weight	 bias 1.088
		1  0	-0.382
		2  0	-0.343
		3  0	0.014
		4  0	-0.188
		5  0	0.421
		6  0	-0.396
		7  0	0.406
		8  0	-0.194
		9  0	-0.386
		10  0	0.457

node  4		 link	 weight	 bias 3.46
		1  0	0.167
		2  1	1.244
		3  0	2.941
		4  0	0.169
		5  0	-0.039
		6  0	0.228
		7  1	6.112
		8  0	-0.267
		9  0	0.414
		10  0	-0.269

node  5		 link	 weight	 bias 11.168
		1  0	0.111
		2  0	0.316
		3  0	-3.991
		4  0	-0.493
		5  1	-5.418
		6  0	-0.196
		7  0	-0.472
		8  0	0.069
		9  0	0.188
		10  1	-4.408


 Layer 3

node  1		 link	 weight	 bias 0.73
		1  0	0.076
		2  0	-0.432
		3  0	-0.308
		4  0	-0.011
		5  0	0.44
		6  0	0.106
		7  1	-2.877
		8  0	-0.303
		9  0	-0.245
		10  0	0.43
		12  0	0.092
		13  0	-0.413
		14  0	-0.211
		15  0	0.335
		16  0	0.195

node  2		 link	 weight	 bias 0.613
		1  0	-0.097
		2  1	-1.896
		3  1	-12.53
		4  0	0.182
		5  0	0.181
		6  0	0.297
		7  1	4.883
		8  0	-0.192
		9  1	0.606
		10  0	0.152
		12  1	0.89
		13  1	-5.03
		14  0	-0.451
		15  0	-0.246
		16  0	-0.455

node  3		 link	 weight	 bias -1.446
		1  0	0.159
		2  0	0.345
		3  1	-4.183
		4  0	0.167
		5  0	0.103
		6  0	-0.15
		7  0	-0.114
		8  0	0.429
		9  0	-0.035
		10  0	-0.098
		12  0	0.334
		13  0	-0.405
		14  0	-0.15
		15  0	0.068
		16  0	-0.37

node  4		 link	 weight	 bias 1.935
		1  0	-0.025
		2  0	0.289
		3  0	-0.263
		4  0	0.167
		5  0	-0.287
		6  0	0.098
		7  0	-0.104
		8  1	0.621999
		9  1	-3.57
		10  1	-12.145
		12  0	-0.33
		13  0	-0.247
		14  0	-0.131
		15  0	0.324
		16  0	-0.128

node  5		 link	 weight	 bias -5.307
		1  0	-0.094
		2  0	0.071
		3  0	0.026
		4  0	0.251
		5  0	-0.256
		6  1	-4.002
		7  0	0.258
		8  0	-0.282
		9  0	-0.172
		10  0	0.321
		12  1	-11.317
		13  0	0.489
		14  0	0.403
		15  1	10.72
		16  0	0.459


 Layer 4

node  1		 link	 weight	 bias -0.65
		1  1	-0.239
		2  0	-0.392
		3  0	-0.257
		4  0	-0.345
		5  1	-0.127
		6  0	0.0169999
		7  0	0.218
		8  0	-0.351
		9  0	-0.379
		10  0	-0.24
		12  0	-0.422
		13  0	-0.395
		14  0	-0.273
		15  0	-0.104
		16  0	-0.441
		17  0	-0.116
		18  0	0.438
		19  0	0.195
		20  0	0.491
		21  0	0.492


 Layer 2

node  1		 link	 weight	 bias 2.014
		1  0	-0.188
		2  0	-0.208
		3  0	0.355
		4  1	-3.439
		5  0	-0.162
		6  0	-0.368
		7  1	-1.231
		8  0	-0.086
		9  0	-0.175
		10  0	0.17

node  2		 link	 weight	 bias 0.747
		1  0	0.395
		2  1	-2.646
		3  0	0.134
		4  1	-9.326
		5  0	-0.00299999
		6  0	0.291
		7  0	0.271
		8  0	0.34
		9  0	0.397
		10  0	-0.283

node  3		 link	 weight	 bias 1.538
		1  1	0.267
		2  0	7.373
		3  0	0.273
		4  0	6.243
		5  1	3.739
		6  1	-4.252
		7  0	0.434
		8  0	-0.445
		9  0	0.091
		10  1	4.672

node  4		 link	 weight	 bias 0.485999
		1  0	0.025
		2  0	-0.407
		3  0	3.044
		4  0	0.139
		5  1	-22.015
		6  0	0.171
		7  0	-0.068
		8  0	0.285
		9  1	-18.776
		10  0	0.234

node  5		 link	 weight	 bias -0.589
		1  0	-0.045
		2  0	0.112
		3  0	0.452
		4  0	-0.418
		5  0	0.158
		6  0	-0.353
		7  0	-0.067
		8  0	0.412
		9  0	0.104
		10  1	-8.788


 Layer 3

node  1		 link	 weight	 bias 0
		1  0	0.144
		2  0	-0.187
		3  0	-0.046
		4  1	-0.221
		5  0	0.0170004
		6  0	0.35
		7  1	-0.216
		8  1	3.326
		9  0	0.104
		10  0	0.318
		12  0	0.203
		13  1	4.947
		14  0	-0.432
		15  0	0.303
		16  0	0.382

node  2		 link	 weight	 bias 4.768
		1  0	0.00800002
		2  0	0.318
		3  0	-0.228
		4  0	0.25
		5  0	0.393
		6  1	1.879
		7  0	0.425
		8  0	-0.39
		9  0	-0.068
		10  0	-0.024
		12  0	0.486
		13  0	0.034
		14  0	-4.198
		15  0	-0.051
		16  0	0.104

node  3		 link	 weight	 bias -4.506
		1  0	-0.105
		2  1	7.997
		3  0	0.159
		4  0	-0.411
		5  0	0.257
		6  0	-0.295
		7  0	0.265
		8  0	-0.205
		9  0	-0.413
		10  0	0.098
		12  0	-6.001
		13  1	-0.376
		14  0	0.377
		15  1	-12.317
		16  0	0.418

node  4		 link	 weight	 bias -8.478
		1  0	-0.174
		2  0	0.133
		3  0	0.00199997
		4  1	5.962
		5  0	0.017
		6  0	-0.422
		7  0	-0.195
		8  0	-0.405
		9  0	0.203
		10  0	-0.115
		12  0	0.204
		13  1	-0.677001
		14  0	0.164
		15  1	1.788
		16  1	0.593

node  5		 link	 weight	 bias -5.912
		1  0	-0.088
		2  0	0.148
		3  0	0.255
		4  1	3
		5  1	-8.536
		6  1	5.009
		7  0	0.458
		8  1	0.695
		9  0	-0.113
		10  0	-0.408
		12  1	-3.972
		13  0	-0.215
		14  1	3.847
		15  0	-0.324
		16  1	3.322


 Layer 4

node  1		 link	 weight	 bias -1.149
		1  0	0.017
		2  0	0.024
		3  0	-0.115
		4  0	0.326
		5  0	0.159
		6  0	0.486
		7  0	0.274
		8  0	0.406
		9  0	-0.491
		10  0	-0.331
		12  1	-7.946
		13  1	-2.569
		14  0	-0.317
		15  0	-0.277
		16  0	-0.262
		17  1	2.36
		18  1	-0.602
		19  0	-0.238
		20  0	0.206
		21  1	-4.618


 Layer 2

node  1		 link	 weight	 bias -7.15
		1  1	2.596
		2  1	-0.687
		3  0	0.457
		4  0	-0.156
		5  1	-0.143
		6  0	-0.389
		7  0	0.197
		8  0	-0.133
		9  0	-0.429
		10  0	0.075

node  2		 link	 weight	 bias -4.877
		1  0	0.283
		2  0	-0.055
		3  0	0.23
		4  1	-0.475001
		5  0	-0.41
		6  1	-5.815
		7  0	-0.356
		8  0	-0.183
		9  0	0.332
		10  0	-0.428

node  3		 link	 weight	 bias 0.573
		1  0	0.285
		2  0	0.219
		3  1	-5.499
		4  0	0.179
		5  0	0.265
		6  0	-0.045
		7  0	0.027
		8  0	-0.106
		9  0	0.372
		10  0	-0.282

node  4		 link	 weight	 bias -13.334
		1  0	-0.132
		2  0	-0.343
		3  0	-5.277
		4  0	0.308
		5  0	0.269
		6  0	-0.09
		7  0	0.238
		8  0	-0.209
		9  0	0.025
		10  0	0.072

node  5		 link	 weight	 bias -1.197
		1  0	-0.199
		2  0	-0.374
		3  0	-0.055
		4  0	0.29
		5  0	0.371
		6  0	0.399
		7  0	0.112
		8  0	-0.236
		9  0	-0.435
		10  0	-0.383


 Layer 3

node  1		 link	 weight	 bias -2.098
		1  0	0.463
		2  0	-0.362
		3  0	0.479
		4  1	1.186
		5  0	0.331
		6  0	-0.458
		7  0	0.35
		8  0	0.429
		9  0	-0.385
		10  0	0.314
		12  0	-0.333
		13  1	-5.851
		14  1	1.756
		15  0	-0.167
		16  1	-0.151

node  2		 link	 weight	 bias -7.312
		1  1	1.364
		2  0	-0.347
		3  0	-0.405
		4  1	-3.111
		5  0	-0.402
		6  0	-0.45
		7  0	-0.488
		8  0	0.229
		9  1	3.364
		10  0	1.144
		12  0	-0.189
		13  0	-0.141
		14  0	0.469
		15  1	-4.862
		16  0	0.165

node  3		 link	 weight	 bias 2.998
		1  0	-0.022
		2  0	-0.386
		3  0	-0.129
		4  0	0.111
		5  0	2.414
		6  0	0.108
		7  0	0.31
		8  0	0.487
		9  0	0.083
		10  1	-7.604
		12  0	-0.00400001
		13  0	0.313
		14  1	-4.452
		15  1	3.225
		16  0	0.328

node  4		 link	 weight	 bias -2.26
		1  0	-0.052
		2  1	-1.649
		3  0	0.087
		4  0	0.366
		5  0	-0.498
		6  0	0.258
		7  1	1.815
		8  0	0.307
		9  0	0.46
		10  0	-0.00600001
		12  0	0.076
		13  0	-0.372
		14  0	0.229
		15  0	0.112
		16  0	-0.281

node  5		 link	 weight	 bias 3.112
		1  0	-0.468
		2  0	-0.129
		3  0	-0.081
		4  0	-0.32
		5  1	-4.091
		6  1	-3.263
		7  0	0.044
		8  0	0.238
		9  0	-0.12
		10  1	-6.219
		12  0	0.19
		13  0	-0.113
		14  1	3.433
		15  1	2.694
		16  1	-5.415


 Layer 4

node  1		 link	 weight	 bias -2.403
		1  0	-0.25
		2  0	-0.031
		3  0	0.362
		4  0	0.092
		5  0	0.152
		6  0	-0.057
		7  1	-2.098
		8  1	0.714
		9  0	0.469
		10  0	0.186
		12  0	-0.08
		13  0	-0.391
		14  0	0.159
		15  0	-0.382
		16  1	-0.369
		17  0	0.339
		18  0	0.227
		19  0	0.177
		20  0	0.203
		21  0	0.102


 Layer 2

node  1		 link	 weight	 bias 4.895
		1  0	0.00199997
		2  1	-7.74
		3  1	-11.2
		4  0	-0.545
		5  0	0.155
		6  1	0.304
		7  0	-0.808
		8  0	-0.337
		9  0	-0.307
		10  0	0.261

node  2		 link	 weight	 bias 2.233
		1  0	-0.453
		2  0	0.245
		3  1	1.272
		4  0	-0.244
		5  1	-6.359
		6  0	0.43
		7  0	0.198
		8  0	-0.095
		9  0	0.242
		10  0	0.344

node  3		 link	 weight	 bias 3.584
		1  0	-0.419
		2  1	-11.033
		3  0	0.27
		4  0	-0.094
		5  0	-0.047
		6  0	-0.085
		7  0	-0.322
		8  0	0.093
		9  0	-0.287
		10  1	-1.128

node  4		 link	 weight	 bias 2.918
		1  0	-0.166
		2  0	0.34
		3  1	3.384
		4  0	-0.068
		5  1	3.072
		6  0	-0.434
		7  1	-7.735
		8  0	0.357
		9  1	-0.89
		10  1	-0.342

node  5		 link	 weight	 bias 6.457
		1  1	-9.894
		2  0	0.096
		3  0	-0.089
		4  1	12.664
		5  0	0.435
		6  1	15.638
		7  1	-6.681
		8  0	-0.286
		9  1	-5.269
		10  1	-6.591


 Layer 3

node  1		 link	 weight	 bias -2.482
		1  0	0.297
		2  0	-0.14
		3  1	-2.092
		4  0	-0.491
		5  0	0.143
		6  0	-0.00600001
		7  0	-0.261
		8  0	0.263
		9  0	0.012
		10  0	0.147
		12  0	0.028
		13  0	0.129
		14  0	-0.081
		15  0	-0.1
		16  0	-0.314

node  2		 link	 weight	 bias 15.212
		1  0	-0.327
		2  0	-0.462
		3  0	-0.1
		4  1	-0.995
		5  0	0.00800002
		6  0	-0.088
		7  0	0.324
		8  0	0.465
		9  0	0.456
		10  0	-0.092
		12  0	-0.238
		13  0	-0.165
		14  0	-0.199
		15  1	-5.002
		16  0	-0.302

node  3		 link	 weight	 bias 8.689
		1  1	-2.304
		2  0	-0.067
		3  0	-0.049
		4  0	-0.135
		5  0	0.113
		6  1	-4.837
		7  0	0.455
		8  0	-0.032
		9  0	-0.184
		10  0	0.171
		12  0	-0.068
		13  0	-0.045
		14  0	-0.104
		15  0	-0.000999987
		16  0	0.425

node  4		 link	 weight	 bias 0.724
		1  0	0.082
		2  0	-0.304
		3  0	0.281
		4  0	-0.031
		5  0	-0.341
		6  1	-1.493
		7  0	0.411
		8  1	-9.898
		9  0	0.061
		10  0	-2.415
		12  0	-0.36
		13  1	5.291
		14  0	0.346
		15  0	-0.172
		16  0	-3.78

node  5		 link	 weight	 bias 3.202
		1  1	6.348
		2  0	0.245
		3  1	-22.106
		4  0	-0.198
		5  0	0.296
		6  0	0.291
		7  0	-0.034
		8  0	0.428
		9  0	-0.289
		10  0	-0.215
		12  1	-0.948001
		13  0	0.263
		14  0	0.051
		15  0	-0.317
		16  0	-0.288


 Layer 4

node  1		 link	 weight	 bias 0.379
		1  1	0.274
		2  0	0.08
		3  0	0.455
		4  0	-0.182
		5  0	-0.081
		6  0	0.142
		7  0	0.066
		8  0	0.393
		9  0	0.175
		10  0	-0.02
		12  0	-0.062
		13  0	-0.474
		14  1	0.107
		15  0	-0.312
		16  0	0.131
		17  0	0.46
		18  0	-0.034
		19  0	0.207
		20  0	-0.039
		21  0	0.085
