

0
0
-0.11
0
-0.279
0
0.98
0
-0.305
0
0.824
0
-0.576
0
-0.323
0
-0.744
0
-0.509
0
0.303
0
-0.223
0
0.619
0
-0.889
0
0.233
0
-0.716
0
0.0319999
0
-0.85
0
-0.835
0
0.41
0
-0.037
0
0.224
0
-0.68
0
-0.213
0
0.238
0
0.817
0
-0.919
0
0.972
0
-0.287
0
0.938
0
0
0
0
-0.076
0
0.108
0
-0.771
0
0.763
0
0.563
0
0.931
0
-0.019
0
0.69
0
-0.341
0
0.744
0
0.198
0
0.015
0
-0.643
0
0.601
0
0.654
0
0.863
0
-0.448
0
-0.547
0
-0.282
0
-0.367
0
-0.148
0
-0.462
0
0.956
0
0.505
0
0.533
0
0.442
0
-0.286
0
-0.269
0
0.676
0
0
0
0
-0.487
0
0.492
0
0.353
0
0.069
0
-0.746
0
0.427
0
-0.544
0
0.131
0
-0.869
0
-0.08
0
-0.00800002
0
-0.437
0
-0.063
0
-0.18
0
-0.672
0
-0.65
0
-0.623
0
-0.388
0
-0.983
0
-0.937
0
0.897
0
0.838
0
-0.388
0
0.349
0
0.336
0
-0.271
0
-0.286
0
0.189
0
0.00300002
0
0
0
0
-0.176
0
-0.687
0
-0.907
0
0.79
0
0.233
0
-0.564
0
-0.24
0
0.711
0
-0.247
0
0.321
0
0.27
0
0.731
0
-0.362
0
0.482
0
0.627
0
0.099
0
-0.535
0
0.657
0
-0.165
0
0.554
0
0.648
0
-0.256
0
-0.288
0
0.099
0
0.564
0
-0.649
0
-0.964
0
0.594
0
-0.877
0
0
0
0
-0.866
0
-0.512
0
0.859
0
-0.987
0
-0.251
0
-0.607
0
0.95
0
-0.63
0
0.624
0
-0.439
0
0.316
0
-0.498
0
0.617
0
0.88
0
-0.295
0
0.568
0
0.731
0
-0.56
0
0.808
0
-0.826
0
-0.76
0
-0.559
0
-0.392
0
-0.093
0
0.433
0
0.727
0
-0.409
0
0.987
0
-0.031
0
0
0
0
-0.946
0
0.234
0
-0.457
0
0.625
0
0.564
0
-0.283
0
-0.027
0
0.253
0
-0.224
0
0.9
0
0.33
0
-0.861
0
0.36
0
0.235
0
-0.273
0
0.013
0
-0.924
0
0.35
0
0.545
0
-0.865
0
0.532
0
-0.052
0
-0.214
0
-0.497
0
-0.041
0
0.125
0
0.0319999
0
-0.632
0
-0.087
0
0
0
0
-0.303
0
-0.308
0
0.935
0
0.829
0
-0.182
0
0.315
0
0.415
0
-0.691
0
-0.314
0
0.603
0
-0.678
0
0.436
0
0.624
0
0.915
0
-0.904
0
0.3
0
-0.297
0
-0.242
0
-0.602
0
-0.81
0
-0.021
0
-0.322
0
0.173
0
-0.453
0
-0.131
0
0.579
0
-0.305
0
0.0369999
0
0.962
0
0
0
0
0.319
0
-0.887
0
0.397
0
0.796
0
-0.982
0
-0.387
0
0.162
0
0.953
0
0.257
0
0.252
0
-0.35
0
-0.549
0
-0.609
0
-0.199
0
-0.504
0
0.408
0
0.704
0
-0.577
0
0.558
0
-0.373
0
-0.459
0
0.423
0
-0.437
0
-0.588
0
0.268
0
-0.036
0
0.655
0
-0.256
0
-0.864
0
0
0
0
-0.422
0
-0.42
0
-0.429
0
-0.648
0
0.226
0
-0.922
0
-0.541
0
-0.816
0
-0.627
0
0.586
0
0.998
0
0.59
0
0.926
0
-0.301
0
-0.329
0
0.222
0
-0.46
0
-0.51
0
0.941
0
-0.866
0
0.563
0
-0.328
0
-0.022
0
0.468
0
0.551
0
0.71
0
-0.302
0
0.949
0
0.182
0
0
0
0
0.13
0
-0.074
0
0.476
0
-0.986
0
-0.619
0
0.176
0
-0.887
0
0.772
0
0.557
0
0.179
0
-0.722
0
0.395
0
0.503
0
-0.837
0
-0.231
0
0.274
0
0.702
0
-0.445
0
-0.807
0
0.376
0
0.244
0
-0.648
0
0.182
0
0.731
0
-0.303
0
0.64
0
0.847
0
-0.199
0
0.09
0
0


-22.759
0
-14.051
1
-13.005
1
8.106
0
-5.91
0
-8.238
1
-10.299
0
-2.586
0
-1.546
0
-1.902
0
0.518
0
2.694
0
-0.543
0
7.682
1
-11.23
1
-6.595
0
5.498
1
2.49
0
-7.187
1
-37.699
1
7.43
1
4.247
0
-1.797
1
2.453
1
-7.755
1
13.64
0
-0.278
1
2.655
1
-5.883
0
0.962
0
-22.759
-16.938
1
11.646
1
-26.095
0
-7.854
0
10.483
0
-15.786
1
-3.026
0
12.081
0
-6.016
0
2.494
1
-7.484
1
-18.929
1
-0.927
0
-17.051
0
-17.499
1
0.68
0
-17.62
1
-25.053
1
-9.483
1
-6.631
0
-0.696
1
-13.895
0
-0.898
0
-4.27
1
-1.026
1
-15.381
1
-26.494
1
-24.373
0
-10.882
0
-10.803
1
-16.938
-17.943
1
1.887
1
-1.848
0
0.377
1
-8.337
1
-2.309
1
-0.991
0
-6.028
1
-10.206
1
-1.4
0
-6.106
1
-10.005
1
-10.024
0
-17.377
1
9.077
0
-7.25
0
0.297
1
-19.902
1
-18.531
1
0.786
0
-13.482
0
-12.946
0
-9.315
0
-2.752
1
-17.908
1
-5.441
1
-15.838
0
-0.165
0
-0.955
1
-4.197
1
-17.943
-2.178
1
8.618
0
0.423
0
-2.345
1
-7.77
1
-12.109
1
6.796
0
19.689
0
-3.345
1
-9.251
0
4.157
0
0.893
1
-13.445
1
5.356
1
-29.518
1
-3.274
0
-0.38
1
-18.515
1
-9.755
0
-8.42
1
4.561
0
-7.94
1
-15.93
0
-11.696
1
-33.614
0
-9.1
0
-12.245
0
4.35
0
-0.677
1
-23.212
1
-2.178
-1.782
1
-7.029
0
-0.835
0
1.056
1
-3.639
1
-1.241
1
-6.109
0
7.689
0
-14.267
1
-38.936
1
-5.534
1
-3.024
0
-1.088
1
-3.148
0
0.99
0
5.062
0
-0.929
1
-0.113
0
-30.206
0
10.693
1
-10.053
1
8.892
1
-1.717
1
-18.131
0
1.323
1
5.631
0
1.753
0
0.401
1
-6.371
0
-12.006
0
-1.782
-13.488
1
5.164
1
-14.989
1
3.269
1
-24.391
1
-15.251
1
-16.975
0
-11.376
0
0.699
0
8.07
1
-1.255
1
5.882
0
1.908
0
1.62
1
-9.522
0
-2.489
0
9.578
1
-24.595
1
-2.166
0
4.848
1
-11.918
1
10.709
1
-23.501
0
-15.971
1
-4.078
0
-0.248
1
-24.982
1
-0.722
0
-15.808
0
1.537
1
-13.488


-38.632
0
-3.073
0
0.25
1
-27.688
1
-17.031
0
-6.168
0
-2.465
0
1.656
1
-2.136
1
-2.035
0
-17.175
1
1.804
1
0.645
0
-7.274
1
-14.646
1
-5.246
0
8.636
1
-0.238
1
7.72
0
4.323
1
-0.688
1
-0.432
0
-23.5
0
-8.955
1
-9.23
0
15.147
1
-3.158
1
-1.747
1
-8.388
1
-3.6
1
-38.632
-28.161
0
1.457
0
-15.365
1
-30.599
0
-0.195
1
9.112
1
10.185
1
-8.913
1
-4.126
1
6.516
1
1.544
0
-5.584
0
-4.981
0
-11.698
1
0.47
0
-3.191
0
-5.554
0
4.849
0
-3.467
1
6.415
0
-11.415
0
0.00699997
1
-2.609
0
-4.773
0
-2.659
0
-2.382
0
-15.05
0
-6.831
1
-9.289
1
-2.763
0
-28.161
-19.692
1
-18.717
0
-7.025
0
5.459
1
-7.605
1
18.286
1
-1.849
0
-14.398
0
-0.301
1
12.745
0
-10.653
1
-0.464
1
4.191
0
-1.3
0
6.36
0
-8.876
1
19.217
0
-8.443
0
-9.044
0
-0.124
0
-12.319
0
-26.419
0
-0.444
1
-10.315
0
-2.701
0
0.496
1
-10.864
0
-18.763
1
-25.33
1
2.274
1
-19.692
-0.123
1
-4.989
1
-30.648
0
-4.744
1
-18.963
1
-53.362
0
-12.718
1
-14.071
0
0.403
0
-8.102
0
1.639
1
-7.459
0
-9.664
0
0.271
0
1.732
0
-3.056
0
-26.954
1
0.905
1
-4.348
0
-23.164
1
-22.256
1
6.507
0
-16.159
1
-22.353
1
-5.672
0
-6.817
0
-14.917
1
-37.185
0
18.153
1
3.561
1
-0.123
7.553
0
-10.032
1
-23.288
1
9.332
0
-3.99
0
-0.139
1
-20.085
0
1.87
1
-1.734
1
-3.263
0
-7.162
1
-10.157
1
-19.603
0
-4.889
0
-19.009
0
0.916
0
3.839
1
-13.512
0
-5.302
0
-4.311
0
16.827
1
-12.348
0
-18.023
0
-2.765
0
-1.926
1
-7.868
1
-19.94
1
3.537
1
-14.192
1
-34.293
1
7.553
5.913
1
8.476
1
7.959
1
-2.693
1
1.956
1
3.013
0
-18.037
0
-3.312
1
-13.959
1
3.787
1
-10.549
0
-11.62
0
-4.161
0
30.084
0
-10.068
0
0.692
0
-1.852
0
4.683
0
-9.143
0
7.03
0
-11.341
0
4.713
1
2.239
0
0.136
0
6.32
0
-0.853
0
-6.944
0
-20.797
1
-0.447
1
6.603
1
5.913


-11.788
1
-3.757
0
0.853
0
-10.308
0
-19.052
1
-20.106
0
-9.004
0
-17.948
1
7.199
1
1.553
1
-14.49
1
5.706
0
0.318
0
-9.299
1
-13.488
0
0.687
0
-15.548
1
-11.082
1
5.074
1
11.39
0
-10.222
0
-6.037
1
-15.602
1
-24.105
1
-2.872
1
-4.535
1
-6.49
1
-7.003
1
-16.082
0
-11.416
1
-11.788
-18.706
0
-2.586
1
-25.062
0
-0.428
1
-8.866
0
3.307
1
-12.93
0
-4.391
0
-3.383
1
-0.548
1
-1.935
0
-12.291
0
0.39
0
-3.025
0
-1.479
0
-11.816
1
-1.644
0
-0.132
1
0.482
0
-11.114
1
-0.435
0
-0.124
0
-14.806
0
4.374
1
-2.429
1
-31.793
1
-8.7
0
-23.879
1
-21.152
1
11.134
1
-18.706
-27.469
0
3.092
0
-10.426
1
3.022
0
-0.401
1
3.819
0
2.118
0
-5.92
1
2.973
1
-12.915
1
-0.991
1
-18.474
1
-1.607
1
-7.72
1
-31.735
1
-10.034
0
-12.046
1
-24.935
0
0.349
1
-34.956
0
-7.026
0
-23.827
0
3.184
0
-12.751
0
-1.922
0
-24.21
1
1.938
1
-10.653
0
-4.785
0
8.363
1
-27.469
-4.608
1
-3.27
1
8.818
0
-3.761
0
-0.436
1
-2.54
0
-12.019
0
-5.261
1
-15.024
1
-15.871
0
-0.565
1
-13.032
0
-4.93
0
-17.007
0
0.995
0
-37.766
0
-1.84
0
-0.744
0
-21.023
0
4.631
1
-1.145
1
1.879
1
-0.149
0
-7.345
0
4.92
1
13.185
1
-12.772
1
-4.159
1
-6.996
1
12.532
1
-4.608
2.83
0
-1.319
0
25.04
0
-5.529
1
-1.896
0
0.051
0
3.485
1
-12.204
0
-2.335
1
11.462
0
-18.535
1
-4.396
0
-19.188
1
-3.895
0
11.875
0
0.25
1
-5.743
0
-6.02
0
4.654
0
0.838
1
-0.655
1
-7.749
1
-8.333
1
7.636
1
-16.252
1
-34.966
1
6.279
0
-1.848
1
-10.525
0
-9.205
1
2.83
-3.213
1
-2.832
0
4.919
0
-16.094
0
-19.221
1
-7.641
0
-4.865
1
-22.404
1
-0.692
0
-0.534
1
-14.282
1
-13.011
1
-1.308
1
15.91
1
-27.218
1
-1.789
1
14.96
1
6.034
1
-25.368
0
7.963
0
-24.588
1
1.919
1
-15.483
1
-15.574
0
-1.663
0
-4.578
1
-2.025
0
1.071
1
-2.158
1
-18.923
0
-3.213


0.007
0
-0.299
0
0.742
0
-0.71
0
0.15
0
-0.26
0
-0.05
0
0.142
0
0.059
1
-0.768
0
-0.285
0
-24.865
0
0.0700001
0
-0.732
0
-6.329
0
-0.342
0
0.839
0
0.386
0
0.335
0
-0.323
0
0.495
0
-0.726
0
0.824
0
0.609
0
-0.425
1
-0.029
0
0.041
0
-0.809
0
0.641
0
0.423
0
0.007


0
0
-0.293
0
0.217
0
0.801
0
0.099
0
-0.438
0
0.862
0
-0.395
0
0.23
0
0.752
0
0.716
0
-0.454
0
0.735
0
-0.695
0
-0.238
0
0.081
0
-0.91
0
-0.113
0
0.137
0
-0.934
0
0.679
0
0.389
0
-0.449
0
0.242
0
-0.846
0
0.805
0
-0.19
0
-0.358
0
0.883
0
0.12
0
0
0
0
0
0
0.519
0
-0.85
0
0.791
0
-0.16
0
-0.561
0
0.959
0
-0.623
0
-0.231
0
-0.774
0
0.167
0
-0.449
0
-0.821
0
-0.036
0
0.903
0
-0.00199997
0
0.575
0
-0.709
0
-0.212
0
0.488
0
0.603
0
-0.493
0
0.084
0
-0.094
0
0.951
0
0.393
0
0.864
0
0.00899994
0
0.133
0
0
0
0
0.334
0
0.684
0
0.0700001
0
0.985
0
0.254
0
0.933
0
0.697
0
-0.174
0
0.407
0
0.218
0
-0.166
0
0.305
0
0.072
0
0.364
0
0.00699997
0
0.937
0
0.745
0
-0.924
0
-0.24
0
-0.84
0
-0.597
0
-0.852
0
-0.549
0
0.846
0
-0.607
0
0.366
0
0.934
0
0.704
0
0.911
0
0
0
0
0.6
0
-0.078
0
0.02
0
-0.367
0
-0.673
0
0.56
0
-0.068
0
0.176
0
0.366
0
0.481
0
-0.511
0
-0.505
0
0.721
0
-0.562
0
-0.969
0
0.32
0
0.461
0
0.089
0
0.249
0
0.66
0
0.644
0
0.99
0
0.514
0
-0.189
0
0.022
0
0.184
0
-0.849
0
-0.938
0
0.554
0
0
0
0
-0.702
0
0.222
0
0.031
0
0.815
0
0.368
0
0.891
0
-0.076
0
0.683
0
0.22
0
-0.26
0
-0.458
0
-0.826
0
0.555
0
-0.192
0
0.984
0
-0.939
0
-0.24
0
-0.738
0
-0.506
0
-0.107
0
0.176
0
-0.887
0
0.198
0
0.965
0
-0.316
0
0.516
0
-0.083
0
-0.957
0
0.831
0
0
0
0
0.00300002
0
-0.815
0
-0.109
0
0.974
0
0.631
0
-0.981
0
0.867
0
-0.429
0
0.636
0
-0.86
0
-0.637
0
0.927
0
-0.383
0
-0.756
0
0.437
0
0.895
0
0.398
0
0.687
0
-0.014
0
0.585
0
0.562
0
-0.853
0
-0.994
0
0.061
0
-0.867
0
0.902
0
-0.209
0
-0.069
0
-0.544
0
0
0
0
0.789
0
-0.751
0
0.802
0
-0.688
0
0.454
0
-0.989
0
0.986
0
0.783
0
0.804
0
0.838
0
0.289
0
-0.02
0
-0.03
0
0.379
0
-0.926
0
0.585
0
-0.103
0
0.282
0
0.196
0
0.465
0
-0.551
0
0.487
0
-0.000999987
0
0.94
0
0.154
0
0.483
0
-0.736
0
-0.432
0
-0.745
0
0
0
0
-0.167
0
-0.723
0
0.278
0
0.382
0
0.284
0
-0.128
0
-0.821
0
-0.748
0
-0.424
0
0.239
0
0.401
0
0.219
0
-0.177
0
-0.135
0
-0.07
0
-0.713
0
0.404
0
0.497
0
0.626
0
-0.343
0
0.629
0
0.03
0
-0.116
0
-0.958
0
-0.294
0
0.597
0
-0.227
0
-0.388
0
-0.642
0
0
0
0
-0.299
0
0.894
0
-0.107
0
-0.502
0
0.893
0
-0.672
0
0.323
0
0.807
0
0.69
0
0.358
0
0.269
0
0.804
0
-0.246
0
0.147
0
-0.196
0
-0.505
0
-0.366
0
-0.851
0
-0.724
0
-0.9
0
0.404
0
-0.877
0
-0.96
0
0.185
0
0.942
0
0.433
0
-0.409
0
-0.332
0
-0.784
0
0
0
0
-0.556
0
-0.347
0
-0.331
0
0.646
0
-0.619
0
0.039
0
-0.013
0
-0.937
0
0.32
0
0.525
0
-0.656
0
-0.635
0
0.825
0
0.918
0
0.464
0
-0.398
0
0.747
0
0.058
0
-0.212
0
0.132
0
-0.255
0
0.51
0
-0.075
0
0.584
0
0.503
0
-0.983
0
0.729
0
0.647
0
0.129
0
0


-6.144
1
1.159
1
-26.213
1
14.807
0
2.554
1
-10.233
0
-10.964
1
-7.037
0
-0.502
0
6.784
1
-14.198
0
0.628
1
-10.569
1
-30.471
0
-0.333
0
-0.409
0
-0.987
1
-5.825
0
-3.495
1
4.166
1
-12.114
1
-20.561
0
-10.26
0
-27.748
1
-31.114
1
-0.07
1
11.055
1
-1.862
0
6.477
0
-6.828
0
-6.144
3.553
0
0.673
0
-0.929
0
-2.774
1
-6.313
1
-0.276
1
-3.19
0
-0.791
0
0.127
0
-0.027
0
1.898
0
3.685
0
-17.989
0
-3.685
0
-3.711
1
-1.726
1
-14.326
1
19.178
0
-3.268
0
7.862
1
5.328
0
2.609
1
-3.704
0
-4.28
1
-18.854
0
-0.347
1
-11.53
1
-10.884
1
-14.322
0
0.684
1
3.553
3.739
0
0.213
1
-17.483
1
-4.345
1
0.114
1
-5.133
0
-6.749
0
6.488
0
-4.484
1
-6.123
1
-7.633
1
0.731
0
-3.342
1
18.845
1
7.551
0
9.496
0
5.688
1
-2.368
0
-0.428
0
-15.608
1
-17.174
0
-4.413
1
-23.717
0
6.601
1
-15.08
1
-24.259
1
-28.953
0
-1.278
1
-21.751
1
0.817
0
3.739
14.426
1
-19.313
1
13.917
0
-8.179
1
-9.461
0
3.473
0
-7.003
1
2.274
1
-30.202
1
-22.133
1
-37.967
0
1.68
1
-15.966
0
-7.331
0
4.507
1
-30.876
1
-3.336
0
-2.286
0
1.712
1
-18.036
1
-6.916
1
-2.513
1
0.792
1
-16.517
0
-0.475
0
-21.982
1
-17.561
1
-17.581
0
19.721
0
9.778
0
14.426
-30.182
0
4.603
0
12.918
1
-13.539
0
-27.594
1
5.537
1
-8.587
1
-17.121
1
1.228
0
-0.33
1
-12.333
1
-3.953
0
-21.24
0
-2.954
0
-6.706
0
10.312
0
-9.904
0
-3.886
1
-10.68
0
1.972
1
-0.633
1
-14.329
1
3.422
0
5.984
1
8.722
0
0.216
0
10.497
1
3.099
0
1.268
0
-21.045
0
-30.182
-19.815
0
-10.281
1
-6.085
1
-0.635
1
0.267
1
3.742
1
-34.247
0
-16.472
1
-6.045
0
-11.355
0
-8.668
1
-5.982
1
0.79
0
-2.362
1
0.015
0
-13.766
0
-8.086
0
-14.046
0
0.47
0
-15.568
1
-12.081
1
17.7
1
5.392
0
2.295
0
-12.03
0
-15.95
1
4.673
0
-20.777
0
0.049
1
-0.645
0
-19.815


7.687
1
-21.988
0
-1.403
0
15.363
1
-5.024
1
-11.548
1
-8.949
1
-46.709
1
-30.78
1
-11.226
0
-0.863
1
-12.345
0
-23.556
0
-7.135
1
-18.885
1
-10.249
1
-17.13
1
-10.259
0
-1.797
0
-3.164
1
-0.188
1
-18.496
1
-2.325
0
-4.115
0
0.604
0
-0.064
1
-24.611
1
6.566
1
16.905
0
-10.863
1
7.687
-5.749
1
-1.336
0
2.137
1
-0.718
0
-4.613
1
1.951
0
10.639
0
-1.176
0
9.92
1
-6.107
0
0.929
0
-19.671
1
10.82
0
-9.185
1
-12.001
0
-11.583
1
-21.145
1
7.116
1
15.752
1
39.228
0
1.391
0
2.01
0
0.366
0
7.938
0
7.362
1
1.267
0
1.378
1
-20.256
0
-0.696
0
-18.736
1
-5.749
18.001
1
-7.268
0
-0.827
1
0.85
0
19.737
1
-0.427
0
-19.184
0
-0.674
0
0.959
1
4.181
0
-19.283
0
-0.784
0
-6.563
0
-10.272
1
-10.901
0
-5.746
0
-12.087
0
-0.034
1
-12.8
1
-11.903
1
-2.103
1
5.168
0
5.854
0
6.609
1
-19.121
0
-0.762
0
-0.335
1
0.963
0
11.821
1
0.577
0
18.001
-31.308
0
0.258
0
-26.922
0
-12.199
0
3.483
0
1.887
0
-7.035
1
-9.037
0
-2.622
1
-2.065
0
-11.919
1
18.57
0
6.189
0
3.755
1
2.55
0
-2.82
1
4.81
1
-12.991
1
5.226
0
-0.709
0
4.458
1
-30.978
0
-0.722
1
1.84
1
-3.772
0
1.525
1
-3.478
1
-13.452
1
-5.345
0
5.055
1
-31.308
18.62
1
0.258
0
-0.833
0
17.236
0
-7.313
1
-18.145
0
-12.203
0
-7.981
0
-17.05
0
-0.221
0
12.581
0
2.807
0
-24.569
1
-2.51
1
-1.597
1
-4.769
0
-4.445
0
6.995
0
13.533
1
-26.033
0
-8.804
0
0.195
1
-29.672
1
-2.862
1
-9.718
1
-12.968
0
23.712
1
12.076
1
11.436
0
-5.847
1
18.62
10.919
1
-15.793
0
5.494
0
6.667
1
1.465
1
-9.52
0
2.488
0
6.717
0
11.732
0
-10.908
1
7.573
1
-12.011
0
-3.982
1
-1.046
0
1.512
0
0.224
0
2.452
1
6.456
0
0.819
0
-11.449
1
-22.487
1
-17.524
1
7.418
1
16.334
0
-0.684
1
-6.982
0
-5.959
0
-20.773
0
9.784
1
18.361
0
10.919


-21.576
0
-3.883
0
-0.704
1
4.375
0
0.274
0
-3.533
1
-12.656
1
-9.024
0
-9.235
1
3.776
1
-17.924
1
-5.939
0
-0.234
0
-13.398
0
-8.143
1
-6.057
0
-18.678
0
-11.407
0
-5.563
1
-7.726
1
-11.114
0
-3.62
0
-9.826
1
3.702
0
4.186
0
-24.284
0
-7.421
0
-4.35
0
-3.335
1
-11.388
0
-21.576
-20.513
1
-7.204
1
-12.951
1
1.792
0
-1.697
1
7.658
1
-0.304
0
-32.612
1
0.136
1
28.311
1
16.982
1
4.355
0
-16.238
1
9.62
1
28.711
1
-7.229
1
17.399
1
-22.483
1
-13.271
1
-20.21
1
-27.71
0
7.592
1
-20.355
1
-5.384
0
-0.687
1
-10.736
0
-9.093
0
-11.426
0
-20.112
0
-42.269
1
-20.513
-22.014
1
0.14
0
-22.841
1
-25.906
0
-2.986
1
0.1
0
-0.168
0
3.695
1
-5.236
0
-18.872
1
-1.041
1
-19.115
0
0.924
0
14.999
0
-0.513
0
-8.304
1
-34.243
0
13.397
1
-17.164
0
-0.12
1
5.322
1
-6.149
0
-0.336
0
2.314
1
6.546
1
-1.026
0
-13.267
0
-0.864
0
11.818
0
2.904
1
-22.014
-6.054
1
1.437
1
3.439
1
-9.037
1
-10.727
0
-39.749
0
-6.866
0
-13.579
0
-27.634
1
-1.929
0
1.034
0
-1.215
1
-18.727
1
0.648
0
-0.727
1
-6.216
0
-4.116
0
-32.649
1
-14.09
1
-0.803
0
-4.893
0
-12.269
0
-1.276
1
-11.911
0
6.292
1
-23.989
0
0.071
1
10.572
1
-9.578
1
-11.291
1
-6.054
-15.807
0
-14.23
0
-0.091
0
-11.596
1
-39.607
0
-26.309
0
-20.766
1
-8.434
1
12.072
0
-26.538
1
-20.235
0
-10.096
1
-22.736
1
-2.29
0
2.223
0
3.743
0
-2.116
1
5.29
1
-1.596
1
-0.306
0
-0.728
1
1.982
1
-4.844
1
21.49
0
2.473
1
-0.102
1
-18.931
0
0.829
0
-3.807
0
-9.274
1
-15.807
-31.683
1
-9.14
1
1.568
1
-0.93
1
-2.241
1
-3.343
0
-10.273
1
18.706
0
8.99
1
16.988
1
-12.887
0
-5.68
1
-24.495
1
-19.009
0
-30.16
0
-1.673
0
0.307
0
-17.316
0
-18.051
1
1.816
1
-0.568
0
23.765
1
2.685
0
-1.887
0
-7.004
0
-0.075
0
-0.814
1
-3.273
0
-0.304
0
-10.2
0
-31.683


1.178
0
-0.952
0
0.569
0
-0.424
1
6.109
1
-5.485
0
0.767
0
0.259
0
-0.402
0
0.276
1
-0.333
1
-2.587
1
-4.34
1
-1.329
0
-0.393
1
0.925
0
-0.384
0
-0.461
0
0.572
0
0.856
0
0.395
1
-3.498
0
-0.076
0
0.783
0
-0.269
1
-4.986
0
0.7
0
0.635
0
-0.695
0
-0.483
0
1.178


0
0
0.255
0
0.615
0
0.484
0
0.286
0
-0.979
0
-0.161
0
0.556
0
0.87
0
-0.895
0
-0.171
0
0.266
0
0.0599999
0
-0.711
0
0.537
0
-0.863
0
0.305
0
-0.00700003
0
0.518
0
0.107
0
-0.79
0
-0.919
0
-0.659
0
-0.293
0
0.477
0
0.703
0
-0.878
0
-0.99
0
-0.068
0
0.206
0
0
0
0
-0.941
0
-0.177
0
0.915
0
0.33
0
0.765
0
-0.753
0
-0.786
0
0.995
0
-0.613
0
-0.967
0
-0.694
0
-0.41
0
0.071
0
0.469
0
-0.759
0
-0.606
0
0.934
0
0.178
0
-0.934
0
0.923
0
0.092
0
-0.321
0
-0.082
0
-0.724
0
0.165
0
0.672
0
-0.485
0
0.768
0
0.945
0
0
0
0
0.00300002
0
0.735
0
0.306
0
0.712
0
-0.107
0
0.541
0
-0.852
0
0.554
0
0.095
0
-0.529
0
-0.09
0
0.066
0
-0.871
0
0.0140001
0
0.43
0
-0.43
0
0.891
0
-0.013
0
0.208
0
-0.053
0
-0.109
0
-0.316
0
-0.875
0
-0.496
0
0.854
0
0.702
0
0.218
0
-0.437
0
-0.358
0
0
0
0
-0.768
0
0.195
0
0.343
0
0.126
0
-0.305
0
0.764
0
-0.809
0
0.492
0
-0.323
0
0.601
0
-0.919
0
0.046
0
-0.475
0
-0.709
0
0.857
0
-0.00300002
0
-0.918
0
0.516
0
0.0650001
0
0.013
0
-0.735
0
0.892
0
0.842
0
-0.046
0
-0.243
0
0.13
0
-0.013
0
0.612
0
0.715
0
0
0
0
-0.000999987
0
0.607
0
-0.985
0
-0.732
0
-0.979
0
-0.85
0
-0.423
0
-0.989
0
-0.488
0
-0.386
0
-0.391
0
0.817
0
-0.933
0
-0.533
0
0.452
0
-0.945
0
0.153
0
-0.517
0
-0.491
0
0.871
0
0.368
0
-0.044
0
-0.691
0
0.374
0
0.559
0
-0.916
0
0.376
0
0.553
0
0.598
0
0
0
0
0.731
0
0.604
0
0.523
0
-0.969
0
-0.93
0
-0.265
0
0.431
0
-0.302
0
0.856
0
0.135
0
0.613
0
0.103
0
-0.848
0
0.212
0
0.972
0
0.796
0
0.393
0
0.81
0
-0.772
0
-0.539
0
-0.946
0
-0.942
0
0.556
0
0.496
0
-0.354
0
-0.669
0
0.805
0
0.288
0
-0.885
0
0
0
0
0.855
0
-0.435
0
0.707
0
-0.341
0
-0.374
0
0.716
0
0.626
0
-0.28
0
-0.768
0
0.606
0
0.146
0
-0.166
0
0.955
0
0.27
0
0.194
0
0.72
0
0.938
0
-0.626
0
0.809
0
-0.78
0
-0.146
0
-0.866
0
-0.822
0
-0.335
0
-0.693
0
0.285
0
0.054
0
0.224
0
0.145
0
0
0
0
0.339
0
-0.388
0
0.255
0
-0.00400001
0
0.374
0
-0.391
0
0.279
0
-0.936
0
0.803
0
-0.213
0
-0.369
0
0.096
0
0.725
0
-0.148
0
0.69
0
-0.661
0
-0.241
0
0.999
0
0.599
0
-0.083
0
-0.419
0
-0.714
0
0.27
0
0.672
0
0.251
0
-0.665
0
0.937
0
0.208
0
-0.139
0
0
0
0
0.11
0
0.847
0
-0.204
0
0.761
0
0.317
0
-0.218
0
0.604
0
-0.457
0
0.497
0
-0.474
0
-0.294
0
-0.144
0
0.393
0
0.878
0
-0.86
0
-0.891
0
-0.246
0
0.433
0
0.603
0
-0.149
0
-0.402
0
0.878
0
-0.826
0
0.567
0
-0.74
0
-0.654
0
0.908
0
0.81
0
0.202
0
0
0
0
0.878
0
0.881
0
-0.142
0
0.63
0
-0.702
0
-0.784
0
0.674
0
0.123
0
-0.141
0
0.915
0
0.875
0
0.535
0
0.236
0
0.677
0
-0.131
0
0.745
0
-0.37
0
0.852
0
-0.082
0
0.878
0
0.243
0
-0.524
0
0.895
0
-0.875
0
0.464
0
-0.329
0
0.046
0
-0.142
0
-0.934
0
0


7.327
0
0.609
1
-15.578
1
9.501
0
0.646
0
0.892
0
-0.777
1
-6.189
0
-1.624
1
-2.524
1
-2.12
0
-9.856
0
-0.657
0
-0.6
0
-26.998
1
7.969
1
-15.037
0
-4.633
1
-6.453
0
1.104
1
-19.508
0
-0.094
1
-7.455
0
8.482
1
2.806
0
0.609
1
-4.121
0
-20.812
0
-22.85
1
-5.662
1
7.327
-15.836
1
-5.684
0
2.745
0
-5.525
0
-9.516
0
-2.658
0
0.9
1
-24.3
1
-11.748
0
-17.034
1
-17.502
1
2.971
1
-20.025
0
19.14
0
-10.127
1
-23.701
0
3.114
0
-14.388
1
-7.118
1
7.648
1
-9.162
1
-11.768
0
-11.081
0
0.915
1
-9.618
0
-24.724
0
-5.698
1
-1.862
1
4.094
1
-2.617
1
-15.836
3.504
1
-16.157
0
2.871
1
-2.281
1
-23.747
1
-17.995
0
-1.891
1
-25.252
0
-17.071
0
-0.381
1
-10.5
1
-4.696
1
-14.371
1
-31.057
1
-2.042
1
-0.346
1
-26.777
1
10.626
0
-0.382
1
11.377
0
-0.089
0
-14.996
0
-0.075
1
-11.126
0
-6.452
0
-2.838
1
-36.049
1
3.734
0
-19.056
0
-16.46
0
3.504
-7.215
0
-19.032
1
-4.996
1
-10.311
1
-20.208
0
-5.873
1
-28.98
1
-7.096
1
-6.452
0
3.642
1
1.11
1
-14.487
1
4.554
1
11.865
0
-5.022
0
2.656
1
-5.557
0
2.608
1
-7.032
1
-7.254
0
-1.853
1
-9.563
1
-8.74
0
0.969
1
-6.353
1
4.814
1
-21.213
0
-5.34
1
-6.224
1
11.274
0
-7.215
3.022
1
0.981
1
-13.825
1
-6.141
1
-5.009
1
-1.41
0
3.568
1
-0.052
0
11.019
0
-12.085
0
0.06
0
3.488
1
-14.126
0
-4.155
0
-0.324
0
-15.122
1
14.142
0
-2.428
1
-3.105
1
-11.023
1
6.557
0
0.202
0
0.665
1
10.047
0
-6.422
0
-16.356
0
6.967
0
-11.453
1
6.628
0
1.639
0
3.022
-6.51
0
-14.384
1
-4.399
0
3.567
0
-5.078
1
-28.188
0
2.3
0
-9.126
0
0.686
1
-11.761
0
-15.983
1
-0.022
0
-2.468
0
-7.232
0
1.712
1
-15.788
1
-18.685
1
1.002
1
-18.582
1
-12.018
1
-4.656
0
-11.344
0
14.925
1
-4.481
1
0.344
0
-11.895
0
-11.862
0
1.827
0
-20.376
0
-3.662
0
-6.51


0.32
0
0.976
0
-0.893
0
0.61
1
-0.575
1
-6.883
0
0.8
0
0.383
0
0.476
0
-0.703
0
-0.714
1
-10.45
1
-1.993
1
-3.298
1
0.626
1
1.451
0
-0.725
0
-0.761
1
5.465
1
-14.198
1
12.298
0
-21.988
1
-1.052
0
-28.323
0
-0.924
0
-5.896
1
-2.245
1
-11.627
0
-15.085
1
16.169
0
0.32
-11.148
1
-20.854
1
-18.067
1
-4.786
1
-32.895
0
9.536
0
2.675
1
-12.087
1
-0.215
0
-10.115
0
9.869
1
1.021
0
-25.005
0
2.041
0
-16.773
1
-5.855
0
-9.789
0
9.692
1
-34.267
1
-21.457
0
2.403
0
-3.218
0
-4.124
0
12.478
0
29.655
0
-0.5
0
2.526
0
-8.986
0
-15.558
0
2.825
1
-11.148
-0.813
1
0.088
1
0.882
1
-25.397
0
1.129
0
-8.154
1
1.009
1
-15.174
1
-30.194
1
3.489
1
-5.205
0
3.427
1
-30.237
0
-0.975
0
-0.175
1
2.925
0
4.101
1
-13.177
0
3.926
1
-3.707
1
-3.726
1
-5.518
1
-7.434
0
5.636
0
-0.136
1
-8.351
1
-4.225
1
-11.45
0
-25.301
1
-10.498
0
-0.813
-21.418
0
0.602
0
1.72
0
2.108
0
-0.149
0
-22.124
0
-5.551
1
-12.358
0
-4.213
0
19.525
1
-21.85
0
-0.172
0
-17.123
0
-3.927
1
-17.237
0
-0.52
1
-18.885
0
-0.72
0
3.475
1
-10.95
0
-2.362
1
10.351
1
-13.452
1
-6.253
1
4.153
1
-24.074
0
-5.94
0
-2.284
1
0.015
1
-6.27
0
-21.418
-12.462
1
0.726
1
-18.323
1
3.903
0
-5.522
0
24.112
0
32.133
1
-0.402
1
-9.193
1
-0.782
1
-6.778
1
3.031
0
7.278
0
-14.973
0
-19.58
1
3.134
1
-13.089
1
-12.64
0
-11.224
0
-8.662
0
-7.011
1
-3.464
1
1.659
0
-0.122
0
-3.116
0
-16.403
1
-20.303
0
6.896
0
-0.203
0
6.976
0
-12.462
12.396
1
-11.481
0
-13.518
0
-0.063
0
-27.15
1
7.484
1
10.122
1
-3.001
1
-8.264
1
-7.226
1
-15.083
0
3.427
1
6.11
1
-15.785
1
10.435
1
10.448
1
6.725
0
-0.25
1
1.709
0
3.57
1
-11.048
1
-4.726
0
-19.87
0
-9.933
0
-4.471
1
23.297
0
-1.331
0
23.018
1
-4.209
0
-0.405
0
12.396


-5.936
1
-45.389
0
2.927
0
-2.758
1
-0.13
0
5.381
0
-2.362
0
-6.006
0
10.134
0
-0.855
0
10.812
0
4.672
1
-6.978
1
-9.561
0
-14.637
1
-9.801
1
-25.512
0
2.967
1
-8.991
1
-0.292
0
-8.04
1
0.769
0
3.884
0
6.847
0
19.724
1
8.15
1
-8.345
0
-5.175
0
-2.487
1
-3.956
1
-5.936
6.497
0
0.979
1
-21.405
0
-4.321
1
-5.76
1
-10.685
0
-1.609
0
0.0779999
1
-12.699
1
-24.052
0
-5.869
0
-15.275
1
29.267
1
-8.039
0
-1.142
0
-19.547
0
-0.136
1
-11.739
0
-24.018
1
9.806
1
-17.525
1
-25.894
0
-4.785
0
6.003
1
-0.855
1
-0.427
1
6.419
1
-3.704
0
-14.454
1
-2.937
1
6.497
-3.943
0
-15.815
0
-14.583
1
0.758
1
-4.86
0
-7.437
0
-1.757
1
-31.195
1
-18.662
1
-10.711
1
-1.031
1
-12.972
1
-13.805
0
0.344
1
12.797
0
-2.748
1
-10.18
1
-1.037
1
-9.805
0
-11.249
0
-7.791
0
-25.59
0
5.774
0
-3.693
0
9.292
0
1.13
0
-1.738
0
-18.451
1
-6.782
1
-43.742
0
-3.943
-9.565
1
-15.613
0
-6.888
1
5.675
1
-13.882
0
-41.092
1
-24.066
1
-21.668
0
4.576
0
-6.688
0
-5.023
1
-32.618
1
-39.795
0
-3.731
1
12.028
1
3.716
0
-18.071
1
18.999
1
-21.19
1
-7.665
1
-20.47
0
8.293
0
-2.359
1
0.569
0
-11.056
0
-9.368
0
0.456
1
26.344
0
-7.797
1
4.569
1
-9.565
9.968
1
-11.494
0
0.73
1
-21.522
1
-34.594
0
0.899
0
-21.623
1
-7.112
0
-0.032
1
-8.917
1
-28.484
0
2.836
0
9.149
0
-0.419
1
-1.639
1
-3.16
1
-30.027
0
-0.083
0
7.9
1
-14.404
1
-7.261
1
10.23
0
-7.935
0
-27.422
0
-25.231
1
4.205
0
-18.545
1
15.93
1
-34.639
0
-7.393
1
9.968
-4.986
0
-13.606
1
-1.655
1
-7.689
0
-10.389
0
-8.374
1
5.097
1
-8.511
1
-16.817
1
8.715
0
-0.176
1
-3.45
0
2.783
1
-5.583
0
-14.197
1
-2.288
0
-0.343
1
4.371
1
-23.406
0
2.56
0
2.179
1
-11.726
1
-0.398
1
16.847
1
-17.766
0
-10.876
0
-16.811
1
-13.68
0
-10.3
1
-9.802
1
-4.986


0.987
0
0.081
0
0.57
0
-0.444
0
-0.653
1
-6.66
0
-0.893
0
-0.836
0
0.594
1
-0.434
0
-0.941
0
-6.525
0
-0.871
0
0.392
0
-0.791
1
-0.086
0
-0.742
1
-2.006
1
-4.885
0
-0.637
1
1.568
0
0.92
0
-0.089
0
0.872
0
0.168
1
-0.285
0
-0.654
1
-0.216
1
0.56
0
-0.479
1
0.987


0
0
-0.548
0
-0.569
0
0.185
0
-0.375
0
0.005
0
-0.135
0
-0.722
0
-0.179
0
0.328
0
0.751
0
0.0700001
0
0.385
0
0.128
0
0.097
0
0.11
0
-0.009
0
-0.049
0
0.653
0
-0.988
0
-0.631
0
-0.737
0
-0.271
0
-0.391
0
0.562
0
0.552
0
-0.522
0
-0.698
0
-0.726
0
-0.779
0
0
0
0
-0.408
0
-0.862
0
0.979
0
0.801
0
-0.509
0
0.137
0
-0.2
0
0.073
0
-0.966
0
-0.867
0
0.416
0
0.161
0
-0.939
0
-0.858
0
0.152
0
-0.287
0
-0.037
0
0.991
0
-0.00300002
0
0.673
0
-0.427
0
-0.036
0
-0.638
0
0.781
0
0.531
0
0.192
0
0.56
0
0.614
0
-0.451
0
0
0
0
-0.518
0
-0.147
0
-0.274
0
-0.495
0
0.357
0
-0.469
0
-0.926
0
-0.203
0
-0.904
0
-0.775
0
-0.631
0
0.669
0
0.905
0
-0.879
0
0.724
0
0.487
0
0.362
0
0.363
0
0.664
0
0.451
0
0.59
0
0.563
0
0.115
0
-0.474
0
-0.279
0
0.651
0
-0.078
0
-0.422
0
-0.824
0
0
0
0
-0.792
0
-0.718
0
-0.269
0
-0.906
0
0.185
0
-0.323
0
0.698
0
0.617
0
-0.279
0
-0.589
0
0.948
0
0.196
0
0.845
0
0.342
0
0.493
0
0.514
0
0.839
0
-0.19
0
-0.031
0
-0.399
0
-0.297
0
0.818
0
0.668
0
0.924
0
0.02
0
-0.314
0
-0.958
0
0.039
0
0.763
0
0
0
0
0.859
0
-0.633
0
-0.981
0
-0.35
0
0.163
0
0.29
0
-0.257
0
0.695
0
0.917
0
-0.693
0
-0.765
0
-0.11
0
-0.955
0
0.841
0
-0.719
0
-0.446
0
0.039
0
-0.417
0
0.816
0
0.852
0
0.244
0
0.768
0
0.805
0
0.663
0
0.718
0
-0.412
0
-0.757
0
-0.576
0
0.343
0
0
0
0
0.991
0
0.719
0
0.0190001
0
-0.736
0
0.866
0
0.589
0
0.277
0
0.773
0
0.137
0
-0.288
0
-0.764
0
0.255
0
-0.198
0
-0.378
0
-0.423
0
-0.847
0
-0.106
0
0.412
0
0.504
0
0.22
0
-0.549
0
0.695
0
0.151
0
0.464
0
-0.693
0
0.179
0
0.544
0
0.272
0
0.349
0
0
0
0
0.005
0
-0.941
0
-0.425
0
-0.733
0
-0.874
0
-0.996
0
0.763
0
0.698
0
0.839
0
-0.838
0
-0.608
0
0.0599999
0
0.543
0
0.038
0
0.829
0
0.228
0
-0.914
0
-0.141
0
0.169
0
0.793
0
-0.593
0
-0.96
0
0.867
0
0.147
0
-0.902
0
-0.958
0
0.641
0
0.141
0
-0.035
0
0
0
0
-0.868
0
0.62
0
0.418
0
-0.245
0
0.623
0
-0.969
0
0.214
0
0.279
0
0.36
0
0.011
0
0.049
0
0.703
0
0.202
0
0.411
0
-0.755
0
-0.925
0
-0.238
0
0.369
0
-0.065
0
-0.106
0
-0.485
0
-0.161
0
-0.278
0
-0.896
0
-0.691
0
-0.757
0
0.291
0
-0.975
0
-0.955
0
0
0
0
0.792
0
0.075
0
0.653
0
-0.682
0
-0.829
0
0.24
0
-0.054
0
0.553
0
-0.697
0
-0.441
0
-0.245
0
-0.17
0
-0.493
0
0.262
0
0.252
0
-0.025
0
-0.496
0
0.172
0
-0.015
0
0.132
0
-0.405
0
0.677
0
0.759
0
-0.799
0
-0.442
0
-0.788
0
0.828
0
0.694
0
0.139
0
0
0
0
0.847
0
0.707
0
-0.918
0
-0.066
0
-0.315
0
0.391
0
-0.322
0
-0.617
0
-0.626
0
-0.332
0
-0.848
0
0.462
0
0.752
0
0.02
0
-0.983
0
-0.231
0
0.54
0
0.763
0
-0.294
0
-0.618
0
0.136
0
0.863
0
0.624
0
0.716
0
0.477
0
0.812
0
-0.00700003
0
-0.06
0
-0.429
0
0


-27.492
1
-14.815
0
-4.089
1
12.36
1
9.785
0
-18.366
1
-32.574
1
7.175
0
-29.75
1
-19.863
1
8.491
0
11.92
1
-17.266
0
-11.003
1
-15.042
0
0.024
0
-8.033
1
12.911
1
8.173
0
-20.867
0
-11.646
1
-9.337
1
-21.782
1
-20.166
1
1.292
0
-6.676
1
8.053
1
11.478
1
14.307
1
-23.891
0
-27.492
-13.552
0
2.93
1
-2.423
1
4.779
1
4.914
0
-0.955
0
-0.491
0
-0.789
0
0.621
0
2.627
1
-0.622
1
-2.494
1
-3.543
0
-16.102
0
-25.594
0
3.573
1
-3.291
1
-18.36
0
-4.778
1
6.137
0
9.042
0
-25.198
0
12.244
0
-4.622
0
-2.436
0
31.292
0
-0.443
1
0.677
1
-7.283
0
-0.893
1
-13.552
-19.551
0
-1.694
1
-7.754
1
-5.252
0
-1.467
1
-20.612
0
-7.167
1
-18.005
0
-9.899
1
3.9
0
2.768
0
13.577
0
-6.411
0
0.234
0
-22.495
0
-0.903
1
-11.008
0
-5.56
0
0.164
1
-8.324
1
-3.106
0
0.75
1
-15.547
1
-12.19
0
-10.462
0
7.058
1
-19.37
1
-23.313
0
-0.863
0
-8.635
0
-19.551
-27.169
1
-30.83
1
-14.108
0
-17.007
0
-4.182
0
-0.434
1
-11.007
1
-23.843
1
-18.95
1
9.347
1
-0.25
0
-0.238
0
3.023
1
-7.112
0
-14.545
1
2.626
0
-13.946
0
0.328
1
-15.563
0
-14.412
1
5.085
1
-3.088
1
-19.857
1
-14.102
1
-13.803
1
-13.579
1
-10.348
0
-2.878
0
6.431
1
-4
0
-27.169
21.572
1
-5.571
1
-4.491
1
-38.808
1
-9.744
0
-30.408
0
3.2
0
-8.585
1
3.042
0
-24.827
0
-1.624
0
-11.546
0
-0.387
0
-5.51
1
-1.677
1
-4.337
1
-16.763
1
-0.397
1
-11.461
1
-1.983
1
-7.162
1
2.637
1
-6.813
0
-17.91
1
2.288
0
-2.918
0
-7.535
0
-0.41
0
-4.73
1
-23.537
0
21.572
-22.535
1
-6.086
0
3.477
0
-10.36
0
-17.722
1
-10.407
1
-11.046
0
-33.748
1
-7.163
0
2.99
1
-8.2
1
1.465
0
-7.698
1
-16.939
1
-11.574
0
-0.027
0
-14.257
0
5.634
0
-12.356
0
9.35
0
-5.848
1
40.54
0
0.183
0
-17.526
1
-3.614
1
-8.265
0
-5.838
0
-0.958
1
-19.981
0
9.066
0
-22.535


7.938
1
-18.561
0
17.005
0
0.796
0
-10.243
0
8.115
1
-4.128
0
-1.009
1
-13.655
0
0.265
0
-21.593
1
-8.356
0
0.305
1
4.064
0
4.497
0
-3.88
0
0.709
1
-9.295
1
-20.813
0
5.221
1
21.779
0
-2.086
0
-20.048
1
-20.947
1
-6.968
1
-7.336
0
-4.835
1
-11.745
0
-2.531
1
-0.836
1
7.938
-21.89
0
-10.557
1
4.028
1
-0.279
0
-30.143
0
1.744
1
0.058
0
-0.394
0
-0.216
1
8.174
0
-10.698
1
-16.6
0
-0.443
0
-11.91
0
-2.125
0
0.307
1
-0.63
0
-2.769
0
-22.146
1
-12.24
0
-11.584
1
-9.07
0
-1.463
1
-28.297
1
-10.111
1
6.857
0
-5.466
1
-4.888
0
8.467
1
-23.747
0
-21.89
-29.623
0
0.904
1
-3.551
1
-4.78
1
-1.393
1
-28.231
0
-23.326
0
4.007
0
-0.278
0
-0.342
1
-27.336
0
4.894
1
-31.45
0
7.707
1
-44.59
1
3.218
1
-7.023
1
-7.959
0
2.8
0
-18.416
1
-0.313
0
-18.928
1
-1.961
1
3.54
1
-2.066
0
1.575
1
-12.617
0
-15.195
0
-14.018
1
-5.955
0
-29.623
-36.166
0
-12.498
1
4.429
1
-34.096
0
0.19
0
1.707
1
-5.543
1
-5.508
0
-3.508
0
3.428
0
-7.04
0
5.144
1
15.312
1
-21.911
0
-15.409
1
-13.286
0
-4.091
1
-7.643
0
-17.54
1
12.612
0
1.165
0
-0.381
0
-5.526
0
-1.097
0
-4.935
1
-30.34
1
0.26
1
-12.001
0
1.91
0
-4.346
0
-36.166
-24.425
1
-10.663
1
-7.532
0
12.787
0
8.456
1
-9.554
0
-2.836
1
-27.252
1
10.046
0
-6.463
0
-10.353
1
4.505
1
-13.483
0
1.248
1
2.258
0
-17.849
0
-8.595
1
0.162
0
-6.114
1
-5.718
1
-2.315
0
-4.718
0
-12.221
1
0.46
1
-4.96
1
-14.898
1
-11.878
0
-18.888
0
-15.176
0
-5.054
0
-24.425
6.902
0
-0.156
0
-10.437
1
-0.156
0
-11.482
1
-5.05
0
-28.517
0
10.944
0
-0.507
0
-6.056
0
0.159
1
1.799
1
-19.585
1
10.556
0
-11.975
1
3.537
0
7.668
0
-5.814
1
7.183
1
1.17
1
-10.772
0
-24.804
0
-1.308
0
-3.338
0
8.849
0
-9.419
1
3.875
0
0.173
0
4.634
0
2.278
0
6.902


-7.978
0
3.56
1
-21.001
0
-1.826
1
5.659
1
-20.79
1
2.492
1
-7.984
1
-8.184
1
-15.68
1
-3.045
1
6.911
1
16.301
0
-0.758
1
-19.155
0
-11.712
0
-3.537
1
-3.022
1
0.363
0
-0.349
1
-37.484
0
-2.034
1
6.828
1
-20.16
1
-4.195
0
-9.697
1
-7.435
0
16.918
0
-0.244
0
0.462
1
-7.978
19.653
1
-29.563
1
12.84
0
-5.143
1
-19.375
0
5.881
0
-19.042
1
-3.141
0
-14.309
1
-7.75
0
5.857
0
0.625
1
0.678
1
-21.635
1
-23.375
0
-5.537
1
6.752
1
-14.102
1
-12.28
0
-7.509
1
-3.245
1
-0.072
1
1.49
1
-6.063
1
-10.525
0
-0.901
1
5.878
1
2.844
0
-3.766
0
-6.693
1
19.653
5.804
0
-3.271
0
-0.466
0
-0.124
0
-5.483
0
6.045
1
3.073
0
0.345
1
3.619
1
0.481
0
-0.625
1
4.74
1
-12.209
0
-36.541
1
-1.363
1
-3.807
1
-6.523
1
-2.94
0
5.028
0
11.766
0
-5.701
1
-15.077
1
22.809
0
4.731
0
-13.161
0
-1.797
1
-17.13
1
-13.163
0
-5.543
1
-21.012
0
5.804
-1.389
0
-0.457
0
0.316
0
-0.125
1
-5.376
0
-0.627
0
1.101
0
-0.738
0
0.141
1
-0.544
0
-0.307
0
-3.379
1
1.844
0
-0.794
0
-0.678
0
0.985
0
-0.6
0
0.887
0
-0.543
0
-0.657
0
0.286
0
0.955
0
0.957
0
0.411
1
1.081
1
1.451
0
-1.488
1
2.985
1
16.018
1
-6.41
0
-1.389
8.792
0
-31.244
0
-0.147
1
4.156
1
-0.765
0
-5.241
0
2.405
1
-22.557
1
-46.4
1
-9.626
0
-1.363
0
-4.669
0
3.104
0
-26.41
1
-26.33
1
8.863
0
0.571
0
-1.557
0
-7.175
1
-6.706
1
2.243
1
-3.913
1
-12.855
1
0.642
1
-0.33
0
-10.747
1
-14.3
1
-9.644
1
21.469
1
-17.231
0
8.792
-14.012
1
-19.961
1
19.167
1
0.691
1
-4.215
0
-1.764
0
1.756
0
0.706
1
1.384
1
-13.31
0
-2.235
0
-24.248
0
-8.459
0
-0.563
0
2.508
0
0.327
0
-5.008
1
2.606
0
-14.589
0
-1.387
0
-7.1
1
-21.565
1
-14.208
1
11.794
0
0.194
0
3.932
1
8.282
1
0.388
1
2.635
0
3.23
0
-14.012


0
0
0.183
0
0.873
0
0.225
0
-0.703
0
0.457
1
10.143
0
0.798
0
0.368
0
-0.297
0
0.091
1
-4.014
0
-0.981
0
-0.547
0
-0.487
0
-0.884
0
0.347
1
-0.021
0
-2.169
1
-1.155
0
0.403
1
-3.271
1
3.036
0
-0.82
1
-4.951
0
-0.304
0
1.743
1
1.871
0
-0.261
1
4.102
1
0
