

0
0
-0.11
0
-0.279
0
0.98
0
-0.305
0
0.824
0
-0.576
0
-0.323
0
-0.744
0
-0.509
0
0.303
0
-0.223
0
0.619
0
-0.889
0
0.233
0
-0.716
0
0.0319999
0
-0.85
0
-0.835
0
0.41
0
-0.037
0
0.224
0
-0.68
0
-0.213
0
0.238
0
0.817
0
-0.919
0
0.972
0
-0.287
0
0.938
0
0
0
0
-0.076
0
0.108
0
-0.771
0
0.763
0
0.563
0
0.931
0
-0.019
0
0.69
0
-0.341
0
0.744
0
0.198
0
0.015
0
-0.643
0
0.601
0
0.654
0
0.863
0
-0.448
0
-0.547
0
-0.282
0
-0.367
0
-0.148
0
-0.462
0
0.956
0
0.505
0
0.533
0
0.442
0
-0.286
0
-0.269
0
0.676
0
0
0
0
-0.487
0
0.492
0
0.353
0
0.069
0
-0.746
0
0.427
0
-0.544
0
0.131
0
-0.869
0
-0.08
0
-0.00800002
0
-0.437
0
-0.063
0
-0.18
0
-0.672
0
-0.65
0
-0.623
0
-0.388
0
-0.983
0
-0.937
0
0.897
0
0.838
0
-0.388
0
0.349
0
0.336
0
-0.271
0
-0.286
0
0.189
0
0.00300002
0
0
0
0
-0.176
0
-0.687
0
-0.907
0
0.79
0
0.233
0
-0.564
0
-0.24
0
0.711
0
-0.247
0
0.321
0
0.27
0
0.731
0
-0.362
0
0.482
0
0.627
0
0.099
0
-0.535
0
0.657
0
-0.165
0
0.554
0
0.648
0
-0.256
0
-0.288
0
0.099
0
0.564
0
-0.649
0
-0.964
0
0.594
0
-0.877
0
0
0
0
-0.866
0
-0.512
0
0.859
0
-0.987
0
-0.251
0
-0.607
0
0.95
0
-0.63
0
0.624
0
-0.439
0
0.316
0
-0.498
0
0.617
0
0.88
0
-0.295
0
0.568
0
0.731
0
-0.56
0
0.808
0
-0.826
0
-0.76
0
-0.559
0
-0.392
0
-0.093
0
0.433
0
0.727
0
-0.409
0
0.987
0
-0.031
0
0
0
0
-0.946
0
0.234
0
-0.457
0
0.625
0
0.564
0
-0.283
0
-0.027
0
0.253
0
-0.224
0
0.9
0
0.33
0
-0.861
0
0.36
0
0.235
0
-0.273
0
0.013
0
-0.924
0
0.35
0
0.545
0
-0.865
0
0.532
0
-0.052
0
-0.214
0
-0.497
0
-0.041
0
0.125
0
0.0319999
0
-0.632
0
-0.087
0
0
0
0
-0.303
0
-0.308
0
0.935
0
0.829
0
-0.182
0
0.315
0
0.415
0
-0.691
0
-0.314
0
0.603
0
-0.678
0
0.436
0
0.624
0
0.915
0
-0.904
0
0.3
0
-0.297
0
-0.242
0
-0.602
0
-0.81
0
-0.021
0
-0.322
0
0.173
0
-0.453
0
-0.131
0
0.579
0
-0.305
0
0.0369999
0
0.962
0
0
0
0
0.319
0
-0.887
0
0.397
0
0.796
0
-0.982
0
-0.387
0
0.162
0
0.953
0
0.257
0
0.252
0
-0.35
0
-0.549
0
-0.609
0
-0.199
0
-0.504
0
0.408
0
0.704
0
-0.577
0
0.558
0
-0.373
0
-0.459
0
0.423
0
-0.437
0
-0.588
0
0.268
0
-0.036
0
0.655
0
-0.256
0
-0.864
0
0
0
0
-0.422
0
-0.42
0
-0.429
0
-0.648
0
0.226
0
-0.922
0
-0.541
0
-0.816
0
-0.627
0
0.586
0
0.998
0
0.59
0
0.926
0
-0.301
0
-0.329
0
0.222
0
-0.46
0
-0.51
0
0.941
0
-0.866
0
0.563
0
-0.328
0
-0.022
0
0.468
0
0.551
0
0.71
0
-0.302
0
0.949
0
0.182
0
0
0
0
0.13
0
-0.074
0
0.476
0
-0.986
0
-0.619
0
0.176
0
-0.887
0
0.772
0
0.557
0
0.179
0
-0.722
0
0.395
0
0.503
0
-0.837
0
-0.231
0
0.274
0
0.702
0
-0.445
0
-0.807
0
0.376
0
0.244
0
-0.648
0
0.182
0
0.731
0
-0.303
0
0.64
0
0.847
0
-0.199
0
0.09
0
0


-19.143
1
-16.244
1
-15.055
0
5.623
0
-5.91
1
-4.887
1
2.715
1
-1.881
1
-1.523
1
2.721
0
0.518
0
2.694
0
-0.543
1
-1.641
0
-12.552
1
1.527
0
0.452
0
-2.968
0
-7.187
1
-11.532
0
0.827
0
-2.604
1
-5.641
0
-1.66
0
-38.606
1
17.22
0
-0.278
0
-1.635
1
-4.36
0
0.962
0
-19.143
-5.28
1
-4.136
0
0.813
0
-7.854
1
-4.585
1
-9.692
1
-11.157
1
2.437
0
3.624
1
5.286
0
-5.344
0
-2.032
1
-1.583
1
-10.429
1
-15.441
0
0.498
0
-17.62
1
-28.076
1
-7.122
1
-6.963
0
-0.696
1
-15.017
0
-0.898
0
-3.089
0
0.109
1
-0.909
1
-28.249
1
-9.257
1
-11.53
1
-6.984
0
-5.28
-6.234
0
-0.244
1
-3.299
0
0.377
1
-7.722
0
-0.165
0
-2.368
1
-8.609
1
-7.167
0
-1.203
0
0.314
1
-5.284
1
-1.912
1
-16.137
1
2.214
1
-10.863
1
0.719
1
-15.462
1
-4.833
1
-0.606
0
-1.375
0
-8.885
1
-2.238
0
-3.073
1
-16.569
0
-3.513
1
-13.219
0
-0.165
0
-0.955
0
0.262
0
-6.234
-4.305
0
5.239
0
0.423
0
-2.345
0
-3.243
0
-13.201
0
-0.308
1
12.66
0
-3.345
1
-2.373
1
3.239
0
0.893
1
-4.776
0
-4.502
1
-13.478
1
7.6
0
-0.719
1
5.688
1
-13.882
1
-9.729
1
-2.718
0
-7.94
1
-10.024
0
-11.696
1
-23.602
1
1.29
0
-5.813
1
12.498
0
-1.71
1
-11.284
0
-4.305
-3.005
1
-11.143
0
-0.835
0
0.711
1
-0.379
0
-0.92
1
-13.323
1
5.043
1
-10.013
1
-13.271
0
-7.76
0
3.783
0
-0.655
0
-1.044
0
0.445
1
12.567
1
0.812
1
6.675
0
-26.913
1
6.253
1
-1.691
0
8.314
0
-3.079
0
-5.025
0
-0.35
0
8.524
1
-3.04
0
0.401
0
-6.371
0
-2.519
1
-3.005
-10.47
1
9.817
1
-2.942
1
-5.57
1
-12.778
1
-11.197
1
-13.115
1
-4.731
0
0.699
0
8.07
1
2.392
0
6.604
1
-3.707
1
10.706
1
-5.915
0
-0.567
0
2.81
1
-18.286
1
-9.795
1
5.899
0
-6.092
0
8.397
1
-19.067
0
-8.374
0
-0.679
0
-0.248
1
-13.992
1
2.688
1
-10.554
0
1.537
1
-10.47


-29.252
0
0.828
0
0.25
1
-19.743
0
-16.814
1
-8.271
1
-1.589
1
10.204
1
-1.149
0
-0.469
1
-17.175
0
-10.233
0
0.645
1
-12.467
0
-0.263
1
6.15
1
6.721
1
-7.796
1
2.504
1
4.323
0
0.457
0
-0.497
0
-17.202
0
-8.955
1
1.653
1
15.147
1
3.361
0
11.618
0
-0.602
0
7.646
0
-29.252
-19.998
0
1.457
1
-6.055
1
2.526
0
-0.195
1
0.552
0
3.639
0
-7.401
1
2.198
1
-9.953
0
-0.405
1
-2.823
0
-4.981
1
-0.873
1
4.962
1
-6.166
0
-4.135
0
4.849
1
1.482
0
0.545
1
-9.423
0
0.00699997
1
-2.347
0
-4.773
0
0.255
0
-2.382
1
-1.389
0
-6.831
1
1.146
1
-5.266
1
-19.998
-12.547
0
2.775
1
-4.117
0
5.459
1
-8.818
1
9.827
0
-0.724
0
-6.162
0
-6.269
1
20.513
0
-8.8
0
0.577
0
0.366
0
-0.342
1
2.836
0
-8.876
1
12.878
1
1.91
0
-1.821
1
-4.298
1
-11.247
1
-19.005
1
-1.595
1
-12.42
1
-4.493
0
8.094
1
3.238
0
-21.493
0
-9.148
0
4.993
1
-12.547
-17.03
0
-9.818
1
-5.394
1
-1.429
1
-13.088
1
-54.858
0
-6.934
1
5.78
0
0.403
0
-0.317
0
1.639
0
-8.692
0
-9.664
0
0.271
0
1.732
0
-3.056
1
-22.74
1
-0.829
0
-3.479
0
-23.164
1
-13.147
0
0.1
0
-16.961
0
4.829
0
-1.763
0
-6.817
1
-14.463
1
-12.67
1
-4.034
0
0.834
0
-17.03
4.465
0
-10.032
1
-8.702
1
0.46
1
0.731
0
-0.139
0
-9.996
0
1.87
0
0.177
0
-0.513
0
-7.162
0
-2.498
0
-14.901
0
-2.61
1
-9.842
1
-8.424
1
3.839
1
-6.885
0
-5.302
1
-3.465
0
11.158
1
-3.783
0
-18.023
1
-3.768
1
4.29
0
-3.643
1
-20.095
1
-10.221
1
-18.69
0
-22.896
1
4.465
2.621
1
-3.647
1
3.317
0
-1.614
1
-3.64
0
1.665
1
-15.118
1
-3.629
1
3.097
1
7.149
0
-12.223
1
-6.827
1
-3.469
1
17.308
1
-7.754
0
-2.276
1
-0.618
1
3.848
1
-10.562
0
7.03
0
-9.757
0
-1.502
1
-1.407
0
0.136
0
5.085
0
-0.853
1
-3.853
1
-4.23
0
-0.651
1
2.768
0
2.621


-3.092
1
-9.599
1
0.591
1
-3.207
1
-18.637
1
-16.598
1
-9.004
1
-13.546
1
-3.369
1
6.865
1
-16.701
1
-12.113
0
0.318
1
-5.015
0
0.0779999
0
0.687
1
-11.061
1
-7.275
1
6.354
1
16.887
1
7.885
1
-3.993
0
0.052
1
-23.92
0
6.545
1
-1.344
0
-0.165
0
0.356
1
-0.01
0
-5.018
0
-3.092
1.872
0
-2.586
1
-12.176
0
-0.428
1
-6.443
0
3.307
0
-14.872
0
-4.391
0
-3.383
0
-0.595
0
-2.656
1
-15.482
0
0.39
0
0.453
0
-0.389
0
-12.12
1
-2.613
0
-0.132
1
13.42
1
-4.59
1
3.459
0
-0.124
1
-15.486
1
1.586
0
-2.91
1
-21.63
0
-0.921
1
-15.538
1
-4.136
1
2.502
1
1.872
-20.642
1
11.325
1
3.78
0
-2.175
0
-0.401
1
-0.532
1
-9.714
1
-10.636
0
4.374
1
1.128
0
0.565
1
-0.775
0
0.688
1
0.171
1
-17.839
0
-1.351
1
-0.354
1
2.777
0
0.349
1
-32.01
1
-8.698
1
-13.677
0
1.148
0
-0.723
0
0.417
1
0.332
0
-6.182
0
-4.34
1
-13.338
0
8.363
0
-20.642
-6.372
1
-7.811
0
3.111
0
-3.761
0
-0.436
0
-0.825
0
-2.915
1
-12.15
1
-0.826
1
-9.921
0
-0.565
0
-8.739
1
-1.744
1
1.604
0
0.995
1
-36.36
1
1.465
0
-0.744
1
-1.887
0
4.631
1
-0.873
0
9.659
1
3.517
0
-0.614
1
6.099
0
-0.206
0
-14.491
0
-0.737
1
-3.739
1
16.616
0
-6.372
6.255
1
-2.376
1
4.334
0
-5.529
0
1.01
0
0.051
0
2.426
1
-2.491
0
-2.335
0
4.463
0
-18.426
1
-0.228
1
-9.785
1
-4.19
1
7.048
0
0.25
1
-7.389
1
-13.201
1
-3.135
1
1.958
0
-2.4
1
-5.591
1
-9.268
1
11.005
1
-6.676
1
-24.307
1
1.838
0
-1.848
1
-5.525
1
-9.848
1
6.255
-7.252
0
-0.086
0
4.919
1
-11.102
1
-15.889
0
0.598
0
-4.865
1
-13.573
0
-0.257
0
-0.534
1
0.805
0
-0.984
1
-6.362
0
-2.332
0
-23.476
0
2.547
1
8.573
0
0.986
1
-10.148
1
7.395
0
-19.309
0
0.973
0
-6.354
0
-4.141
0
-1.663
0
-4.578
1
5.603
0
-1.476
0
-2.166
0
-11.884
1
-7.252


0.007
0
-0.299
0
0.742
0
-0.71
0
0.15
0
-0.26
0
-0.05
0
0.142
0
0.059
1
-0.768
0
-0.285
1
-16.57
0
0.0700001
0
-0.732
0
-6.329
0
-0.342
0
0.839
0
0.386
0
0.335
0
-0.323
0
0.495
0
-0.726
0
0.824
0
0.609
0
-0.425
1
-0.029
0
0.041
0
-0.809
0
0.641
0
0.423
1
0.007


0
0
-0.293
0
0.217
0
0.801
0
0.099
0
-0.438
0
0.862
0
-0.395
0
0.23
0
0.752
0
0.716
0
-0.454
0
0.735
0
-0.695
0
-0.238
0
0.081
0
-0.91
0
-0.113
0
0.137
0
-0.934
0
0.679
0
0.389
0
-0.449
0
0.242
0
-0.846
0
0.805
0
-0.19
0
-0.358
0
0.883
0
0.12
0
0
0
0
0
0
0.519
0
-0.85
0
0.791
0
-0.16
0
-0.561
0
0.959
0
-0.623
0
-0.231
0
-0.774
0
0.167
0
-0.449
0
-0.821
0
-0.036
0
0.903
0
-0.00199997
0
0.575
0
-0.709
0
-0.212
0
0.488
0
0.603
0
-0.493
0
0.084
0
-0.094
0
0.951
0
0.393
0
0.864
0
0.00899994
0
0.133
0
0
0
0
0.334
0
0.684
0
0.0700001
0
0.985
0
0.254
0
0.933
0
0.697
0
-0.174
0
0.407
0
0.218
0
-0.166
0
0.305
0
0.072
0
0.364
0
0.00699997
0
0.937
0
0.745
0
-0.924
0
-0.24
0
-0.84
0
-0.597
0
-0.852
0
-0.549
0
0.846
0
-0.607
0
0.366
0
0.934
0
0.704
0
0.911
0
0
0
0
0.6
0
-0.078
0
0.02
0
-0.367
0
-0.673
0
0.56
0
-0.068
0
0.176
0
0.366
0
0.481
0
-0.511
0
-0.505
0
0.721
0
-0.562
0
-0.969
0
0.32
0
0.461
0
0.089
0
0.249
0
0.66
0
0.644
0
0.99
0
0.514
0
-0.189
0
0.022
0
0.184
0
-0.849
0
-0.938
0
0.554
0
0
0
0
-0.702
0
0.222
0
0.031
0
0.815
0
0.368
0
0.891
0
-0.076
0
0.683
0
0.22
0
-0.26
0
-0.458
0
-0.826
0
0.555
0
-0.192
0
0.984
0
-0.939
0
-0.24
0
-0.738
0
-0.506
0
-0.107
0
0.176
0
-0.887
0
0.198
0
0.965
0
-0.316
0
0.516
0
-0.083
0
-0.957
0
0.831
0
0
0
0
0.00300002
0
-0.815
0
-0.109
0
0.974
0
0.631
0
-0.981
0
0.867
0
-0.429
0
0.636
0
-0.86
0
-0.637
0
0.927
0
-0.383
0
-0.756
0
0.437
0
0.895
0
0.398
0
0.687
0
-0.014
0
0.585
0
0.562
0
-0.853
0
-0.994
0
0.061
0
-0.867
0
0.902
0
-0.209
0
-0.069
0
-0.544
0
0
0
0
0.789
0
-0.751
0
0.802
0
-0.688
0
0.454
0
-0.989
0
0.986
0
0.783
0
0.804
0
0.838
0
0.289
0
-0.02
0
-0.03
0
0.379
0
-0.926
0
0.585
0
-0.103
0
0.282
0
0.196
0
0.465
0
-0.551
0
0.487
0
-0.000999987
0
0.94
0
0.154
0
0.483
0
-0.736
0
-0.432
0
-0.745
0
0
0
0
-0.167
0
-0.723
0
0.278
0
0.382
0
0.284
0
-0.128
0
-0.821
0
-0.748
0
-0.424
0
0.239
0
0.401
0
0.219
0
-0.177
0
-0.135
0
-0.07
0
-0.713
0
0.404
0
0.497
0
0.626
0
-0.343
0
0.629
0
0.03
0
-0.116
0
-0.958
0
-0.294
0
0.597
0
-0.227
0
-0.388
0
-0.642
0
0
0
0
-0.299
0
0.894
0
-0.107
0
-0.502
0
0.893
0
-0.672
0
0.323
0
0.807
0
0.69
0
0.358
0
0.269
0
0.804
0
-0.246
0
0.147
0
-0.196
0
-0.505
0
-0.366
0
-0.851
0
-0.724
0
-0.9
0
0.404
0
-0.877
0
-0.96
0
0.185
0
0.942
0
0.433
0
-0.409
0
-0.332
0
-0.784
0
0
0
0
-0.556
0
-0.347
0
-0.331
0
0.646
0
-0.619
0
0.039
0
-0.013
0
-0.937
0
0.32
0
0.525
0
-0.656
0
-0.635
0
0.825
0
0.918
0
0.464
0
-0.398
0
0.747
0
0.058
0
-0.212
0
0.132
0
-0.255
0
0.51
0
-0.075
0
0.584
0
0.503
0
-0.983
0
0.729
0
0.647
0
0.129
0
0


-7.031
0
0.074
1
0.18
1
-0.503
1
2.969
1
-8.437
1
-7.996
1
-20.088
0
-0.502
0
-0.711
1
-2.054
0
0.628
0
-18.083
0
-21.708
0
-0.333
0
-0.409
1
-1.417
1
-13.377
0
-3.495
1
-7.359
1
-10.508
0
-4.239
0
-8.066
1
-16.047
1
-20.598
0
-0.971
1
3.308
0
-0.458
1
-5.484
0
-0.324
0
-7.031
3.38
0
0.673
0
-0.929
0
-2.774
1
-2.214
0
0.498
0
-0.229
0
-0.791
0
0.0319999
0
-0.027
0
1.898
1
8.401
1
-5.702
0
-3.685
1
-3.693
1
7.726
1
-5.57
1
6.531
1
1.75
0
7.862
0
5.133
0
4.476
0
-0.701
1
-4.005
1
-22.42
0
-0.347
0
-21.967
0
-6.392
0
0.894
0
-0.44
0
3.38
-1.018
0
0.213
0
-4.299
0
0.393
0
0.771
1
-9.936
1
-10.636
1
9.243
0
-5.723
0
-8.419
0
0.33
1
-6.936
0
-3.342
0
20.013
0
0.411
0
-1.039
1
15.167
0
-2.734
0
-0.428
0
-15.608
0
-8.512
0
0.064
1
-8.253
1
11.681
1
-5.983
1
-6.331
1
-3.482
0
-1.278
1
-8.652
1
-1.395
0
-1.018
7.509
1
3.219
0
-0.523
1
-9.169
1
6.084
1
5.069
0
-7.003
0
-2.414
1
-3.358
1
-0.264
1
-34.486
0
-1.221
0
-15.617
1
-13.457
1
6.9
1
-7.803
1
15.166
1
1.093
0
1.712
0
-6.163
0
2.096
0
-2.754
0
0.415
0
-0.133
0
-0.475
0
-18.662
1
-20.807
0
-12.956
0
19.721
1
2.116
1
7.509
-32.988
0
4.603
0
12.918
0
-0.109
1
-25.825
1
11.463
0
-7.961
1
-3.257
1
-4.782
1
1.207
1
-0.61
1
-4.402
0
-19.383
1
-2.114
1
-6.706
0
10.312
1
-4.934
0
-3.886
1
-17.961
0
5.439
0
0.153
0
-12.401
0
4.933
0
3.574
1
12.495
0
1.177
1
13.458
1
-2.951
0
1.268
0
-21.045
1
-32.988
-8.296
0
-10.281
0
3.152
1
-1.7
0
-1.753
1
-3.029
0
-17.747
0
-16.472
1
-0.842
0
-11.355
1
-6.462
1
-4.011
0
0.948
0
-2.362
0
0.015
1
-0.228
1
-8.086
1
-12.241
1
-1.947
1
-2.109
1
2.684
0
-0.882
1
11.176
1
3.514
1
-12.03
0
-12.41
0
0.817
1
-14.869
0
-7.276
0
0.691
0
-8.296


4.784
1
-13.29
0
-1.403
0
15.363
1
-11.891
1
8.374
0
-5.675
1
-26.119
1
-15.353
0
-11.426
1
-0.595
1
0.907
1
-17.202
0
-7.135
0
-23.671
0
-0.897
0
-1.708
0
-0.636
0
0.519
1
0.5
1
-1.297
1
-7.478
0
-0.864
0
-4.115
0
0.604
0
-0.064
0
-4.694
1
11.183
0
12.132
0
-21.761
0
4.784
-7.696
0
-0.507
0
2.137
0
-4.201
1
-6.697
0
-0.63
1
2.477
0
-1.176
1
9.37
0
-7.077
0
0.929
1
-2.961
0
-0.845
0
-10.388
1
-11.003
1
-2.391
1
-9.458
1
-3.987
1
23.46
0
16.387
0
0.17
0
2.01
0
0.366
1
5.593
1
7.447
1
-7.597
0
1.378
1
-17.306
0
-0.696
1
-18.736
1
-7.696
15.313
0
9.841
0
-0.827
1
-2.658
0
19.737
0
0.957
1
-15.993
0
-0.674
0
0.959
1
1.598
1
-16.996
1
-0.784
0
-6.563
0
-10.272
0
-5.694
0
-5.746
0
-4.029
0
-0.034
1
-7.42
0
0.712
0
-0.837
0
1.541
1
5.106
1
-0.86
0
-11.089
1
-0.504
0
-0.335
0
-0.483
1
0.558
0
0.785
0
15.313
-28.936
0
0.258
1
-15.798
1
-19.773
1
2.254
0
-7.369
0
-0.237
1
0.384
0
-2.622
0
-0.969
0
-11.919
1
1.375
1
6.959
1
3.755
1
2.085
1
-6.204
0
0.031
1
0.654
0
0.333
0
-0.709
0
4.458
0
-2.549
0
-0.722
0
-0.796
0
5.597
0
-3.971
1
-7.707
0
-9.947
1
-16.023
1
-5.404
0
-28.936
5.213
0
0.891
0
-0.833
1
14.706
0
-7.313
0
-0.74
1
-2.713
0
-7.981
1
-16.096
1
-11.977
0
12.581
0
0.546
0
-31.8
0
10.241
1
6.212
0
0.997
0
-2.572
0
6.995
0
3.019
0
-2.253
1
-9.724
1
-7.197
1
-6.376
1
0.686
0
0.471
1
-15.611
1
6.805
0
-3.605
1
20.402
0
-5.847
0
5.213
10.621
1
-4.017
0
5.494
0
0.282
0
3.113
1
-2.954
0
2.488
1
1.893
0
11.732
1
-14.195
0
-0.086
1
-5.667
1
-5.164
1
-9.058
0
1.512
0
0.224
0
0.902
1
5.147
0
0.819
0
-11.449
1
-13.667
1
-3.947
0
-0.714
1
11.944
0
-0.684
0
-6.2
0
-7.184
1
-9.07
0
9.784
1
6.507
0
10.621


-16.163
0
-5.186
0
-0.704
0
-0.684
0
0.274
0
-1.508
1
-20.717
0
-5.836
0
-9.235
0
12.299
0
-9.826
0
-1.293
0
1.623
1
-16.937
1
1.591
1
-2.093
0
-18.678
0
-13.095
1
7.804
0
-0.88
0
0.525
0
-3.62
1
-4.381
1
0.041
0
4.186
1
-17.512
1
-3.55
0
-3.032
0
-3.335
0
-0.789
1
-16.163
-11.475
1
-19.875
0
6.372
0
-0.875
1
-8.479
1
-8.344
0
0.843
1
-0.935
1
1.78
1
-0.655
1
19.771
0
7.409
1
-17.665
1
2.48
1
22.099
0
1.688
1
4.202
0
-0.251
0
0.455
1
-4.79
1
-15.233
1
3.499
0
-16.132
1
-1.316
0
-0.687
1
-0.142
0
-0.787
1
-15.349
1
-12.922
0
-28.459
1
-11.475
-7.285
0
-0.635
0
-7.884
1
-8.394
0
-2.986
0
8.441
0
-5.286
0
3.695
1
2.374
1
-17.651
1
-7.834
1
-11.573
0
0.924
1
9.711
0
0.642
1
-5.887
1
-20.6
1
15.293
1
-8.381
1
11.711
0
-1.709
0
0.596
0
-0.336
0
-0.817
0
11.531
0
-0.918
1
-6.767
0
-0.864
1
-2.998
0
2.904
1
-7.285
-0.132
0
-1.018
1
4.376
0
-10.098
0
-1.599
1
-13.219
1
1.628
1
-4.296
1
-3.234
1
-15.514
0
1.034
0
-1.215
1
-7.521
0
0.289
0
-0.727
0
6.289
0
-4.116
0
-20.324
1
-3.36
0
4.223
1
-8.382
0
-12.43
0
-1.276
0
-14.017
1
5.537
1
-10.43
0
0.071
0
9.033
1
2.692
1
-4.961
0
-0.132
-18.555
1
-7.827
0
-0.091
1
-10.116
1
-19.628
1
-36.724
0
-20.766
0
-9.464
0
0.43
0
-17.999
1
-11.694
1
-10.096
1
-19.311
0
-0.634
1
6.278
1
-3.489
0
-2.116
1
1.576
1
-7.635
1
-2.047
0
-0.728
0
0.721
0
-0.867
1
15.863
1
3.113
1
7.19
1
-5.146
1
1.38
0
-3.807
1
-1.743
1
-18.555
-15.125
1
-12.525
0
0.056
0
-2.332
0
-4.952
1
3.327
0
-0.255
1
17.026
0
-0.616
1
0.447
0
-9.857
1
-14.235
0
-13.862
1
-11.006
1
-28.351
0
-1.673
0
3.256
1
-14.149
1
-19.377
1
-0.577
0
0.068
1
19.577
1
2.29
0
-1.887
1
0.000999952
0
-0.075
0
-0.558
1
-14.331
0
-1.77
1
-10.685
1
-15.125


1.178
0
-0.952
0
0.569
0
-0.424
1
6.109
1
-3.432
0
0.767
0
0.259
0
-0.402
0
0.276
1
-0.333
1
-6.781
1
-3.816
1
-2.169
0
-0.393
1
0.69
0
-0.384
0
-0.461
0
0.572
0
0.856
0
0.395
1
-1.355
0
-0.076
0
0.783
0
-0.269
1
-2.539
0
0.7
0
0.635
0
-0.695
0
-0.483
0
1.178


0
0
0.255
0
0.615
0
0.484
0
0.286
0
-0.979
0
-0.161
0
0.556
0
0.87
0
-0.895
0
-0.171
0
0.266
0
0.0599999
0
-0.711
0
0.537
0
-0.863
0
0.305
0
-0.00700003
0
0.518
0
0.107
0
-0.79
0
-0.919
0
-0.659
0
-0.293
0
0.477
0
0.703
0
-0.878
0
-0.99
0
-0.068
0
0.206
0
0
0
0
-0.941
0
-0.177
0
0.915
0
0.33
0
0.765
0
-0.753
0
-0.786
0
0.995
0
-0.613
0
-0.967
0
-0.694
0
-0.41
0
0.071
0
0.469
0
-0.759
0
-0.606
0
0.934
0
0.178
0
-0.934
0
0.923
0
0.092
0
-0.321
0
-0.082
0
-0.724
0
0.165
0
0.672
0
-0.485
0
0.768
0
0.945
0
0
0
0
0.00300002
0
0.735
0
0.306
0
0.712
0
-0.107
0
0.541
0
-0.852
0
0.554
0
0.095
0
-0.529
0
-0.09
0
0.066
0
-0.871
0
0.0140001
0
0.43
0
-0.43
0
0.891
0
-0.013
0
0.208
0
-0.053
0
-0.109
0
-0.316
0
-0.875
0
-0.496
0
0.854
0
0.702
0
0.218
0
-0.437
0
-0.358
0
0
0
0
-0.768
0
0.195
0
0.343
0
0.126
0
-0.305
0
0.764
0
-0.809
0
0.492
0
-0.323
0
0.601
0
-0.919
0
0.046
0
-0.475
0
-0.709
0
0.857
0
-0.00300002
0
-0.918
0
0.516
0
0.0650001
0
0.013
0
-0.735
0
0.892
0
0.842
0
-0.046
0
-0.243
0
0.13
0
-0.013
0
0.612
0
0.715
0
0
0
0
-0.000999987
0
0.607
0
-0.985
0
-0.732
0
-0.979
0
-0.85
0
-0.423
0
-0.989
0
-0.488
0
-0.386
0
-0.391
0
0.817
0
-0.933
0
-0.533
0
0.452
0
-0.945
0
0.153
0
-0.517
0
-0.491
0
0.871
0
0.368
0
-0.044
0
-0.691
0
0.374
0
0.559
0
-0.916
0
0.376
0
0.553
0
0.598
0
0
0
0
0.731
0
0.604
0
0.523
0
-0.969
0
-0.93
0
-0.265
0
0.431
0
-0.302
0
0.856
0
0.135
0
0.613
0
0.103
0
-0.848
0
0.212
0
0.972
0
0.796
0
0.393
0
0.81
0
-0.772
0
-0.539
0
-0.946
0
-0.942
0
0.556
0
0.496
0
-0.354
0
-0.669
0
0.805
0
0.288
0
-0.885
0
0
0
0
0.855
0
-0.435
0
0.707
0
-0.341
0
-0.374
0
0.716
0
0.626
0
-0.28
0
-0.768
0
0.606
0
0.146
0
-0.166
0
0.955
0
0.27
0
0.194
0
0.72
0
0.938
0
-0.626
0
0.809
0
-0.78
0
-0.146
0
-0.866
0
-0.822
0
-0.335
0
-0.693
0
0.285
0
0.054
0
0.224
0
0.145
0
0
0
0
0.339
0
-0.388
0
0.255
0
-0.00400001
0
0.374
0
-0.391
0
0.279
0
-0.936
0
0.803
0
-0.213
0
-0.369
0
0.096
0
0.725
0
-0.148
0
0.69
0
-0.661
0
-0.241
0
0.999
0
0.599
0
-0.083
0
-0.419
0
-0.714
0
0.27
0
0.672
0
0.251
0
-0.665
0
0.937
0
0.208
0
-0.139
0
0
0
0
0.11
0
0.847
0
-0.204
0
0.761
0
0.317
0
-0.218
0
0.604
0
-0.457
0
0.497
0
-0.474
0
-0.294
0
-0.144
0
0.393
0
0.878
0
-0.86
0
-0.891
0
-0.246
0
0.433
0
0.603
0
-0.149
0
-0.402
0
0.878
0
-0.826
0
0.567
0
-0.74
0
-0.654
0
0.908
0
0.81
0
0.202
0
0
0
0
0.878
0
0.881
0
-0.142
0
0.63
0
-0.702
0
-0.784
0
0.674
0
0.123
0
-0.141
0
0.915
0
0.875
0
0.535
0
0.236
0
0.677
0
-0.131
0
0.745
0
-0.37
0
0.852
0
-0.082
0
0.878
0
0.243
0
-0.524
0
0.895
0
-0.875
0
0.464
0
-0.329
0
0.046
0
-0.142
0
-0.934
0
0


5.756
0
0.609
1
-18.859
1
7.289
0
0.646
0
0.892
0
-0.26
1
-7.132
0
-1.624
1
-0.945
0
-0.187
1
-8.296
1
-3.956
0
-0.6
1
-25.218
1
-0.518
0
-0.223
1
4.514
0
-7.311
0
1.104
0
-22.028
0
-3.948
1
-9.465
1
9.008
1
1.06
0
0.609
1
-2.264
1
-2.667
1
-20.54
0
-11.972
1
5.756
-5.575
1
-15.783
0
2.745
1
1.119
0
-9.516
1
-3.215
0
0.9
1
-1.695
0
-7.103
1
-17.073
1
-9.344
0
-3.792
1
-0.734
0
11.584
0
-10.127
1
-4.398
1
1.452
1
-10.516
1
-12.646
1
13.248
0
-11.053
1
2.822
1
-7.015
1
-2.152
1
1.316
1
-18.576
0
0.975
1
-1.346
1
7.006
1
-4.113
1
-5.575
6.584
1
-2.885
0
2.871
0
-0.243
1
-18.929
0
-12.549
0
-0.431
1
-21.602
1
-1.814
0
-0.381
0
-0.983
0
-0.694
1
0.915
1
-20.93
1
-7.166
0
-0.327
1
-26.086
1
0.724
0
-0.382
0
1.347
0
-0.089
1
-8.615
1
11.823
1
-4.105
0
-6.452
1
1.878
1
-26.034
0
5.001
0
-19.056
1
-14.634
0
6.584
-8.063
0
-19.032
1
1.391
0
-0.071
1
-7.205
1
-4.679
1
-24.134
1
-3.468
1
-3.838
1
1.715
0
-0.91
0
-13.394
1
8.016
1
11.439
0
-10.067
1
6.648
0
-1.522
0
0.637
1
-3.748
0
0.781
0
-1.853
1
-4.212
1
-8.69
0
0.969
1
-8.499
0
-3.924
1
-3.594
0
-0.867
0
-7.956
1
5.272
0
-8.063
-7.524
1
1.219
0
-0.205
0
-1.532
1
-5.194
1
-4.118
1
-1.574
0
1.809
1
11.44
1
-14.713
1
4.222
0
-0.608
1
-10.905
0
-4.155
1
2.61
1
-5.089
0
11.191
0
0.91
0
-0.99
0
-6.828
0
1.096
1
-2.1
0
0.665
1
6.022
0
-6.422
0
-6.581
1
-0.671
1
-13.366
1
13.55
0
2.212
0
-7.524
-5.65
1
-8.2
0
-2.94
1
3.98
1
-13.065
0
-18.349
0
4.16
1
-2.103
0
0.686
1
-2.798
1
-16.137
0
0.00600004
0
-2.468
0
-7.232
1
-1.854
1
-12.346
0
-3.826
1
-3.324
0
-19.407
1
-0.994
0
-4.386
0
-5.823
0
17.658
1
-2.468
0
0.344
1
-7.665
1
3.62
1
4.275
1
-19.21
1
-0.543
1
-5.65


0.32
0
0.976
0
-0.893
0
0.61
0
-0.575
1
-5.66
0
0.8
0
0.383
0
0.476
0
-0.703
0
-0.714
1
-10.946
1
1.115
1
-0.617
1
0.054
1
-0.349
0
-0.725
0
-0.761
0
-1.254
1
-0.645
0
13.046
1
-19.404
0
-0.928
0
-5.135
0
3.223
0
-5.896
0
-0.458
0
-7.318
1
-5.591
1
0.458
0
0.32
0.022
0
-10.948
0
-8.597
0
-1.058
1
-14.245
0
3.229
0
2.675
1
-3.252
0
-3.073
0
-2.379
0
4.869
1
4.036
0
-25.005
1
-3.179
1
-16.169
1
-7.506
1
-5.279
1
9.068
1
-30.808
0
-4.342
1
-5.565
0
-3.218
1
-3.752
1
2.659
1
18.399
0
-0.5
1
2.901
0
0.1
1
-22.009
1
-13.003
1
0.022
4.127
0
-3.59
1
-19.609
1
-6.295
0
1.129
0
-8.62
0
-0.301
1
-4.527
1
-6.878
0
3.422
0
-1.451
0
3.427
1
-14.722
0
-0.975
0
-0.175
1
-9.609
0
10.616
1
-8.467
0
3.926
1
5.019
1
2.595
0
5.052
1
4.327
1
-0.00899998
0
-0.136
0
-6.015
0
-3.994
1
-6.003
1
-11.763
0
-0.269
1
4.127
-28.096
0
0.602
1
-0.402
0
2.108
0
-0.149
0
-22.124
1
-5.629
1
-12.047
0
-4.213
1
2.127
1
3.586
0
-0.172
1
-14.081
1
-6.956
1
2.106
0
0.891
1
-9.873
0
-0.72
0
3.475
1
-9.504
0
-0.564
1
0.523
0
-0.189
1
-9.732
0
4.715
0
-12.641
1
-5.156
0
2.145
0
-1.382
1
-6.704
0
-28.096
-11.756
0
0.726
1
4.723
0
-2.134
1
1.306
0
24.112
0
32.133
0
0.563
1
-3.728
0
-0.782
0
0.00999999
1
-9.339
0
7.278
0
-14.973
1
-5.764
0
-4.902
1
-4.031
0
0.991
1
-4.465
1
-11.987
0
-7.011
0
-3.763
0
0.056
0
-0.122
0
-3.116
1
-4.275
1
-9.604
1
10.414
1
1.627
0
-0.898
1
-11.756
10.317
0
-9.979
1
-4.931
0
-0.063
1
-34.546
0
3.796
1
17.101
1
-7.403
1
2.734
1
-6.145
0
-5.528
0
3.427
0
3.546
1
-6.432
1
-1.558
1
9.238
1
17.94
1
-1.778
0
11.59
1
9.775
0
-0.242
0
-4.152
0
-12.278
1
-8.578
1
-6.536
0
23.109
0
0.99
1
12.736
1
1.353
0
-0.405
1
10.317


6.698
1
-25.606
1
4.849
0
-2.758
0
3.035
0
5.381
0
-0.263
0
0.099
0
10.134
0
-0.855
0
10.812
0
4.672
0
-0.053
1
-1.489
0
-12.862
1
-0.552
1
-13.524
0
2.967
0
-13.296
0
3.92
1
-6.148
0
-5.658
1
12.188
0
-1.724
0
6.12
0
8.651
1
-0.383
1
-6.474
1
-1.061
0
0.67
0
6.698
5.251
0
0.979
1
-18.419
0
-2.751
1
-13.326
1
1.044
0
-4.484
0
0.0779999
0
-12.394
1
-5.004
0
-5.869
0
-15.275
0
28.924
1
-5.678
0
-1.142
1
-12.945
0
-0.974
0
-7.763
1
-20.594
0
5.693
1
-10.588
1
-22.188
0
-4.785
1
11.212
0
0.337
1
3.554
1
9.788
0
3.205
0
-0.494
0
-2.171
1
5.251
-7.669
0
-15.815
0
-14.583
0
-6.078
0
-0.822
0
-7.143
0
0.817
1
-17.087
1
-13.633
1
-3.176
1
-9.374
1
-14.076
0
-15.067
0
0.344
1
14.176
1
-3.392
0
-12.168
0
1.618
0
3.104
1
-8.703
0
-8.865
1
-16.641
0
5.774
1
-4.796
0
-1.911
0
6.132
0
-0.201
0
-18.451
1
-1.004
1
-21.57
0
-7.669
6.395
1
-11.486
1
-3.428
0
-4.931
0
0.546
0
-25.235
0
-17.335
1
-17.442
1
-5.595
0
-6.688
1
-4.426
1
-21.669
1
-20.791
0
-3.731
0
3.341
0
-0.64
1
-17.924
1
13.202
1
-14.555
0
-1.576
0
-20.47
1
2.734
0
-2.359
1
5.968
0
-0.598
0
-5.897
0
0.456
0
22.984
0
-7.797
1
4.362
1
6.395
11.866
0
-9.723
0
-0.904
0
-7.03
1
-9.434
0
0.899
1
-14.092
1
-3.988
1
2.889
1
-1.795
1
-21.625
1
1.262
1
2.872
0
-0.419
0
-0.693
1
-1.645
1
-27.268
0
-0.083
0
5.677
0
-7.335
1
-7.577
0
9.865
0
-7.935
0
-27.422
1
-25.643
0
0.407
0
-14.372
1
1.879
1
-22.291
0
-7.393
0
11.866
3.06
1
-10.019
0
-0.934
0
-10
1
-8.199
0
-8.374
1
7.454
1
0.663
1
-3.759
0
-0.666
0
-0.176
1
2.947
0
2.783
0
0.696
1
-14.197
0
-6.763
0
-0.343
1
-4.051
1
-0.214
1
4.894
0
4.34
0
-19.712
1
-4.003
0
14.703
1
-5.34
0
-10.876
1
-21.818
1
-10.446
0
-10.3
1
12.083
1
3.06


0.987
1
0.081
0
0.57
0
-0.444
0
-0.653
1
-5.167
0
-0.893
0
-0.836
0
0.594
0
-0.434
0
-0.941
0
-6.525
0
-0.871
0
0.392
0
-0.791
0
-0.019
0
-0.742
0
0.0190001
1
-3.928
0
-0.637
1
-0.039
0
0.92
0
-0.089
0
0.872
0
0.168
0
-0.435
0
-0.654
0
-0.216
1
0.369
0
-0.479
0
0.987


0
0
-0.548
0
-0.569
0
0.185
0
-0.375
0
0.005
0
-0.135
0
-0.722
0
-0.179
0
0.328
0
0.751
0
0.0700001
0
0.385
0
0.128
0
0.097
0
0.11
0
-0.009
0
-0.049
0
0.653
0
-0.988
0
-0.631
0
-0.737
0
-0.271
0
-0.391
0
0.562
0
0.552
0
-0.522
0
-0.698
0
-0.726
0
-0.779
0
0
0
0
-0.408
0
-0.862
0
0.979
0
0.801
0
-0.509
0
0.137
0
-0.2
0
0.073
0
-0.966
0
-0.867
0
0.416
0
0.161
0
-0.939
0
-0.858
0
0.152
0
-0.287
0
-0.037
0
0.991
0
-0.00300002
0
0.673
0
-0.427
0
-0.036
0
-0.638
0
0.781
0
0.531
0
0.192
0
0.56
0
0.614
0
-0.451
0
0
0
0
-0.518
0
-0.147
0
-0.274
0
-0.495
0
0.357
0
-0.469
0
-0.926
0
-0.203
0
-0.904
0
-0.775
0
-0.631
0
0.669
0
0.905
0
-0.879
0
0.724
0
0.487
0
0.362
0
0.363
0
0.664
0
0.451
0
0.59
0
0.563
0
0.115
0
-0.474
0
-0.279
0
0.651
0
-0.078
0
-0.422
0
-0.824
0
0
0
0
-0.792
0
-0.718
0
-0.269
0
-0.906
0
0.185
0
-0.323
0
0.698
0
0.617
0
-0.279
0
-0.589
0
0.948
0
0.196
0
0.845
0
0.342
0
0.493
0
0.514
0
0.839
0
-0.19
0
-0.031
0
-0.399
0
-0.297
0
0.818
0
0.668
0
0.924
0
0.02
0
-0.314
0
-0.958
0
0.039
0
0.763
0
0
0
0
0.859
0
-0.633
0
-0.981
0
-0.35
0
0.163
0
0.29
0
-0.257
0
0.695
0
0.917
0
-0.693
0
-0.765
0
-0.11
0
-0.955
0
0.841
0
-0.719
0
-0.446
0
0.039
0
-0.417
0
0.816
0
0.852
0
0.244
0
0.768
0
0.805
0
0.663
0
0.718
0
-0.412
0
-0.757
0
-0.576
0
0.343
0
0
0
0
0.991
0
0.719
0
0.0190001
0
-0.736
0
0.866
0
0.589
0
0.277
0
0.773
0
0.137
0
-0.288
0
-0.764
0
0.255
0
-0.198
0
-0.378
0
-0.423
0
-0.847
0
-0.106
0
0.412
0
0.504
0
0.22
0
-0.549
0
0.695
0
0.151
0
0.464
0
-0.693
0
0.179
0
0.544
0
0.272
0
0.349
0
0
0
0
0.005
0
-0.941
0
-0.425
0
-0.733
0
-0.874
0
-0.996
0
0.763
0
0.698
0
0.839
0
-0.838
0
-0.608
0
0.0599999
0
0.543
0
0.038
0
0.829
0
0.228
0
-0.914
0
-0.141
0
0.169
0
0.793
0
-0.593
0
-0.96
0
0.867
0
0.147
0
-0.902
0
-0.958
0
0.641
0
0.141
0
-0.035
0
0
0
0
-0.868
0
0.62
0
0.418
0
-0.245
0
0.623
0
-0.969
0
0.214
0
0.279
0
0.36
0
0.011
0
0.049
0
0.703
0
0.202
0
0.411
0
-0.755
0
-0.925
0
-0.238
0
0.369
0
-0.065
0
-0.106
0
-0.485
0
-0.161
0
-0.278
0
-0.896
0
-0.691
0
-0.757
0
0.291
0
-0.975
0
-0.955
0
0
0
0
0.792
0
0.075
0
0.653
0
-0.682
0
-0.829
0
0.24
0
-0.054
0
0.553
0
-0.697
0
-0.441
0
-0.245
0
-0.17
0
-0.493
0
0.262
0
0.252
0
-0.025
0
-0.496
0
0.172
0
-0.015
0
0.132
0
-0.405
0
0.677
0
0.759
0
-0.799
0
-0.442
0
-0.788
0
0.828
0
0.694
0
0.139
0
0
0
0
0.847
0
0.707
0
-0.918
0
-0.066
0
-0.315
0
0.391
0
-0.322
0
-0.617
0
-0.626
0
-0.332
0
-0.848
0
0.462
0
0.752
0
0.02
0
-0.983
0
-0.231
0
0.54
0
0.763
0
-0.294
0
-0.618
0
0.136
0
0.863
0
0.624
0
0.716
0
0.477
0
0.812
0
-0.00700003
0
-0.06
0
-0.429
0
0


-16.94
0
-23.292
0
-4.089
0
-0.551
1
12.95
1
-24.053
1
-25.077
1
4.819
0
-14.638
1
-9.666
1
13.273
1
4.917
1
-11.396
0
-11.733
0
-7.324
0
0.024
1
-4.097
0
9.067
0
6.574
1
-6.491
1
-7.231
1
-16.112
1
-9.914
1
-8.571
1
-0.033
1
-6.136
0
2.191
0
0.724
1
-0.23
1
-19.58
1
-16.94
2.055
1
3.864
1
-0.697
1
-1.416
1
7.465
0
-0.955
0
-0.491
0
-0.789
0
0.621
1
-2.966
1
4.724
1
-7.536
0
-1.337
0
-16.102
1
-18.935
0
3.573
0
-0.122
1
-18.36
1
8.298
0
3.934
1
5.398
0
-25.198
0
12.244
0
-4.622
1
8.8
1
3.389
0
-0.443
1
0.485
0
-0.305
0
-0.893
0
2.055
-21.076
0
0.774
0
0.517
1
-7.699
0
-0.996
1
-15.179
0
-7.167
1
-19.862
0
-12.108
0
-0.643
1
5.364
1
-1.584
0
-3.713
0
0.234
1
-8.337
0
-0.903
0
-14.529
1
-1.555
1
2.26
0
-3.93
0
0.473
0
0.75
1
3.955
0
-0.907
0
-10.462
1
-0.774
1
-6.298
1
-8.719
0
-0.863
1
-4.96
1
-21.076
-23.779
1
-18.194
0
-9.991
0
-17.007
0
3.304
1
-3.58
0
-0.394
1
-2.805
1
-7.805
0
-0.75
0
0.817
0
-0.238
0
3.023
0
-0.409
0
-14.545
1
1.519
1
-16.558
0
0.328
1
-6.77
0
-16.26
0
4.877
1
0.265
0
-19.603
1
-7.169
1
-16.933
1
-1.942
1
-15.701
0
-6.784
1
-1.587
1
3.813
0
-23.779
11.527
0
-0.403
1
-13.812
1
-33.196
1
-5.858
1
-23.39
0
3.2
1
0.331
0
3.042
1
-8.966
1
-6.037
1
-1.298
0
-0.387
0
-0.728
1
5.533
1
-1.651
0
-8.622
1
2.781
1
-12.965
0
-0.527
1
3.856
1
6.595
1
-15.929
1
-8.41
1
3.196
0
-2.918
0
-7.535
0
-0.41
0
-1.881
1
5.091
1
11.527
-12.042
0
-0.651
0
3.477
1
-7.024
1
-3.756
1
0.294
1
-16.232
1
-36.227
0
-7.68
0
2.99
0
-2.756
0
1.891
0
-0.443
1
-15.765
1
-6.087
0
-0.027
1
-14.257
0
5.634
0
-10.57
1
3.416
1
-4.569
0
43.786
0
0.183
1
-13.242
1
1.325
0
-10.165
1
-11.278
0
-0.958
1
5.553
1
1.778
1
-12.042


1.987
0
-11.488
0
17.005
0
0.095
0
-10.243
0
0.519
1
1.461
1
0.053
1
-13.957
0
0.265
0
-21.593
1
2.304
0
-9.45
1
-1.069
1
-0.398
0
-3.88
0
0.709
0
-5.365
1
-20.646
1
-2.159
0
10.024
0
-2.086
1
-14.293
0
-6.086
1
-0.399
1
0.567
0
-4.835
0
3.039
0
0.831
1
-2.709
1
1.987
-11.069
1
-10.557
1
3.52
1
1.21
1
-29.453
0
1.744
0
-8.123
0
-0.394
0
0.381
0
0.719
0
-10.698
1
-5.805
0
-0.443
0
-11.91
0
-2.125
0
0.307
1
1.081
0
-2.769
1
-24.423
0
-17.203
1
-2.343
0
-8.233
0
0.843
1
-9.042
1
-3.482
1
8.855
0
0.018
0
-1.084
1
9.06
0
-10.711
0
-11.069
-29.973
1
4.107
0
-0.806
0
-0.635
1
2.342
1
-5.71
1
-11.587
0
4.007
0
-0.278
0
-0.342
1
-19.069
0
-0.34
1
-21.911
1
12.612
1
-23.878
0
2.628
1
-3.768
0
-2.319
0
2.8
1
-9.607
0
12.535
1
-15.452
0
-10.227
0
0.011
0
-2.484
0
6
0
-5.413
1
-2.89
0
-1.51
1
1.9
1
-29.973
-21.144
0
-12.498
1
-0.026
1
-20.547
1
-9.572
0
1.707
0
-0.236
0
-0.636
0
-2.495
1
8.871
1
-1.033
1
3.185
1
13.002
1
0.614
1
6.869
1
-15.126
0
-0.178
0
-13.971
1
-17.023
0
13.131
0
-0.349
0
-0.381
0
-2.44
0
-6.574
0
-0.663
1
-16.17
1
8.842
0
-14.492
0
1.91
0
-4.346
1
-21.144
-16.377
1
-8.724
0
-0.377
0
12.787
0
8.456
0
-7.34
0
-2.836
1
-14.561
1
-1.897
0
-6.463
1
-12.674
0
2.156
1
-6.451
1
-1.043
1
-5.451
1
-21.352
1
-3.262
0
-0.354
0
-6.114
0
0.871
1
17.391
0
-0.058
1
-9.512
0
5.895
0
6.647
1
-10.198
0
-0.273
0
-18.888
1
-5.77
0
0.982
1
-16.377
2.212
0
-0.156
0
-10.437
0
-4.03
0
-11.482
0
-0.661
0
-28.517
0
10.944
0
-0.507
0
-6.056
0
0.159
0
-2
0
-5.766
1
0.45
0
-11.975
0
5.095
0
-0.147
0
-5.814
1
-2.987
0
1.678
0
-1.966
0
-24.804
0
1.483
0
-3.338
0
8.849
0
-11.899
0
-0.786
0
0.173
1
1.317
0
0.957
0
2.212


-3.466
1
3.56
1
-16.045
1
-1.395
0
7.905
1
-20.307
1
9.671
1
-7.905
1
1.653
1
-16.481
1
-5.46
0
1.653
1
15.14
0
-0.758
1
-10.797
0
-11.712
0
-3.537
0
-5.054
1
-12.366
0
-0.349
1
-24.884
0
-2.034
1
17.706
1
-13.137
0
-6.006
1
-4.372
1
8.052
1
0.86
0
-0.244
0
0.462
0
-3.466
18.654
1
-19.136
1
-5.535
1
-3.837
0
-16.379
0
5.881
0
-19.042
0
2.808
0
-14.309
0
0.941
0
5.857
0
0.625
0
0.678
1
-4.337
1
-13.464
0
-5.537
0
4.216
1
-3.397
1
-9.398
1
-4.203
0
-6.406
0
-0.826
1
6.073
0
-10.193
1
-7.23
0
-0.901
0
5.596
0
-0.948
0
-3.766
0
-6.693
0
18.654
4.704
1
-5.6
1
4.782
0
-0.124
0
0.131
1
4.471
0
-1.178
0
0.345
0
0.516
1
-0.369
1
0.22
0
0.246
1
-4.357
1
-33.413
0
0.24
0
2.12
1
-2.996
1
-8.244
0
5.028
1
1.153
1
2.468
1
5.87
1
13.561
0
4.731
1
-7.511
1
1.533
0
-11.658
0
-15.442
0
-8.38
1
-10.084
0
4.704
-1.389
0
-0.457
0
0.316
0
-0.125
1
-3.757
0
-0.627
0
0.475
0
-0.738
0
0.141
0
0.527
0
-0.307
0
-3.379
1
2.248
1
-1.345
0
-0.678
0
0.985
0
-0.6
0
0.887
0
-0.543
0
-0.657
0
0.286
0
0.955
0
0.957
0
0.411
1
0.534
1
-3.351
1
2.628
1
-3.646
1
3.897
1
-7.596
0
-1.389
15.728
1
-29.814
0
-0.147
1
1.22
0
2.825
1
-4.46
1
4.214
1
-20.143
1
-25.492
0
-0.871
0
-1.363
0
0.183
0
3.104
1
-7.152
1
-13.341
0
4.189
0
0.571
0
-1.557
0
0.392
0
0.531
0
0.981
0
7.015
0
-11.387
0
2.126
1
2.041
0
-10.747
0
-13.579
0
-3.281
1
28.159
1
0.615
0
15.728
-13.32
1
-7.188
1
9.508
1
2.438
0
0.199
0
-1.764
1
0.547
1
-1.811
1
-0.428
0
-3.599
0
-2.235
1
-13.749
0
-8.459
0
-0.563
1
3.6
1
0.88
0
-5.716
1
-1.374
0
-4.704
0
-1.387
1
-5.463
1
-12.173
1
6.19
0
7.765
0
0.194
0
3.932
1
8.053
1
-2.702
1
5.682
0
3.17
0
-13.32


0
0
0.183
0
0.873
0
0.225
0
-0.703
0
0.457
1
1.086
0
0.798
0
0.368
0
-0.297
0
0.091
1
-16.06
0
-0.981
0
-0.547
0
-0.487
0
-0.884
0
0.347
0
-0.021
0
-2.169
0
0.238
0
0.403
1
-2.417
0
0.853
0
-0.82
1
-2.463
0
-0.304
1
2.166
1
7.862
0
-0.261
1
0.702
0
0
