

0
0
-0.155
0
0.056
0
-0.444
0
0.37
0
-0.18
0
-0.258
0
-0.37
0
0.387
0
0.011
0
0.443
0
0.355
0
0.249
0
0.136
0
-0.074
0
-0.116
0
-0.172
0
0.211
0
-0.116
0
0.459
0
-0.41
0
0.181
0
-0.1
0
-0.383
0
-0.466
0
-0.246
0
0.357
0
-0.297
0
0
0
0
0.058
0
-0.425
0
-0.281
0
-0.048
0
0.301
0
0.396
0
0.085
0
-0.276
0
-0.215
0
-0.225
0
0.193
0
-0.422
0
0.028
0
-0.372
0
-0.087
0
0.064
0
-0.347
0
0.468
0
0.383
0
0.256
0
-0.069
0
-0.26
0
0.208
0
-0.386
0
-0.449
0
-0.027
0
0.38
0
0
0
0
0.445
0
-0.218
0
0.493
0
-0.319
0
-0.393
0
0.149
0
-0.343
0
-0.24
0
0.102
0
-0.103
0
0.408
0
0.117
0
0.4
0
0.225
0
0.257
0
-0.473
0
-0.279
0
0.205
0
0.309
0
0.151
0
0.06
0
0.2
0
0.279
0
0.301
0
0.122
0
0.16
0
-0.322
0
0
0
0
-0.471
0
-0.479
0
-0.172
0
0.211
0
-0.313
0
-0.317
0
0.367
0
0.171
0
-0.021
0
0.016
0
-0.309
0
-0.206
0
-0.289
0
0.118
0
0.114
0
-0.433
0
-0.371
0
-0.121
0
0.099
0
-0.423
0
0.021
0
0.142
0
0.33
0
0.262
0
-0.259
0
0.311
0
0.25
0
0
0
0
0.325
0
-0.391
0
0.39
0
-0.275
0
0.174
0
0.156
0
-0.367
0
0.312
0
0.201
0
-0.238
0
0.052
0
0.425
0
0.34
0
0.349
0
-0.495
0
0.015
0
-0.257
0
0.23
0
0.334
0
-0.253
0
0.069
0
-0.4
0
0.054
0
0.376
0
-0.221
0
-0.424
0
-0.031
0
0
0
0
-0.037
0
0.016
0
0.274
0
-0.086
0
0.161
0
0.172
0
0.448
0
-0.177
0
0.305
0
0.095
0
0
0
0.28
0
-0.171
0
-0.206
0
-0.327
0
-0.499
0
0.078
0
-0.215
0
-0.279
0
-0.118
0
0.467
0
0.196
0
0.196
0
-0.294
0
0.047
0
0.295
0
-0.128
0
0
0
0
-0.323
0
-0.465
0
0.101
0
0.247
0
-0.44
0
0.188
0
-0.019
0
0.421
0
-0.388
0
0.145
0
0.243
0
0.139
0
0.197
0
0.145
0
0.328
0
0.301
0
0.078
0
-0.359
0
0.093
0
0.455
0
0.099
0
0.021
0
0.24
0
-0.4
0
-0.359
0
-0.208
0
-0.305
0
0
0
0
-0.237
0
-0.22
0
-0.189
0
0.482
0
-0.07
0
0.346
0
-0.321
0
-0.425
0
-0.06
0
0.167
0
0.053
0
0.303
0
0.306
0
0.235
0
0.218
0
-0.013
0
-0.439
0
0.392
0
-0.236
0
-0.354
0
0.059
0
0.033
0
-0.249
0
-0.104
0
0.298
0
0.16
0
0.022
0
0
0
0
-0.037
0
0.087
0
-0.258
0
-0.342
0
0.239
0
-0.336
0
0.312
0
0.035
0
0.112
0
0.457
0
-0.421
0
0.321
0
-0.48
0
0.106
0
-0.098
0
0.385
0
-0.146
0
0.263
0
0.193
0
0.185
0
0.392
0
-0.191
0
-0.388
0
-0.451
0
-0.268
0
-0.37
0
0.07
0
0
0
0
0.364
0
-0.32
0
-0.184
0
0.231
0
0.122
0
0.475
0
-0.483
0
0.391
0
-0.153
0
0.159
0
-0.472
0
0.321
0
0.479
0
-0.155
0
0.012
0
0.031
0
-0.133
0
-0.104
0
-0.193
0
0.485
0
-0.079
0
0.063
0
-0.231
0
0.193
0
-0.356
0
0.382
0
-0.456
0
0


0.0250001
0
-0.274
0
0.433
0
-0.466
0
-0.426
0
0.183
0
0.46
0
0.441
0
-0.49
0
0.146
0
-0.139
0
0.17
0
0.45
0
-0.028
0
-0.236
0
-0.272
0
-0.133
0
-0.111
0
0.163
0
-0.262
0
0.117
0
-0.429
0
-0.107
1
-4.364
0
-0.374
0
0.044
0
-0.376
0
-0.255
0
0.0250001
-1.824
0
-0.38
0
0.291
0
0.095
0
0.064
0
-0.012
0
0.18
0
0.207
0
-0.412
1
-0.106
0
0.084
0
-0.405
0
0.231
0
-0.163
0
0.319
0
0.119
1
-2.343
1
2.648
0
0.176
1
-6.889
0
0.222
0
0.291
0
0.143
0
-0.43
0
0.068
0
-0.278
1
6.514
0
0.373
0
-1.824
-5.311
0
0.423
0
0.178
0
-0.041
0
-0.344
0
0.236
0
-0.468
0
0.149
0
0.157
0
-0.435
0
-0.204
1
0.347
0
-0.128
0
-0.306
0
-0.366
0
0.474
0
0.019
0
0.057
0
0.312
0
0.047
0
-0.084
0
0.211
0
0.341
0
0.358
0
-0.367
0
0.329
0
-0.204
0
0.026
1
-5.311
1.999
0
0.331
0
-0.29
1
4.407
0
-0.04
0
-0.118
0
-0.463
0
-0.476
0
-0.086
0
-0.452
1
2.426
0
-0.422
0
-0.409
0
-0.183
0
-0.00400001
0
-0.193
0
-0.262
0
0.456
0
0.226
0
-0.00299999
0
-0.258
0
0.228
0
0.094
0
0.44
1
0.118
0
-0.085
0
0.111
0
-0.463
0
1.999
-0.886
0
1.931
0
-0.271
0
0.024
0
0.1
0
0.213
0
0.028
0
-0.4
0
0.32
0
0.098
0
0.12
0
0.411
0
-0.186
1
0.419
0
-0.162
0
-0.469
1
2.32
0
-0.026
0
0.376
0
0.246
0
-0.406
0
-0.328
1
-0.211
0
0.463
0
0.477
0
0.214
0
0.312
0
0.00599998
0
-0.886
-1.003
0
0.134
0
-0.311
0
-0.016
0
-0.158
0
-0.158
0
0.019
0
-0.192
1
0.156
0
0.482
0
0.028
0
0.014
0
0.267
0
-0.163
0
-0.374
0
-0.083
0
0.48
0
0.263
0
0.446
0
-0.093
0
0.426
0
-2.015
0
-0.198
0
-0.069
0
0.025
0
-0.102
0
-0.143
0
0.497
1
-1.003
-2.058
0
-0.257
0
0.00300002
0
-0.253
0
0.045
0
-0.221
1
-2.477
0
-0.262
0
0.154
0
-0.318
0
0.415
0
0.313
0
-0.213
0
-0.369
0
-0.084
1
-3.059
0
-0.141
0
0.431
1
4.124
1
2.07
0
-0.091
0
0.361
0
-3.556
0
0.257
0
0.498
0
-0.45
0
0.226
0
0.356
0
-2.058
1.048
1
0.031
0
-0.194
0
0.297
0
-0.164
0
-0.291
1
0.193
0
0.018
0
0.407
0
-0.053
0
0.31
0
0.428
0
-0.106
0
0.314
0
0.291
0
0.291
0
0.281
0
0.284
1
0.376
0
0.278
0
-0.31
0
-0.015
0
0.308
0
-0.444
0
-0.19
0
0.173
0
-0.356
1
-6.439
0
1.048


9.097
0
-0.092
0
-0.448
1
-1.581
0
0.488
0
-0.141
0
-0.398
0
0.495
0
-0.306
0
-0.198
0
0.064
0
-0.101
0
0.012
0
0.213
0
3.636
0
-0.226
0
-0.281
0
-0.45
0
0.106
0
-0.005
0
0.394
0
-0.45
0
0.14
0
0.382
0
-0.223
0
0.014
0
0.34
0
-0.182
1
9.097
0.215
0
0.102
0
-0.081
0
-0.497
0
0.212
0
-0.22
0
-0.071
0
-0.2
0
-0.027
0
0.157
1
-2.793
1
1.875
0
-0.326
0
0.243
1
-5.574
0
0.181
0
0.229
0
0.449
0
0.169
0
-0.161
0
-0.023
0
-0.323
0
-0.251
0
0.326
0
0.182
0
0.479
0
0.053
0
-0.5
0
0.215
4.68
0
0.25
0
-0.107
0
0.048
0
-0.276
0
-0.272
1
-5.844
1
0.424
0
-0.065
1
0.673
0
0.352
1
5.972
0
-0.166
0
-0.09
0
0.282
1
-1.516
0
0.05
0
0.164
0
-0.455
0
0.462
1
1.937
0
0.299
0
-0.021
0
0.417
0
-0.309
0
0.023
0
-0.024
0
-1.426
1
4.68
-2.777
0
-0.224
0
-0.091
0
-0.19
0
-0.095
0
0.196
0
0.285
0
-0.067
1
-4.757
0
-0.397
0
0.062
0
0.101
0
-0.091
0
-0.138
0
0.401
0
0.48
1
-0.00300008
0
-1.666
0
0.369
0
-0.388
0
-0.158
0
-0.084
0
-0.145
0
0.061
0
0.087
0
-0.447
0
0.249
0
-0.292
0
-2.777
0
0
0.094
0
-0.072
0
0.177
0
0.186
0
0.392
0
-0.198
0
0.157
0
0.355
0
-0.157
0
0.207
1
-6.356
0
-0.365
0
-0.424
0
0.225
0
-0.068
0
0.044
0
0.043
0
0.119
0
-0.089
0
0.454
0
0.02
0
-0.21
0
-0.154
0
0.418
0
0.277
0
0.443
0
-0.065
0
0
-3.019
0
-0.194
0
0.483
0
0.184
0
0.214
0
0.273
1
4.944
0
-0.307
0
0.259
0
-0.00600001
0
0.292
0
-0.301
0
-0.252
1
3.712
0
0.318
0
0.045
0
0.412
0
0.013
0
-0.152
0
-0.115
0
0.321
0
0.475
0
0.465
0
0.00599998
0
-0.354
0
0.088
0
-0.257
0
-0.445
0
-3.019
0
0
0.269
0
-0.241
0
-0.077
0
-0.271
0
-0.117
0
0.447
1
-2.1
0
-0.277
0
-0.258
0
-0.267
0
-0.057
0
0.167
0
0.418
0
-0.186
0
0.038
0
0.1
1
1.839
0
0.014
0
-0.157
0
0.112
0
0.309
1
2.504
1
0.154
0
0.332
0
0.077
0
0.311
0
-0.395
0
0
0
1
-0.254
0
-0.444
0
-0.13
0
0.455
0
-0.242
1
-0.156
1
2.457
0
-0.282
0
-0.284
0
-0.161
0
-0.052
0
-0.461
0
0.412
0
-0.332
0
-0.226
0
0.335
0
-0.203
1
-0.221
0
-0.13
0
0.371
0
0.16
0
0.055
0
-0.332
0
-0.149
0
0.27
0
0.21
0
-0.128
0
0


-2.377
1
-0.266
0
0.082
0
0.408
0
0.106
1
-0.058
0
-0.371
0
0.243
0
-0.482
0
-0.276
0
-0.044
0
-0.349
0
0.072
0
-0.153
0
-0.405
0
-0.318
0
-0.199
0
0.326
0
-0.491
1
1.212
0
0.24
0
0.14
0
0.035
0
-0.305
1
3.446
0
-0.242
0
0.488
0
-0.005
0
-2.377


0
0
-0.21
0
-0.105
0
0.309
0
0.479
0
-0.133
0
0.435
0
0.169
0
0.231
0
0.386
0
0.182
0
0.086
0
0.482
0
0.478
0
0.271
0
-0.394
0
0.392
0
-0.189
0
0.218
0
0.389
0
-0.228
0
0.335
0
-0.466
0
-0.25
0
0.258
0
-0.416
0
-0.304
0
0.25
0
0
0
0
0.271
0
-0.149
0
0.049
0
-0.326
0
0.113
0
0.153
0
-0.498
0
-0.354
0
-0.362
0
0.09
0
-0.331
0
-0.441
0
-0.364
0
-0.081
0
-0.386
0
0.000999987
0
-0.197
0
-0.451
0
0.427
0
0.282
0
-0.262
0
0.065
0
-0.432
0
0.226
0
0.264
0
-0.432
0
0.244
0
0
0
0
-0.21
0
0.103
0
-0.00600001
0
-0.049
0
-0.163
0
-0.436
0
0.486
0
0.184
0
0.304
0
0.417
0
-0.38
0
-0.198
0
-0.128
0
0.132
0
0.063
0
0.088
0
0.087
0
0.224
0
-0.496
0
0.449
0
-0.325
0
0.489
0
0.479
0
-0.415
0
0.245
0
-0.396
0
0.052
0
0
0
0
-0.293
0
-0.342
0
-0.015
0
-0.413
0
0.48
0
-0.234
0
-0.074
0
-0.055
0
0.079
0
-0.412
0
-0.174
0
-0.293
0
-0.112
0
-0.172
0
-0.305
0
-0.205
0
-0.491
0
-0.181
0
-0.03
0
0.484
0
-0.111
0
0.452
0
-0.221
0
0.00800002
0
-0.07
0
-0.392
0
-0.367
0
0
0
0
0.124
0
0.189
0
-0.073
0
0.12
0
-0.454
0
-0.323
0
-0.286
0
-0.061
0
-0.157
0
-0.203
0
0.337
0
-0.159
0
-0.036
0
0.137
0
-0.342
0
-0.084
0
-0.378
0
-0.242
0
0.106
0
0.015
0
-0.094
0
-0.071
0
-0.409
0
-0.175
0
-0.148
0
0.192
0
0.076
0
0
0
0
-0.264
0
0.413
0
0.367
0
0.066
0
0.191
0
-0.036
0
-0.326
0
-0.022
0
-0.485
0
0.363
0
0.401
0
-0.344
0
0.226
0
-0.093
0
-0.181
0
-0.404
0
-0.268
0
0.34
0
0.445
0
0.13
0
0.189
0
0.022
0
0.356
0
0.1
0
-0.169
0
-0.224
0
-0.345
0
0
0
0
0.142
0
0.336
0
0.459
0
-0.496
0
0
0
0.445
0
0.046
0
0.222
0
-0.359
0
-0.414
0
-0.343
0
0.203
0
-0.226
0
0.425
0
-0.051
0
0.015
0
0.056
0
-0.46
0
0.326
0
0.37
0
0.291
0
0.058
0
0.097
0
0.094
0
0.031
0
-0.207
0
-0.359
0
0
0
0
-0.356
0
0.369
0
0.419
0
-0.256
0
0.125
0
0.469
0
-0.312
0
-0.012
0
0.467
0
0.313
0
0.266
0
0.2
0
-0.369
0
-0.481
0
-0.339
0
0.146
0
-0.252
0
-0.293
0
0.49
0
-0.08
0
-0.442
0
-0.239
0
0.101
0
0.165
0
0.212
0
-0.494
0
0.335
0
0
0
0
-0.142
0
-0.307
0
-0.157
0
0.463
0
0.293
0
-0.039
0
-0.152
0
0.1
0
0.148
0
0.023
0
0.127
0
-0.022
0
-0.11
0
-0.093
0
0.079
0
0.074
0
-0.34
0
-0.439
0
-0.271
0
-0.023
0
0.297
0
0.349
0
-0.398
0
-0.322
0
-0.402
0
0.116
0
-0.029
0
0
0
0
-0.318
0
0.495
0
0.297
0
-0.386
0
-0.075
0
0.293
0
0.193
0
0.286
0
-0.03
0
0.463
0
-0.032
0
-0.424
0
0.231
0
0.218
0
-0.302
0
-0.118
0
-0.439
0
-0.473
0
-0.261
0
0.105
0
-0.281
0
0.425
0
0.13
0
0.095
0
0.119
0
0.48
0
-0.266
0
0


0.185
0
0.118
0
-2.895
0
-0.242
0
0.314
0
0.205
0
-0.414
1
-5.732
0
0.195
1
-0.096
0
-0.143
0
-0.44
0
-0.413
0
-0.4
0
-0.314
0
-0.466
1
0.17
1
0.458
0
-0.287
0
-0.153
0
0.431
0
-0.229
0
0.244
0
-0.339
0
0.353
0
0.005
0
-0.055
0
-0.47
0
0.185
1.174
0
0.00800002
0
0.067
0
-0.346
0
0.374
0
0.454
0
-0.305
0
0.096
0
-0.248
0
-0.404
0
-0.394
0
0.289
0
-0.458
0
-0.272
0
-0.214
0
0.318
0
-0.078
0
-0.27
0
0.339
0
-0.053
0
0.376
0
-0.265
0
0.204
0
0.017
0
0.158
0
-0.196
1
-4.51
0
0.319
0
1.174
1.66
0
0.198
0
-0.412
0
-0.439
0
0.18
0
0.35
1
-2.811
0
0.34
0
-0.027
0
0.296
0
0.089
0
-0.478
0
-0.031
0
0.095
1
2.946
0
0.444
1
-1.057
0
0.018
0
-0.12
0
0.377
0
0.853
0
-0.354
0
0.415
0
0.273
0
0.31
1
2.874
0
-0.124
0
0.478
0
1.66
-0.0500001
0
-0.297
0
-0.411
0
-0.138
0
0.388
0
-0.037
0
-0.421
0
0.275
0
0.452
1
-0.403
0
-0.453
0
-0.24
1
-0.216
0
0.25
0
0.039
0
-0.384
1
-1.352
1
-0.052
1
1.363
0
-0.187
0
0.225
0
-0.297
1
3.433
0
-0.379
0
0.014
1
-0.785
0
-0.002
0
-0.227
0
-0.0500001
-0.675
1
-3.896
0
-0.441
1
-2.32
0
-0.095
0
-0.224
0
-0.154
0
-0.075
0
-0.108
0
-0.075
0
-0.134
0
0.394
0
-0.046
0
-0.142
1
-0.95
0
-0.062
0
-1.332
0
0.142
0
-0.409
1
-8.37
0
-0.426
1
-1.374
0
0.301
0
-0.303
0
0.105
0
0.114
0
-0.346
0
0.317
0
-0.675
-0.167
0
0.489
0
0.296
0
0.184
0
-0.00400001
0
0.083
0
0.369
0
-0.48
0
-0.269
0
0.064
0
-0.329
0
-0.488
0
-0.056
0
0.107
0
0.341
0
0.075
0
-0.321
0
-0.269
0
-0.108
0
-0.00799999
0
0.063
0
-0.483
0
0.322
0
-0.336
0
-0.325
0
-0.32
1
-2.337
1
0.4
1
-0.167
-2.413
0
-0.212
0
-0.213
0
0.467
0
0.377
1
-1.321
1
-3.769
0
0.22
1
-0.436
0
-0.409
0
0.167
1
-1.272
0
0.401
0
0.47
1
2.241
0
-0.053
0
0.475
0
-0.303
0
0.337
0
0.024
1
2.183
1
-1.604
1
0.555
0
-0.232
0
-0.18
0
-0.178
1
-2.527
0
0.467
0
-2.413
0.241
0
-0.12
1
-1.641
0
-0.453
0
0.258
0
-0.115
0
0.028
0
0.449
0
-0.064
0
-0.469
0
0.116
0
-0.415
0
-0.167
0
-0.172
0
-0.408
1
0.375
0
0.138
0
-0.333
0
0.00599998
0
0.053
0
0.498
0
0.304
1
-2.818
1
2.163
0
-0.36
0
-0.347
0
0.274
0
0.49
0
0.241


-3.825
0
0.053
0
-0.432
0
-0.386
0
0.056
0
0.173
0
0.112
0
-0.197
0
-0.093
0
0.409
0
-0.422
0
0.089
0
-0.07
0
-0.305
1
0.119
0
0.198
0
0.127
0
-0.064
0
-0.224
0
0.064
0
-0.492
1
10.178
0
-0.276
1
-7.158
0
0.162
1
1.797
0
0.103
0
-0.172
0
-3.825
1.472
0
-0.043
0
-0.137
0
0.434
0
0.175
0
-0.45
0
-0.492
0
-0.317
0
0.132
0
-0.273
0
-0.25
0
-0.172
0
0.126
0
-0.457
1
-0.283
0
0.317
0
-0.218
0
-0.225
0
-0.187
0
0.035
0
0.41
0
-0.229
0
-0.066
0
-0.466
1
-0.009
0
0.207
0
0.172
0
0.089
1
1.472
2.201
0
0.491
0
-0.376
0
0.13
1
-2.345
0
0.181
0
-0.39
0
0.463
0
0.408
0
0.36
0
-0.072
0
0.112
0
0.269
0
0.11
0
0.335
1
0.126
0
-0.473
1
3.644
0
-0.335
0
0.315
1
-2.372
1
2.311
0
0.195
0
0.093
0
-0.051
0
-0.15
0
0.14
1
-0.845
0
2.201
1.747
0
0.269
0
0.148
0
-0.077
0
-0.421
0
-0.059
0
-0.421
1
4.901
0
-0.451
0
-0.243
0
0.109
0
-0.094
0
-0.489
0
-0.019
0
0.206
0
-0.452
0
0.311
0
-0.481
0
0.447
1
1.859
0
-0.158
0
0.023
0
-0.446
0
0.112
0
-0.186
0
0.166
1
1.13
0
0.309
0
1.747
1.768
0
-0.286
0
-0.027
0
-0.036
0
0.33
0
0.42
0
-0.347
0
0.119
0
0.363
0
-0.484
0
-0.211
0
-0.141
0
-0.191
0
0.12
0
0.169
0
-2.853
0
-0.364
0
0.253
0
-0.355
0
-0.19
0
-0.145
0
0.326
1
3.065
0
0.257
1
-0.953
0
0.412
1
-1.703
0
-0.029
0
1.768
-5.001
0
-0.047
1
-0.739
0
-0.488
0
-0.5
0
0.429
0
0.351
0
0.07
0
-0.239
0
-0.488
0
-0.394
0
0.472
0
-0.349
0
-0.29
0
0.271
0
0.341
0
0.304
1
4.216
0
-0.421
0
0.399
0
0.059
0
-0.141
0
0.164
0
0.125
0
0.486
0
-0.079
0
-0.084
0
-0.257
1
-5.001
-1.216
0
-0.157
0
-0.221
0
-0.201
0
0.42
0
-0.276
0
0.068
0
0.064
0
-0.022
1
2.26
0
0.375
0
0.184
0
0.405
0
-0.273
0
0.104
0
0.141
0
0.331
0
-1.52
0
-0.122
0
0.029
0
0.023
0
-0.035
0
0.356
0
-0.268
0
0.058
0
0.041
0
0.009
0
0.339
0
-1.216
2.286
0
-0.147
0
0.387
0
0.22
0
0.26
0
-0.027
0
-0.406
0
-0.782
1
1.721
0
0.184
0
-0.323
0
-0.391
0
-0.358
1
-1.643
1
2.633
0
0.438
0
0.138
0
2.237
1
2.617
0
0.021
1
-0.233
0
0.327
0
-0.477
0
0.037
0
-0.289
0
0.096
0
-0.207
0
0.384
0
2.286


-0.651
0
-0.044
0
0.443
0
-0.314
1
-0.457
0
0.105
0
0.469
0
-0.442
0
0.153
1
-1.044
0
0.32
0
-0.142
0
0.145
0
-0.028
1
-0.113
0
-0.025
0
-0.474
0
0.032
1
0.884
0
-0.406
0
0.404
0
0.232
0
-0.335
1
1.867
0
0.091
0
-0.232
0
-0.066
1
-0.685
0
-0.651


0
0
0.18
0
0.471
0
-0.469
0
-0.276
0
-0.421
0
-0.022
0
-0.361
0
-0.4
0
0.247
0
-0.233
0
0.117
0
-0.121
0
-0.23
0
0.169
0
-0.364
0
0.234
0
-0.09
0
0.145
0
0.017
0
-0.427
0
-0.459
0
-0.166
0
-0.257
0
-0.346
0
-0.039
0
-0.406
0
0.327
0
0
0
0
-0.438
0
0.337
0
-0.078
0
0.191
0
0.44
0
0.066
0
-0.457
0
-0.45
0
0.459
0
-0.202
0
0.098
0
0.184
0
-0.37
0
0.175
0
-0.417
0
0.104
0
-0.407
0
0.182
0
-0.374
0
-0.461
0
0.42
0
-0.382
0
-0.222
0
-0.179
0
-0.467
0
-0.025
0
-0.091
0
0
0
0
0.033
0
-0.108
0
-0.402
0
-0.083
0
-0.047
0
-0.343
0
0.424
0
-0.00999999
0
0.023
0
0.126
0
-0.099
0
-0.054
0
-0.407
0
0.184
0
0.314
0
0.181
0
0.074
0
0.036
0
-0.092
0
-0.087
0
0.43
0
-0.351
0
-0.021
0
0.224
0
0.125
0
0.166
0
-0.221
0
0
0
0
-0.155
0
-0.09
0
0.25
0
0.287
0
-0.376
0
-0.233
0
-0.459
0
0.483
0
0.258
0
0.016
0
-0.469
0
-0.166
0
-0.398
0
0.438
0
0.28
0
-0.305
0
-0.34
0
0.051
0
-0.332
0
0.117
0
-0.016
0
0.14
0
-0.326
0
0.404
0
0.119
0
-0.028
0
-0.09
0
0
0
0
0.257
0
-0.261
0
-0.234
0
-0.354
0
0.166
0
0.228
0
0.482
0
-0.362
0
0.329
0
-0.039
0
0.23
0
-0.224
0
0.389
0
0.357
0
0.34
0
0.178
0
0.267
0
0.037
0
0.105
0
0.093
0
-0.276
0
-0.237
0
0.017
0
0.483
0
-0.406
0
0.156
0
-0.081
0
0
0
0
-0.05
0
-0.116
0
0.248
0
0.391
0
0.399
0
0.252
0
-0.039
0
-0.214
0
0.474
0
0.185
0
0.031
0
0.492
0
0.211
0
0.291
0
-0.352
0
0.113
0
-0.115
0
0.253
0
0.07
0
-0.142
0
0.297
0
-0.458
0
0.443
0
-0.355
0
0.026
0
-0.106
0
0.131
0
0
0
0
-0.185
0
0.466
0
-0.107
0
0.4
0
0.327
0
0.446
0
0.451
0
0.013
0
-0.029
0
0.061
0
0.074
0
0.339
0
-0.163
0
-0.095
0
0.064
0
-0.407
0
0.017
0
0.243
0
-0.262
0
0.346
0
0.461
0
0.343
0
-0.019
0
0.339
0
0.287
0
0.063
0
-0.425
0
0
0
0
0.074
0
0.332
0
-0.078
0
-0.275
0
-0.386
0
0.157
0
-0.26
0
0.132
0
0.299
0
0.00599998
0
-0.234
0
0.328
0
0.45
0
-0.217
0
-0.007
0
-0.018
0
-0.017
0
-0.083
0
-0.156
0
-0.215
0
-0.374
0
-0.198
0
0.398
0
0.258
0
-0.396
0
-0.461
0
-0.283
0
0
0
0
0.488
0
0.374
0
0.025
0
-0.233
0
-0.103
0
-0.25
0
-0.463
0
-0.318
0
-0.281
0
0.033
0
-0.468
0
0.073
0
-0.24
0
-0.191
0
-0.011
0
0.025
0
0.343
0
0.026
0
-0.125
0
0.454
0
0.292
0
-0.493
0
-0.00600001
0
-0.211
0
0.288
0
-0.185
0
0.047
0
0
0
0
0.485
0
0.099
0
0.446
0
-0.191
0
0.108
0
0.487
0
-0.253
0
0.243
0
-0.381
0
0.394
0
-0.339
0
0.17
0
0.465
0
-0.369
0
0.112
0
-0.055
0
0.336
0
-0.358
0
0.377
0
0.172
0
-0.385
0
0.412
0
-0.104
0
0.259
0
-0.44
0
0.069
0
-0.118
0
0


0.914
1
1.519
0
-0.141
0
0.305
0
0.155
0
0.473
0
0.078
1
11.725
1
-1.673
0
0.479
1
-7.863
0
0.461
0
-0.343
0
0.471
1
-0.671
0
0.307
0
-0.411
0
-0.379
0
-0.337
0
0.126
0
0.33
0
-0.129
0
0.458
0
-0.102
0
-0.121
1
0.198
0
0.258
0
0.175
0
0.914
0
0
-0.419
0
-0.369
0
-0.136
0
-0.049
0
-0.395
0
-0.378
1
0.147
0
-0.053
0
-0.344
0
-0.338
1
0.567
0
0.193
0
-0.386
0
0.35
0
0.134
0
0.012
0
0.00700003
0
0.096
0
0.023
0
0.169
0
-0.422
1
-12.995
0
-0.346
1
-0.544
1
-0.856
0
0.181
0
0.00599998
0
0
-0.636
0
-0.187
0
0.076
0
0.443
0
0.00700003
0
0.354
0
-0.449
0
0.407
0
-0.277
0
-0.465
0
0.442
0
-0.171
1
-1.91
0
-0.03
0
0.375
0
-0.363
0
-0.032
0
-0.125
0
-0.298
0
0.072
0
-0.091
0
-0.104
0
0.43
0
-0.159
0
-0.386
0
0.448
0
-0.181
0
-0.051
0
-0.636
2.434
0
-0.335
1
2.607
0
0.334
1
-0.808
0
0.042
0
0.116
1
1.795
0
0.248
0
-0.464
0
-0.226
0
-0.215
0
-0.055
0
-0.377
0
-0.016
0
0.19
0
0.042
0
-0.471
1
-2.388
0
-0.128
0
-0.068
0
-0.499
1
-1.149
1
1.061
0
-0.179
1
-3.665
0
-0.432
0
-0.381
0
2.434
0.154
0
0.074
0
-0.224
0
0.37
0
0.025
0
0.144
0
0.338
0
-0.457
0
-0.065
0
-0.229
0
-0.019
0
-0.354
0
-0.121
0
0.457
0
-0.124
0
0.289
1
-3.733
1
4.909
0
0.321
1
-0.646
0
-0.176
1
-2.159
0
-0.199
0
-0.101
0
-0.369
0
-0.345
0
0.263
0
0.452
0
0.154
-1.818
0
0.18
0
-0.238
0
0.109
0
0.245
0
0.326
0
-0.174
0
0.334
0
-0.499
0
-0.164
0
-0.291
0
0.15
0
-0.373
0
0.413
1
-3.267
0
-0.448
1
-1.646
0
0.273
0
0.428
0
0.389
0
-0.049
0
0.063
0
-0.235
0
0.424
0
-1.457
0
0.43
0
-0.03
0
0.387
0
-1.818
1.738
0
0.461
0
-0.046
0
-0.088
0
-0.404
0
-0.325
0
-0.247
0
-0.424
0
-0.216
0
-0.32
0
-0.072
0
0.112
0
-0.039
0
-0.209
0
-0.028
0
-0.297
0
-0.325
0
0.084
0
-0.186
0
0.034
0
-0.098
0
0.208
0
-0.162
1
1.011
0
0.422
0
0.443
0
-0.106
0
-0.00799999
0
1.738
-2.625
0
0.396
0
0.1
0
0.042
0
0.476
1
-1.994
1
-2.27
0
-0.309
0
0.00400001
1
7.066
0
0.303
0
-0.375
0
0.268
0
0.235
0
0.087
0
0.033
0
-0.267
1
3.461
1
-1.475
0
-0.461
1
7.2
0
-0.216
0
0.25
1
1.6
0
-0.33
0
0.49
0
0.247
0
0.027
0
-2.625


0.459
0
0.415
0
0.101
0
0.44
0
0.401
1
0.155
0
-0.359
0
0.199
0
-0.228
0
0.035
0
-0.035
0
0.272
0
0.167
0
-0.259
0
0.113
0
-0.298
0
0.23
0
-0.101
0
-0.413
0
0.223
0
-0.303
0
-0.105
0
0.235
0
0.206
0
0.096
0
0.158
0
-0.362
0
0.142
0
0.459
1.688
0
-0.3
0
-0.307
1
1.186
0
-0.158
0
-0.276
0
0.383
0
-0.475
0
-0.134
0
-0.245
0
-0.053
0
-0.352
0
-0.308
0
0.185
0
-0.283
1
2.346
0
0.233
1
0.657
0
-0.46
0
-0.125
0
-0.263
0
-0.288
0
0.13
0
-0.489
0
-0.448
0
0.071
0
-0.21
0
-0.247
0
1.688
2.669
0
0.038
0
-0.015
0
0.167
1
1.019
1
-0.044
0
-0.169
0
-0.085
0
-0.138
0
-0.157
0
-0.038
0
0.467
0
0.301
0
-0.439
0
-0.242
0
0.199
1
0.637
0
0.32
0
0.078
0
-0.029
0
-0.126
0
0.186
0
0.195
0
0.48
0
0.265
0
0.321
0
-0.389
1
-6.941
0
2.669
-1.569
0
-0.297
0
0.337
0
0.495
0
0.223
0
-0.09
0
0.032
0
0.261
0
0.364
0
-0.139
0
0.49
0
0.425
0
0.452
0
0.289
0
-0.352
0
0.168
0
-0.262
0
0.175
0
-0.496
1
-3.051
0
0.323
0
-0.168
0
-0.33
1
5.2
0
0.049
0
-0.457
0
-0.149
0
-0.368
0
-1.569
0
0
0.329
0
-0.306
0
0.277
0
0.267
0
-0.00799999
0
-0.398
0
0.282
0
0.285
0
0.35
0
0.012
0
0.283
1
-1.879
0
0.012
0
0.146
0
-0.358
0
-0.335
0
0.296
1
-1.672
1
3.622
0
0.18
0
0.484
0
-0.465
1
-1.484
0
-0.421
0
-0.369
0
0.253
0
-4.233
0
0
0.00300002
0
-0.284
0
0.425
0
-0.216
0
-0.007
1
1.336
0
0.119
0
-0.348
0
0.045
0
0.138
0
0.15
0
-0.38
0
-0.431
0
0.496
0
-0.072
1
0.073
0
0.374
0
0.303
0
0.119
0
-0.215
0
0.457
0
0.416
0
-0.275
0
-0.013
0
-0.216
0
-0.285
1
1.09
0
0.026
0
0.00300002
-0.226
1
6.927
0
-0.224
0
0.107
0
-0.227
0
0.405
0
0.09
0
-0.181
0
0.441
0
-0.24
0
0.067
1
1.51
0
-0.475
0
0.445
0
-0.499
0
-0.315
1
7.074
0
0.177
0
0.128
0
-0.229
0
0.143
0
-0.191
0
-0.198
0
0.318
0
-0.435
0
-0.255
0
-0.489
0
-0.234
0
-0.226
0
0
-0.269
0
-0.147
0
0.021
0
0.188
0
0.102
1
2.54
0
0.095
1
0.491
0
-0.168
0
-0.121
0
0.089
1
0.119
0
0.125
0
-0.221
0
0.428
0
-0.284
0
-0.262
0
0.107
1
-5.656
0
0.414
0
0.177
0
-0.346
0
-0.478
0
0.084
1
-0.375
0
0.063
0
0.352
0
0


0
0
0.487
0
-0.121
0
0.191
0
-0.292
0
-0.416
0
0.387
0
-0.211
1
1.501
0
0.225
0
0.369
0
-0.374
0
0.423
1
15.596
0
-0.389
0
0.402
0
0.138
0
-0.38
0
-0.26
0
-0.361
0
0.458
0
-0.051
0
-0.014
1
0.187
0
-0.252
0
-0.17
0
-0.26
1
0.605
0
0


0
0
0.386
0
-0.351
0
-0.037
0
0.469
0
0.426
0
-0.025
0
-0.412
0
0.19
0
0.473
0
0.00599998
0
0.304
0
-0.375
0
0.255
0
0.023
0
0.121
0
-0.284
0
0.372
0
0.133
0
0.13
0
0.181
0
-0.12
0
-0.138
0
0.221
0
0.036
0
-0.127
0
0.266
0
-0.176
0
0
0
0
0.065
0
0.384
0
-0.495
0
0.476
0
0.314
0
0.446
0
-0.497
0
-0.369
0
0.09
0
0.305
0
-0.183
0
-0.013
0
0.425
0
0.213
0
-0.224
0
0.387
0
0.043
0
-0.398
0
-0.235
0
-0.15
0
0.333
0
-0.24
0
-0.464
0
-0.16
0
-0.233
0
-0.294
0
0.419
0
0
0
0
0.048
0
0.342
0
-0.489
0
-0.439
0
-0.383
0
-0.388
0
0.15
0
-0.252
0
0.208
0
-0.498
0
-0.068
0
-0.078
0
0.455
0
0.31
0
0.247
0
-0.281
0
-0.215
0
0.319
0
0.122
0
0.231
0
0.405
0
0.219
0
-0.061
0
0.242
0
-0.064
0
-0.011
0
0.141
0
0
0
0
-0.28
0
0.387
0
0.072
0
0.091
0
-0.033
0
-0.33
0
-0.308
0
-0.289
0
0.295
0
-0.296
0
-0.354
0
-0.04
0
0.13
0
-0.078
0
0.12
0
0.211
0
-0.347
0
-0.348
0
0.416
0
0.47
0
-0.436
0
0.179
0
-0.221
0
0.376
0
-0.043
0
0.032
0
0.34
0
0
0
0
-0.106
0
0.301
0
0.117
0
0.067
0
-0.284
0
-0.204
0
-0.173
0
-0.045
0
-0.116
0
-0.222
0
-0.102
0
0.122
0
-0.374
0
-0.191
0
-0.113
0
-0.045
0
-0.071
0
0.124
0
-0.481
0
-0.418
0
-0.045
0
0.147
0
-0.436
0
0.193
0
-0.448
0
0.366
0
0.061
0
0
0
0
-0.486
0
0.191
0
-0.287
0
0.181
0
-0.494
0
0.091
0
0.268
0
-0.453
0
0.304
0
-0.328
0
0.019
0
0.049
0
0.164
0
-0.197
0
-0.123
0
0.22
0
0.212
0
0.019
0
0.305
0
0.017
0
-0.371
0
-0.054
0
0.05
0
-0.436
0
-0.048
0
-0.399
0
0.413
0
0
0
0
-0.301
0
0.205
0
0.469
0
-0.172
0
-0.434
0
0.481
0
-0.184
0
-0.191
0
0.413
0
-0.348
0
0.232
0
0.106
0
-0.415
0
-0.067
0
0.26
0
-0.015
0
-0.024
0
0.096
0
-0.322
0
0.24
0
-0.298
0
0.413
0
0.29
0
0.355
0
-0.244
0
-0.081
0
-0.065
0
0
0
0
-0.2
0
0.193
0
0.251
0
-0.309
0
-0.053
0
0.43
0
0.451
0
0.079
0
0.338
0
0.12
0
-0.327
0
-0.422
0
-0.311
0
-0.062
0
0.05
0
-0.394
0
-0.462
0
0.351
0
-0.365
0
-0.332
0
0.459
0
-0.457
0
0.38
0
0.288
0
-0.427
0
0.283
0
0.048
0
0
0
0
0.483
0
-0.317
0
0.357
0
-0.00600001
0
-0.106
0
0.333
0
-0.404
0
-0.027
0
0.394
0
0.495
0
0.122
0
0.46
0
0.149
0
0.355
0
0.242
0
-0.396
0
-0.045
0
-0.303
0
-0.217
0
0.043
0
0.424
0
-0.473
0
0.052
0
-0.37
0
0.016
0
-0.167
0
-0.257
0
0
0
0
0.241
0
-0.009
0
-0.456
0
-0.326
0
0.193
0
0.476
0
-0.229
0
0.31
0
-0.442
0
0.438
0
0.171
0
-0.11
0
-0.289
0
0.168
0
-0.073
0
0.462
0
-0.097
0
0.222
0
0.07
0
0.225
0
-0.289
0
-0.451
0
0.254
0
-0.448
0
-0.36
0
0.234
0
0.257
0
0


0.336
0
0.436
1
-1.545
0
0.068
1
-3.637
0
-0.26
0
0.188
0
0.326
0
-0.337
0
0.137
0
-0.028
0
-0.125
0
0.114
0
0.426
0
-0.451
0
0.112
1
-0.098
0
0.251
0
0.134
0
-0.203
1
1.468
0
-0.304
0
-0.136
0
0.299
0
-0.057
1
-1.034
0
0.455
0
-0.09
1
0.336
-0.55
0
-0.339
0
-0.021
0
0.313
0
-0.109
0
0.249
0
0.105
0
-0.337
0
-0.153
0
-0.217
0
-0.457
0
0.02
0
0.396
0
-0.323
1
6.734
0
-0.299
0
0.41
0
-0.169
0
0.454
0
0.478
1
0.149
0
0.194
0
-0.438
0
0.206
0
0.472
0
-0.318
1
2.477
0
-0.068
0
-0.55
-1.528
0
0.202
1
0.306
0
-0.048
0
0.321
0
-0.161
0
0.145
0
0.269
0
-0.252
1
-0.159
0
-0.418
0
0.255
0
0.218
1
-2.183
0
-0.213
0
-0.038
0
0.019
0
0.265
0
0.097
0
0.219
0
0.325
0
0.075
1
-2.497
0
0.143
0
-0.064
0
-0.463
0
0.271
1
2.519
1
-1.528
-2.433
0
0.278
0
-0.248
0
-0.404
0
0.047
0
0.00700003
0
0.179
0
0.477
0
0.244
0
0.494
0
0.342
0
-0.469
0
0.098
0
0.389
0
0.29
0
0.189
0
-0.474
0
0.346
0
-0.483
0
0.325
0
-0.182
0
0.049
0
0.185
1
0.244
0
-0.417
0
-0.476
1
5.059
1
-10.995
0
-2.433
0
0
-0.14
0
-0.397
0
-0.052
0
0.355
0
0.153
0
-0.341
0
-0.266
0
-0.196
0
-0.197
0
-0.139
0
-0.101
0
0.331
0
0.394
0
0.000999987
1
-2.86
0
0.447
1
0.784
0
0.466
0
0.183
0
0.224
1
-4.477
1
1.215
0
0.061
0
0.497
0
0.203
0
0.426
0
-0.035
0
0
-1.133
0
0.427
0
0.224
0
-0.436
0
-0.049
0
-0.363
0
0.229
0
0.146
0
0.381
1
0.12
0
0.442
0
-0.015
0
-0.237
0
0.072
0
0.3
0
0.356
0
0.053
1
-0.598
1
0.123
0
0.454
0
-0.33
1
-7.612
1
1.444
0
0.083
0
-0.461
0
0.393
0
0.486
0
0.13
0
-1.133
0.89
1
1.175
0
0.031
0
-0.044
0
0.344
0
-0.286
0
0.152
0
-0.092
0
-0.392
0
0.071
0
0.216
0
-0.339
0
0.164
0
0.331
0
0.232
1
-4.029
0
0.261
0
-0.155
0
-0.071
0
-0.4
0
-0.09
0
0.062
0
0.385
0
0.000999987
0
0.926
0
0.086
0
0.049
0
-0.462
0
0.89
-1.372
1
5.131
0
-0.12
0
-0.432
0
-0.038
0
-0.218
1
3.003
1
0.376
0
-0.275
0
-0.238
0
2.285
0
0.169
0
-0.412
0
-0.381
0
0.163
0
0.421
0
0.336
1
1.836
0
0.064
0
0.00599998
1
1.634
0
-0.441
0
0.365
0
0.083
0
-0.025
0
-0.175
1
-1.414
0
-0.194
0
-1.372


-0.3
0
-0.333
0
-0.204
0
-0.057
0
0.288
0
0.452
0
-0.289
0
0.00800002
1
-1.534
0
0.316
0
-0.306
0
0.417
0
-0.121
0
0.448
1
-0.397
0
0.24
0
-0.183
0
0.377
0
-0.108
0
0.164
0
-0.452
0
-0.37
0
0.264
0
0.214
0
0.333
0
-0.29
0
-0.086
0
-0.372
0
-0.3
5.596
0
0.04
0
0.118
0
0.268
1
-3.091
0
0.221
1
-0.407
0
-0.49
0
-0.424
0
0.013
1
4.882
0
0.451
0
-0.392
0
0.149
0
-0.092
1
-0.454
0
-0.473
0
0.00700003
0
0.065
0
-0.151
0
-0.199
1
-1.57
0
-0.256
0
0.027
0
-0.039
1
2.901
0
-0.242
0
0.112
0
5.596
0.605
0
0.201
0
-0.233
0
-0.02
1
-1.564
0
0.193
0
0.059
0
0.492
0
0.00800002
1
-3.49
0
0.475
0
-0.293
0
-0.36
0
0.261
0
-0.235
0
0.34
0
-0.133
0
-0.405
0
-0.185
1
-0.303
0
0.499
0
-0.441
0
0.08
0
0.238
0
-0.108
0
-0.45
0
0.026
0
-0.251
0
0.605
-1.054
0
0.392
0
-0.152
1
0.32
0
-0.392
0
0.344
0
-0.026
0
0.351
0
0.465
0
-0.138
1
0.733
0
0.188
0
-0.248
0
-0.134
1
0.473
0
-0.331
0
-0.09
0
0.00599998
0
-0.295
0
0.333
1
4.42
0
0.251
0
0.141
0
-0.343
0
0.148
0
0.141
1
-4.186
1
3.128
1
-1.054
0
0
0.366
0
0.119
0
-0.247
1
-6.484
0
-0.025
0
0.254
0
0.233
0
0.136
0
0.193
0
0.313
0
0.239
0
0.349
0
-0.052
0
0.019
0
-0.059
1
-5.554
0
-0.331
0
-0.379
0
-0.488
1
0.102
0
-0.012
0
0.056
0
0.135
1
-0.686
0
0.485
0
-0.222
0
-0.483
0
0
-2.147
0
0.108
0
-0.019
1
-4.861
0
0.474
0
-0.035
0
0.239
1
-0.299
1
5.194
0
0.485
0
0.249
0
-0.342
0
0.178
0
-0.174
0
0.443
0
-0.242
0
-0.453
1
-3.08
1
-0.0630002
0
0.168
0
0.109
1
-1.452
0
-0.043
0
0.045
0
0.123
0
0.14
0
0.025
0
0.293
0
-2.147
-3.591
0
0.066
0
-0.301
0
0.474
0
-0.313
0
0.143
0
-0.221
1
0.985
1
-1.599
0
-0.459
0
0.151
0
0.061
0
-0.329
0
-0.012
0
0.00999999
1
-2.456
0
-2.554
0
-0.476
0
-0.114
0
0.413
0
-0.067
0
0.079
0
-0.386
0
-0.412
0
-0.235
0
-0.182
0
0.424
0
-0.468
0
-3.591
0
0
-0.035
0
-0.414
0
0.136
0
0.016
0
0.115
0
0.378
0
-0.423
0
0.19
0
0.415
0
-0.302
0
0.371
1
-2.735
0
-5.241
0
0.264
1
-5.654
0
-0.236
0
-0.099
0
-0.222
0
0.023
0
0.211
0
-0.222
0
0.286
0
0.326
0
-0.054
1
-0.589
0
0.434
0
0.127
0
0


0.688
1
0.839
0
-0.146
0
-0.252
0
0.497
0
0.444
0
-0.34
0
-0.234
0
0.334
0
0.119
0
-0.156
0
0.09
0
-0.206
0
0.157
0
0.47
0
-0.142
0
0.417
0
0.235
0
-0.472
0
-0.044
0
-0.495
0
0.026
0
-0.35
0
0.439
0
0.112
0
0.00199997
0
0.122
0
0.28
0
0.688
