

0
0
-0.052
0
0.211
0
-0.635
0
-0.293
0
-0.634
0
0.736
0
0.158
0
-0.656
0
-0.151
0
0.976
0
-0.135
0
0.195
0
0.995
0
-0.139
0
0.251
0
-0.618
0
-0.767
0
-0.404
0
0.497
0
-0.877
0
0.976
0
-0.978
0
-0.095
0
0.9
0
0.467
0
-0.415
0
-0.621
0
0.646
0
0.069
0
0
0
0
-0.997
0
0.287
0
0.892
0
-0.901
0
-0.000999987
0
-0.564
0
0.056
0
0.973
0
-0.114
0
-0.214
0
-0.661
0
0.869
0
-0.988
0
0.708
0
0.219
0
0.736
0
0.789
0
0.878
0
-0.458
0
0.564
0
0.638
0
-0.383
0
0.213
0
0.355
0
-0.277
0
0.168
0
-0.861
0
0.142
0
-0.869
0
0
0
0
0.36
0
0.544
0
0.681
0
0.367
0
-0.595
0
-0.468
0
-0.647
0
-0.872
0
0.803
0
0.873
0
-0.075
0
-0.276
0
0.704
0
-0.729
0
0.287
0
-0.524
0
-0.5
0
-0.645
0
-0.794
0
-0.578
0
0.728
0
-0.923
0
0.461
0
-0.744
0
0.767
0
-0.989
0
-0.278
0
0.318
0
0.172
0
0
0
0
0.208
0
0.316
0
0.225
0
-0.703
0
-0.441
0
-0.283
0
-0.872
0
0.534
0
-0.263
0
-0.28
0
0.744
0
-0.864
0
-0.597
0
-0.717
0
0.195
0
-0.821
0
-0.521
0
-0.807
0
0.864
0
-0.479
0
0.287
0
-0.73
0
0.561
0
-0.819
0
-0.512
0
0.254
0
0.853
0
-0.479
0
0.906
0
0
0
0
0.517
0
0.991
0
0.229
0
0.629
0
-0.96
0
0.41
0
0.395
0
-0.868
0
-0.789
0
0.306
0
-0.126
0
0.773
0
0.564
0
0.671
0
-0.091
0
-0.238
0
-0.815
0
-0.515
0
0.239
0
-0.531
0
0.631
0
-0.258
0
0.933
0
-0.648
0
-0.663
0
0.421
0
-0.298
0
0.471
0
0.692
0
0
0
0
0.189
0
0.811
0
-0.779
0
-0.823
0
-0.828
0
-0.914
0
0.353
0
-0.507
0
0.801
0
-0.496
0
0.668
0
-0.037
0
0.295
0
0.089
0
0.081
0
-0.882
0
0.395
0
0.761
0
0.157
0
0.373
0
0.616
0
0.543
0
0.582
0
0.317
0
0.468
0
-0.855
0
0.974
0
-0.383
0
-0.382
0
0
0
0
0.122
0
0.362
0
0.247
0
0.73
0
0.786
0
0.406
0
0.579
0
0.915
0
-0.467
0
-0.626
0
-0.115
0
0.063
0
-0.774
0
-0.218
0
-0.441
0
-0.792
0
0.0700001
0
0.966
0
-0.821
0
-0.736
0
-0.589
0
0.122
0
-0.462
0
-0.771
0
0.791
0
-0.629
0
0.101
0
-0.06
0
-0.489
0
0
0
0
0.953
0
0.117
0
-0.772
0
-0.96
0
0.757
0
-0.473
0
-0.125
0
-0.602
0
0.809
0
0.123
0
0.538
0
-0.518
0
0.37
0
0.984
0
0.234
0
-0.138
0
0.189
0
0.39
0
-0.437
0
0.367
0
-0.483
0
0.177
0
0.636
0
-0.136
0
-0.709
0
-0.422
0
0.743
0
0.66
0
0.286
0
0
0
0
0.604
0
0.123
0
0.235
0
0.717
0
0.528
0
0.718
0
-0.351
0
0.563
0
-0.303
0
0.842
0
0.405
0
-0.801
0
-0.994
0
-0.659
0
-0.436
0
-0.981
0
0.317
0
-0.12
0
0.629
0
-0.51
0
0.605
0
0.269
0
0.344
0
-0.364
0
0.809
0
0.937
0
0.366
0
0.943
0
0.559
0
0
0
0
0.219
0
-0.59
0
0.679
0
0.725
0
-0.028
0
-0.066
0
-0.865
0
-0.826
0
0.446
0
0.362
0
-0.689
0
-0.619
0
0.244
0
0.29
0
-0.327
0
0.91
0
0.337
0
0.053
0
0.928
0
-0.5
0
-0.733
0
-0.708
0
-0.488
0
-0.642
0
-0.1
0
0.0930001
0
0.895
0
-0.228
0
-0.149
0
0


1.211
1
-0.262
0
0.099
1
-0.91
0
0.55
1
-0.041
1
7.667
1
-3.767
0
0.69
0
-0.173
0
-0.457
1
8.901
0
0.185
0
-6.095
0
-0.571
1
-20.849
1
-3.605
1
-13.046
1
8.565
1
-3.985
1
3.765
0
-0.12
0
0.463
0
0.691
1
-13.76
1
-3.186
0
-0.947
1
1.067
1
-0.547
0
-0.975
1
1.211
4.746
0
0.264
0
0.021
0
0.948
0
-1.444
1
-5.146
0
0.454
0
0.503
1
11.185
0
0.553
1
0.073
1
0.962
1
-0.078
0
0.334
1
-1.009
0
0.677
0
-0.861
1
-19.916
0
-0.751
1
-0.978
0
4.397
0
-0.558
0
0.969
0
-0.613
1
0.901
0
-0.523
0
-8.542
0
0.421
0
-0.611
0
0.184
0
4.746
-2.862
0
-0.409
1
0.639
0
0.654
0
0.095
1
-1.322
1
1.495
1
-5.977
1
-0.326
0
0.381
0
0.125
0
-10.615
1
-8.384
1
-2.367
1
1.163
0
-0.25
1
-0.777
0
0.792
0
-0.831
0
-0.289
0
0.517
0
-0.868
0
0.0140001
0
-9.463
0
0.911
1
2.055
1
-17.504
0
0.075
1
1.531
1
-0.986
0
-2.862
-0.62
1
-1.939
1
-4.966
1
2.196
1
-9.792
0
0.701
1
3.726
0
0.764
0
-0.868
0
8.634
1
-12.185
1
-2.613
1
2.039
0
0.324
1
-7.582
0
0.574
1
-4.7
1
0.227
0
0.293
0
3.172
0
-0.618
0
-0.249
0
-0.924
0
3.823
1
0.555
0
0.386
0
-3.087
0
-0.02
1
0.976
0
-0.249
0
-0.62
-4.519
1
2.387
0
0.701
0
0.667
0
-0.517
0
0.774
0
-0.299
0
-5.84
0
-0.936
1
-16.32
0
0.054
0
0.606
0
0.672
0
-2.129
0
-0.084
1
-0.859
1
-5.56
1
-4.277
0
-0.156
0
-3.408
0
0.967
0
-0.434
1
-3.419
0
-0.704
1
-14.036
1
5.272
1
-6.867
0
-2.451
0
-1.089
0
0.628
0
-4.519
2.596
0
0.397
1
2.303
1
4.811
0
-0.681
0
-0.167
1
0.00800003
1
-17.706
0
-2.695
0
-0.761
1
2.321
1
2.614
0
-0.529
1
1.368
1
-1.799
0
-0.648
1
8.409
0
-0.631
0
-0.587
1
7.185
1
-5.252
1
-8.669
0
-2.641
0
1.694
0
2.87
1
0.437
0
-0.925
1
-15.087
1
-7.023
1
-5.707
0
2.596


-1.514
0
-0.697
0
-0.059
0
0.554
0
-0.193
0
0.527
0
0.482
0
-0.16
1
-2.713
0
0.566
0
-0.938
0
1.183
1
-1.781
0
-0.041
0
-0.854
0
0.925
0
0.384
0
0.629
0
0.00899994
0
0.422
0
-0.316
0
0.908
1
5.389
0
-8.006
1
-7.907
1
-8.223
1
-8.472
0
-0.056
0
0.711
1
-0.284
0
-1.514
1.912
0
2.73
0
0.231
1
-1.978
1
-1.726
0
-0.169
0
-8.084
0
0.784
0
-0.64
0
-2.764
0
-0.482
1
-6.231
0
0.38
1
-5.129
1
-3.318
1
-3.006
0
-0.208
0
-0.691
1
-0.17
0
-0.961
0
-0.317
0
0.155
0
-0.934
1
-1.959
1
-3.154
1
-4.571
1
-2.903
0
-5.054
1
17.683
0
-0.409
0
1.912
-13.65
1
13.898
0
-3.888
1
2.787
0
0.921
0
0.51
1
-6.289
1
-3.849
1
-6.812
1
15.788
0
-0.213
1
2.383
1
-3.109
0
0.768
0
-0.93
0
0.296
1
-4.752
0
-0.534
1
-0.266
1
4.954
0
-0.987
1
-1.688
0
0.184
0
-3.957
0
-0.815
1
-5.441
0
-0.858
1
-1.795
1
-1.09
1
-4.591
1
-13.65
0
0
-0.871
0
-0.714
0
0.997
0
-0.331
0
-0.58
0
0.759
0
-0.781
0
0.176
0
0.742
0
0.541
1
-5.678
1
0.587
0
-0.55
0
-0.075
0
-0.98
0
0.13
0
0.145
1
0.396
1
-7.003
0
-1.346
0
-0.015
0
-2.857
1
8.183
0
-0.275
0
0.163
0
0.228
0
-0.794
0
-0.782
0
0.868
0
0
0.714
0
0.902
0
-0.314
1
-7.62
1
-11.032
1
-14.005
0
0.494
1
-2.788
0
0.839
0
0.681
0
0.399
0
-0.181
1
-3.161
1
-1.429
1
-5.996
0
0.74
0
0.222
0
-6.992
0
0.452
0
-0.847
1
-2.276
0
-0.382
0
-0.02
0
0.079
0
-0.878
1
-6.855
0
0.101
0
0.967
1
-4.264
1
-16.009
0
0.714
-13.083
0
0.564
0
-0.384
1
3.527
0
-0.626
0
0.378
1
6.554
1
-14.024
1
-20.467
1
-6.166
1
-14.529
0
-0.292
0
2.686
1
-13.389
0
0.409
1
-12.489
0
0.661
0
-0.71
0
-0.177
0
0.381
1
-14.425
1
-1.956
0
-1.441
0
-0.242
0
-0.358
1
-7.27
0
0.72
1
0.238
0
-5.809
0
0.904
1
-13.083


-2.471
1
-2.918
0
2.063
0
-0.212
0
-0.064
0
-10.911
1
-3.313
1
6.65
1
-10.441
0
-0.703
1
1.693
0
-0.258
1
1.133
0
-0.34
1
-5.691
0
-0.345
0
-0.014
0
-0.305
0
0.235
1
-10.467
1
-4.144
0
-0.077
1
0.548
0
0.371
0
-0.114
0
-0.391
1
0.319
1
-8.422
0
0.632
0
5.877
1
-2.471
4.865
0
0.285
1
-10.636
1
-3.464
0
-0.878
0
0.017
1
-2.556
0
0.705
0
-0.252
0
4.041
0
-0.504
0
0.891
1
0.425
0
0.833
1
-4.417
1
-4.116
0
0.781
0
3.402
0
-0.198
0
-0.474
0
0.517
0
0.16
0
-0.154
1
-11.899
0
-0.892
1
-5.903
0
0.403
0
-0.127
0
0.531
0
-0.935
1
4.865
-4.151
0
-7.785
0
0.769
1
-7.927
0
-0.693
1
2.486
0
-0.181
0
-0.042
1
6.164
0
0.718
0
-0.508
0
-4.719
0
0.917
1
4.438
0
0.841
1
1.299
0
-14.824
0
0.421
0
14.745
1
17.467
0
1.946
0
-0.915
0
-0.197
1
0.385
0
-0.754
0
0.8
0
0.092
1
-3.294
0
-2.223
0
-0.295
0
-4.151
1.543
0
0.0420001
1
-7.426
1
4.856
0
0.868
1
-1.032
0
-1.541
0
-0.872
0
0.46
0
0.728
0
-0.041
0
-0.395
1
-10.749
0
-0.697
1
18.105
0
0.885
0
0.483
0
-0.092
1
4.901
0
0.15
1
-3.007
0
-0.161
0
0.643
0
0.187
0
4.405
0
-5.059
0
0.943
0
-0.551
0
-0.55
0
-0.344
0
1.543
0
0
0.469
0
-0.312
0
-0.76
0
0.356
1
0.442
0
-0.191
0
-0.176
0
0.0779999
0
-0.046
0
-0.435
1
0.566
0
0.576
0
-0.1
0
0.747
0
-0.663
0
0.0930001
0
0.1
1
-1.482
0
-0.697
1
-0.011
0
0.423
0
-0.323
0
0.384
1
4.445
0
-0.859
0
0.984
0
-0.135
1
3.7
1
-7.393
0
0
-9.434
1
-0.575
0
0.276
1
-5.899
0
0.401
0
-0.381
0
-0.07
0
0.195
0
-0.994
1
-3.936
1
1.265
0
0.353
1
-20.744
0
-3.772
0
-0.798
0
0.568
1
-7.586
0
-0.519
0
0.298
0
0.685
0
-5.072
1
-8.373
0
-0.354
1
-3.797
0
-0.518
0
0.621
0
0.482
1
-1.148
0
-0.041
0
-0.681
0
-9.434


0.056
0
0.165
0
0.394
0
0.11
1
1.352
1
1.575
1
3.959
0
0.833
0
0.237
0
0.513
0
0.172
0
-9.827
0
0.303
0
0.514
0
-0.527
0
-0.946
0
-0.834
0
-0.026
0
-0.78
0
-0.602
0
0.541
1
-0.265
0
-0.906
0
0.181
0
-0.891
0
0.75
0
0.875
0
0.475
1
2.76
0
-0.00100005
0
0.056


0
0
-0.971
0
0.507
0
0.86
0
-0.435
0
-0.307
0
-0.574
0
0.187
0
-0.024
0
-0.457
0
-0.265
0
0.525
0
-0.346
0
-0.624
0
0.342
0
0.919
0
-0.629
0
-0.292
0
0.497
0
-0.132
0
-0.328
0
0.234
0
0.617
0
0.00899994
0
-0.596
0
-0.391
0
-0.812
0
-0.303
0
0.43
0
-0.773
0
0
0
0
-0.999
0
-0.471
0
0.275
0
0.246
0
-0.297
0
-0.249
0
-0.849
0
-0.931
0
-0.591
0
0.554
0
-0.652
0
0.635
0
0.629
0
-0.489
0
0.749
0
-0.596
0
0.506
0
0.461
0
0.112
0
0.802
0
-0.4
0
0.854
0
-0.24
0
-0.833
0
0.875
0
-0.55
0
0.868
0
-0.845
0
0.242
0
0
0
0
0.711
0
-0.461
0
-0.87
0
-0.301
0
0.232
0
0.873
0
0.216
0
0.377
0
0.056
0
-0.08
0
-0.00400001
0
-0.398
0
0.242
0
-0.856
0
-0.458
0
-0.997
0
0.973
0
0.376
0
-0.784
0
0.171
0
0.451
0
-0.155
0
0.205
0
0.456
0
-0.158
0
0.98
0
0.303
0
-0.917
0
0.914
0
0
0
0
-0.335
0
0.856
0
0.24
0
0.017
0
0.275
0
0.986
0
0.763
0
0.215
0
-0.087
0
-0.46
0
0.684
0
-0.699
0
-0.837
0
0.315
0
0.181
0
0.87
0
0.328
0
-0.015
0
-0.834
0
-0.691
0
0.394
0
0.776
0
0.415
0
-0.778
0
-0.231
0
0.713
0
-0.594
0
-0.705
0
0.335
0
0
0
0
-0.185
0
0.972
0
-0.656
0
-0.743
0
0.373
0
-0.516
0
-0.972
0
0.47
0
-0.58
0
-0.299
0
-0.279
0
-0.098
0
0.062
0
-0.859
0
0.942
0
0.436
0
0.974
0
0.476
0
-0.000999987
0
-0.38
0
-0.533
0
-0.747
0
0.856
0
0.262
0
0.314
0
0.987
0
0.43
0
0.098
0
-0.75
0
0
0
0
0.533
0
-0.626
0
0.787
0
0.103
0
-0.843
0
0.542
0
-0.748
0
-0.466
0
-0.27
0
0.048
0
0.983
0
-0.769
0
0.03
0
-0.898
0
0.33
0
0.099
0
0.174
0
-0.889
0
-0.897
0
0.08
0
-0.031
0
-0.35
0
-0.331
0
-0.339
0
-0.096
0
-0.497
0
0.0700001
0
-0.857
0
0.791
0
0
0
0
-0.493
0
0.516
0
0.682
0
0.493
0
0.564
0
0.605
0
-0.971
0
-0.044
0
-0.737
0
0.15
0
0.394
0
0.134
0
0.205
0
0.547
0
-0.899
0
-0.192
0
-0.654
0
0.139
0
0.616
0
-0.839
0
-0.74
0
-0.226
0
-0.326
0
-0.528
0
-0.723
0
-0.424
0
-0.64
0
-0.958
0
0.509
0
0
0
0
-0.863
0
-0.119
0
-0.00800002
0
0.498
0
0.609
0
0.432
0
0.52
0
-0.735
0
-0.043
0
-0.672
0
-0.949
0
0.53
0
0.825
0
-0.179
0
-0.507
0
0.739
0
0.801
0
0.898
0
-0.59
0
-0.631
0
-0.798
0
-0.389
0
0.546
0
0.124
0
0.015
0
-0.623
0
-0.62
0
-0.542
0
-0.776
0
0
0
0
0.592
0
-0.866
0
0.246
0
-0.484
0
-0.178
0
0.489
0
-0.156
0
0.079
0
-0.853
0
0.829
0
-0.502
0
0.0880001
0
0.609
0
-0.438
0
0.453
0
0.398
0
-0.679
0
-0.716
0
0.556
0
-0.756
0
-0.206
0
0.611
0
-0.364
0
-0.874
0
-0.097
0
-0.901
0
0.289
0
0.829
0
-0.241
0
0
0
0
-0.24
0
0.737
0
-0.608
0
0.112
0
-0.49
0
0.502
0
-0.452
0
-0.026
0
-0.518
0
-0.039
0
-0.17
0
-0.11
0
0.63
0
0.557
0
-0.784
0
0.446
0
-0.189
0
-0.153
0
0.912
0
-0.759
0
0.768
0
-0.836
0
0.834
0
0.417
0
-0.623
0
0.219
0
0.97
0
-0.075
0
0.074
0
0


-3.582
0
-0.098
0
0.612
0
-1.874
1
-11.646
1
4.69
0
-0.61
1
-12.117
0
0.812
0
16.991
0
-3.155
0
0.346
1
-1.135
0
-0.377
0
-0.108
0
4.974
1
2.891
0
-0.149
0
-0.91
0
-0.2
0
-0.329
0
-0.92
0
-0.73
0
-0.184
1
-1.708
0
-0.642
0
-0.046
0
0.863
0
-0.192
0
-0.618
0
-3.582
-5.545
0
-0.797
1
-4.199
1
-6.034
1
-5.501
1
0.39
1
-0.267
0
-0.111
0
4.157
0
-0.374
0
-0.649
0
0.1
1
1.723
1
3.969
1
-1.46
0
-0.66
0
-0.637
0
-0.038
1
-0.306
1
-1.096
1
-2.747
0
1.926
0
-0.989
0
0.056
1
-6.151
0
0.459
1
-6.389
1
-10.388
0
11.6
0
0.296
0
-5.545
5.739
0
-0.915
0
2.095
1
-15.603
1
1.626
0
-0.00800002
1
-1.004
0
-0.36
1
-3.524
1
-1.859
0
-0.3
1
-5.251
0
0.514
1
-1.7
0
-0.935
0
-0.76
0
-0.844
0
0.579
0
-0.784
1
-16.312
0
-0.182
0
2.9
0
0.149
1
-17.984
0
-0.485
0
0.97
0
-0.00999999
1
-6.451
1
4.083
1
-17.618
1
5.739
-4.476
0
0.202
1
6.91
0
0.593
1
6.568
1
1.499
1
4.001
0
-6.01
1
-2.445
0
0.89
1
-1.958
0
-9.145
1
-18.342
1
6.983
0
0.173
0
1.843
0
0.121
0
0.292
0
0.668
0
0.892
0
-0.735
1
-19.897
1
15.01
1
2.427
0
-0.833
1
0.411
1
-5.479
0
-0.551
0
0.393
0
0.512
0
-4.476
-0.592
1
-8.26
0
-0.983
1
0.527
0
-0.7
1
-5.892
0
0.185
0
-0.699
1
12.942
1
0.364
0
-0.801
1
-6.719
0
-0.644
1
-8.69
0
0.616
0
0.469
0
-0.591
0
0.202
1
-10.9
1
-0.147
1
1.368
0
0.11
1
0.612
1
-4.455
1
-2.703
0
0.545
0
-0.345
0
3.088
1
3.964
0
-0.469
0
-0.592
-4.661
0
-0.36
0
-0.579
0
0.316
1
-3.536
1
0.861
0
1.545
0
0.89
0
0.962
0
-0.863
0
-0.994
0
-0.262
1
-7.408
0
0.315
0
-0.938
0
5.63
0
-5.752
0
6.601
1
3.763
1
-0.505
0
-4.829
0
-0.584
0
0.503
0
-10.476
0
-0.361
0
-0.032
1
-6.746
0
-0.966
0
0.405
0
0.521
0
-4.661


0.724
0
-0.315
0
0.39
0
-0.391
0
-0.614
0
-0.794
0
0.952
0
0.695
0
-0.728
1
-1.583
0
-0.244
1
-5.136
0
0.21
0
-0.446
1
0.618
0
0.465
0
0.138
0
-0.817
1
-15.683
0
-5.854
1
-4.264
1
19.317
0
-0.04
0
-0.027
0
-5.582
0
0.17
1
7.032
1
6.287
0
0.682
1
-0.01
1
0.724
-9.215
1
-0.308
0
0.269
0
0.013
1
-3.618
1
7.037
1
0.659
1
-10.122
0
-0.497
0
-0.613
0
0.224
1
1.744
0
-0.862
0
-0.095
0
0.735
1
-2.428
0
-0.017
1
-1.573
1
3.219
0
-0.956
0
0.957
1
2.602
0
-0.506
0
0.777
0
0.417
1
-11.596
1
-1.568
1
-1.31
1
0.105
1
-1.448
0
-9.215
-3.898
1
0.143
0
-0.394
0
-0.3
0
-0.235
1
0.195
1
-19.176
1
-4.973
1
0.306
1
-0.235
1
1.348
1
-7.019
0
0.077
0
0.122
0
-0.00300002
1
-0.743
0
0.449
1
-5.241
1
-4.88
0
-0.36
0
0.122
0
-2.547
0
-0.815
1
-4.377
0
-0.467
0
1.556
1
-0.691
1
8.389
1
0.023
1
-0.357
0
-3.898
-1.29
0
0.126
0
-0.472
1
-2.821
0
-0.685
0
0.134
1
-1.861
0
-0.899
1
-2.369
0
0.113
0
-0.246
0
-0.513
1
-8.393
1
-12.198
0
0.239
0
0.783
0
-0.331
0
-0.559
0
0.022
0
1.771
0
0.106
0
-4.01
1
2.083
0
-0.888
0
0.052
0
-1.461
1
-2.131
0
0.757
0
-0.878
0
-0.085
0
-1.29
-0.704
0
1.489
1
3.891
1
3.957
0
-0.414
1
-0.422
1
-4.511
0
0.434
1
4.645
0
-0.632
0
0.876
1
-3.343
1
-0.401
1
2.43
0
-0.452
1
-0.549
1
6.557
0
0.974
0
-0.883
0
-0.835
1
-1.077
0
0.527
1
-0.636
0
-0.351
0
0.846
0
0.936
1
8.316
0
-3.474
0
-6.543
1
-5.758
0
-0.704
5.89
0
0.967
0
0.139
0
-16.307
1
0.263
0
4.684
1
-0.165
1
1.783
1
8.177
0
0.924
0
-0.469
1
-6.951
1
-1.519
0
0.038
0
-0.176
0
-11.572
1
9.117
1
-6.173
0
0.862
0
0.238
0
0.936
0
-0.677
0
-0.816
0
0.451
1
1.529
0
-0.00300002
1
-0.266
1
-4.068
0
0.833
0
0.468
1
5.89


-2.857
0
0.883
0
-4.496
1
-6.63
1
1.112
0
-18.737
0
0.217
1
-3.489
1
-7.251
0
0.383
1
-6.333
0
0.268
0
0.364
0
-0.554
1
-1.573
0
-0.088
0
0.468
0
-0.396
1
4.394
0
0.163
0
-0.821
0
-0.355
0
0.74
0
0.613
0
-0.636
0
0.564
0
-0.405
0
-0.285
0
9.637
0
-0.746
0
-2.857
-6.774
1
-10.537
1
-2.483
0
0.896
1
-3.913
0
-0.699
0
0.855
0
-7.412
1
-6.673
0
-0.967
0
-0.785
1
-0.581
0
-0.703
1
-0.214
0
-0.339
0
-0.031
0
-0.863
0
-0.457
1
1.236
1
14.302
1
-5.467
1
0.86
0
0.726
0
-0.428
1
-0.931
0
-0.909
0
-0.515
1
-11.242
0
0.586
0
0.212
0
-6.774
0.981
0
-0.587
0
0.347
0
-0.424
0
-0.681
0
0.387
0
-0.349
0
0.296
1
2.173
0
0.456
0
-0.271
0
0.204
0
-0.745
0
-0.717
0
0.677
0
-0.796
0
-3.172
0
-0.844
1
5.706
0
0.693
1
-4.203
0
-0.316
0
-0.79
0
-0.022
0
-0.116
1
0.416
1
0.838
0
-0.425
1
-11.614
0
0.929
0
0.981
-11.591
0
-0.181
0
-0.572
1
4.17
0
-0.522
0
-0.176
0
0.993
1
-10.81
0
0.505
0
0.229
1
-7.559
0
-0.83
1
5.073
0
0.584
0
12.052
0
0.121
0
0.98
1
1.654
0
0.649
1
-3.886
0
-0.537
0
-0.762
0
-0.94
0
-0.228
0
-0.431
0
0.313
1
-8.386
1
2.967
1
-0.334
0
1.107
0
-11.591
-8.106
1
-1.653
0
0.762
1
-12.144
0
0.35
0
-4.389
0
0.745
0
-0.96
1
2.809
1
3.17
1
0.91
0
-0.768
0
0.341
0
0.857
0
0.357
1
2.846
0
-0.153
0
-0.81
1
-0.138
0
0.855
1
-3.393
0
-7.097
1
3.562
0
0.636
0
-0.134
1
1.979
1
-6.731
1
12.58
1
0.542
1
4.111
1
-8.106
-12.13
1
1.45
1
1.523
1
-3.226
0
-0.95
0
-0.825
0
-0.864
0
0.2
0
-0.373
1
-13.99
0
-0.681
1
-4.148
0
0.236
0
0.849
0
-0.103
0
0.341
1
-5.927
0
-0.168
1
-29.566
0
-2.236
0
-0.729
1
-7.001
1
-2.707
1
0.938
0
11.595
0
-0.644
0
5.94
0
-0.983
0
0.537
0
1.781
1
-12.13


-2
0
-0.645
0
0.46
0
0.653
0
0.177
0
0.576
0
0.11
0
0.931
0
0.802
0
-0.034
0
-0.512
1
-1.008
0
0.198
0
0.979
0
-0.387
0
0.385
0
0.723
0
0.72
0
0.079
0
-0.989
0
0.559
0
-0.242
0
0.823
0
0.222
0
0.457
0
-0.072
1
0.473
0
0.601
0
0.326
0
0.853
0
-2


0
0
0.606
0
0.179
0
-0.063
0
-0.652
0
0.026
0
-0.599
0
-0.838
0
0.269
0
0.18
0
0.383
0
0.057
0
-0.329
0
0.057
0
0.178
0
0.267
0
-0.288
0
-0.891
0
-0.95
0
0.743
0
-0.705
0
-0.771
0
-0.112
0
-0.781
0
0.867
0
-0.214
0
-0.528
0
0.282
0
0.412
0
0.247
0
0
0
0
0.2
0
0.75
0
-0.417
0
-0.874
0
0.593
0
-0.851
0
0.784
0
0.307
0
-0.939
0
0.606
0
0.521
0
-0.557
0
-0.026
0
0.391
0
0.247
0
0.78
0
-0.862
0
-0.032
0
-0.411
0
0.846
0
-0.25
0
0.563
0
0.349
0
-0.773
0
-0.449
0
0.937
0
-0.53
0
-0.777
0
-0.287
0
0
0
0
-0.468
0
-0.58
0
-0.908
0
-0.318
0
0.497
0
0.475
0
-0.103
0
-0.084
0
-0.9
0
-0.689
0
-0.99
0
0.453
0
0.725
0
0.732
0
-0.639
0
0.699
0
0.35
0
-0.623
0
-0.331
0
-0.708
0
0.368
0
0.766
0
-0.537
0
0.067
0
0.071
0
0.689
0
-0.139
0
-0.798
0
-0.816
0
0
0
0
0.962
0
0.178
0
0.496
0
0.859
0
0.071
0
0.235
0
-0.758
0
-0.282
0
0.647
0
0.028
0
-0.877
0
-0.584
0
-0.165
0
0.056
0
0
0
0.077
0
-0.377
0
-0.167
0
-0.412
0
0.463
0
0.375
0
0.996
0
-0.994
0
0.127
0
-0.597
0
-0.531
0
-0.079
0
-0.474
0
-0.971
0
0
0
0
-0.035
0
0.544
0
0.244
0
0.044
0
0.09
0
0.979
0
-0.005
0
0.743
0
0.795
0
-0.458
0
-0.564
0
-0.023
0
-0.568
0
-0.267
0
-0.797
0
0.508
0
0.388
0
-0.334
0
0.245
0
-0.157
0
-0.284
0
0.623
0
-0.574
0
0.736
0
-0.508
0
-0.563
0
-1
0
0.408
0
0.486
0
0
0
0
0.675
0
-0.98
0
-0.814
0
-0.867
0
-0.568
0
0.248
0
0.817
0
0.585
0
0.12
0
-0.414
0
-0.732
0
0.434
0
0.873
0
-0.678
0
0.616
0
0.942
0
0.279
0
0.878
0
-0.267
0
0.299
0
-0.266
0
-0.082
0
-0.00400001
0
0.738
0
0.283
0
-0.00199997
0
0.576
0
-0.531
0
0.22
0
0
0
0
-0.81
0
-0.523
0
0.418
0
0.688
0
0.098
0
0.172
0
0.846
0
-0.137
0
-0.482
0
0.887
0
-0.255
0
0.438
0
-0.00800002
0
0.492
0
0.933
0
-0.401
0
-0.334
0
0.169
0
-0.365
0
-0.712
0
-0.366
0
-0.699
0
-0.093
0
-0.603
0
-0.515
0
0.807
0
0.82
0
0.716
0
0.31
0
0
0
0
0.421
0
-0.511
0
-0.287
0
-0.617
0
0.641
0
-0.371
0
-0.704
0
0.82
0
0.573
0
0.689
0
-0.614
0
-0.031
0
0.231
0
0.31
0
-0.504
0
-0.766
0
-0.336
0
0.00600004
0
-0.598
0
0.25
0
-0.254
0
0.051
0
-0.503
0
-0.052
0
0.067
0
-0.934
0
-0.932
0
0.64
0
0.779
0
0
0
0
0.68
0
-0.526
0
-0.656
0
0.641
0
-0.893
0
0.126
0
-0.859
0
-0.484
0
0.69
0
0.508
0
-0.23
0
0.027
0
0.154
0
0.845
0
0.21
0
-0.233
0
-0.919
0
0.739
0
0.21
0
0.498
0
0.284
0
-0.149
0
-0.188
0
0.024
0
0.352
0
-0.579
0
0.962
0
-0.574
0
-0.664
0
0
0
0
-0.355
0
-0.033
0
0.166
0
0.587
0
-0.421
0
0.286
0
0.0140001
0
0.978
0
-0.00700003
0
-0.368
0
0.94
0
0.978
0
-0.416
0
-0.764
0
0.736
0
-0.714
0
0.095
0
0.914
0
-0.607
0
0.766
0
0.345
0
0.034
0
-0.628
0
0.111
0
0.571
0
-0.679
0
0.284
0
0.124
0
-0.463
0
0


-1.244
1
-3.443
1
-3.713
0
0.492
1
-14.776
0
-0.111
1
-5.852
0
-0.462
0
0.704
0
-0.694
0
0.573
0
-0.319
0
0.586
0
5.473
1
-7.328
0
-0.357
0
-5.491
0
0.368
1
-2.602
0
-0.145
0
-0.937
0
-0.931
0
0.824
0
0.469
0
-0.316
1
-1.351
1
-1.599
0
0.11
1
0.705
0
-0.04
0
-1.244
2.213
1
-1.345
0
0.915
0
0.907
1
-2.055
1
-22.574
0
-0.615
0
0.311
0
0.893
0
5.803
0
-0.427
1
-12.593
0
0.782
0
-0.984
1
1.124
0
0.431
1
-2.134
1
-16.761
1
4.687
1
-5.713
0
0.485
0
-3.084
0
-1.289
0
-0.603
0
-0.087
0
0.126
0
-0.515
0
-0.983
0
0.718
1
15.433
0
2.213
0.641
0
-0.747
0
-0.743
0
0.977
0
0.111
0
-0.572
0
0.453
1
-1.309
1
9.301
0
-0.3
1
-2.756
1
1.082
1
1.014
0
-5.081
0
-0.424
0
-1.432
1
5.377
1
-13.019
0
0.898
0
0.599
1
-2.425
0
-0.89
0
-1.549
0
-0.125
0
0.467
0
-0.788
0
-4.821
1
-16.332
1
-4.193
1
-1.586
0
0.641
1.178
0
-0.758
0
0.169
0
2.516
0
0.288
0
-0.017
0
-2.69
0
0.142
1
-11.712
0
-0.574
0
0.974
1
-10.989
1
9.183
0
-0.851
1
5.067
1
4.358
0
0.698
0
1.012
0
-0.368
1
0.677
0
0.965
1
8.401
0
-0.167
1
0.228
0
0.11
0
-0.919
0
0.119
1
-3.892
0
-0.948
0
-0.982
0
1.178
5.468
0
0.563
0
-2.534
1
-2.561
0
0.0549999
0
0.473
0
0.914
0
0.308
0
-0.453
0
-0.298
0
0.994
1
-0.672
1
2.245
0
0.475
0
-0.014
0
0.196
0
-0.466
0
-0.699
0
0.924
1
5.879
0
0.879
0
-8.121
0
0.904
1
-16.076
0
0.829
0
0.611
0
0.831
0
-0.528
1
-3.381
0
0.642
0
5.468
2.593
0
-3.17
0
0.998
1
3.101
0
-0.005
0
-0.135
0
-0.588
1
0.993
1
6.141
1
5.747
1
-0.897
1
2.567
1
0.336
1
-6.1
0
0.405
0
0.005
0
-0.928
1
-2.6
0
-0.311
0
-0.552
0
0.117
0
-0.162
0
0.868
0
0.847
0
0.981
0
0.931
0
-0.037
1
3.877
0
-0.975
0
-0.028
0
2.593


-1.194
0
0.388
0
-0.929
0
0.772
0
0.801
1
2.049
0
0.823
0
-0.296
0
0.467
0
0.604
0
-0.6
1
1.391
1
-1.953
0
-0.226
0
0.569
0
-0.494
0
0.509
1
0.647
0
0.486
0
-2.339
0
0.61
1
-12.428
0
0.142
0
0.404
1
-0.787
1
0.756
1
7.249
0
1.963
1
-0.571
0
-1.765
0
-1.194
1.693
0
0.663
1
-6.369
0
10.099
0
0.136
0
0.493
0
0.0650001
0
0.507
0
0.046
0
-0.72
1
-1.677
0
-0.013
1
-1.857
0
-2.683
0
0.02
0
-0.447
1
-0.715
0
-0.574
0
-0.974
0
-0.00599998
0
-0.294
0
3.122
1
5.959
1
-6.184
1
2.025
1
-1.121
1
-1.353
1
0.367
1
-2.917
0
0.196
1
1.693
-4.324
0
-0.269
1
-7.771
0
-5.22
1
9.858
0
-0.024
1
2.482
0
0.714
1
2.65
0
-0.147
1
4.116
0
-0.505
1
-11.323
0
0.42
1
-11.403
0
0.598
0
0.952
1
2.966
0
-10.828
1
5.782
1
1.114
1
1.87
0
-3.529
1
2.869
1
-2.931
0
-0.691
1
3.862
0
8.596
1
3.164
1
6.393
1
-4.324
3.67
1
4.82
0
0.92
0
-0.418
1
-2.64
0
0.752
0
-0.644
0
-0.227
0
0.635
0
0.177
0
-1.405
1
1.97
1
-2.351
1
-4.81
1
6.14
0
-0.7
1
0.587
0
-0.138
1
-13.821
1
2.085
1
5.25
1
-5.233
0
0.461
0
5.322
1
-15.624
1
2.288
0
-0.906
0
-0.267
1
-2.891
0
0.347
0
3.67
-15.347
1
-14.326
0
-0.637
0
-0.66
1
-3.248
1
-0.741
0
-0.861
0
0.445
0
-0.72
0
-0.29
0
0.067
0
0.329
1
-17.079
0
0.02
0
-0.665
0
-0.397
0
0.867
0
-0.391
1
-18.012
1
-3.762
1
2.369
1
-0.622
1
5.166
0
-0.829
0
-0.742
0
-0.45
1
-11.321
0
-6.389
1
-16.475
0
0.098
1
-15.347
2.891
0
-5.363
0
-0.491
0
0.282
0
-0.952
1
-5.066
0
-0.208
1
2.223
0
-0.413
1
-0.126
1
-6.374
0
0.953
1
-3.198
0
-0.714
0
-3.498
0
0.922
0
0.356
0
-0.649
1
-5.244
0
0.777
0
-5.123
1
-6.007
0
-0.122
0
-0.456
1
-2.438
0
-5.574
0
-3.864
0
-0.813
0
-2.834
1
-0.619
0
2.891


-1.666
0
0.848
0
-0.555
0
-0.168
1
5.085
1
-2.788
0
-0.281
0
0.608
0
-0.645
0
-0.699
1
-2.804
1
-3.609
0
-0.067
1
7.604
0
0.435
0
-0.299
1
4.877
1
-4.909
1
-10.115
1
4.323
0
0.711
0
-0.502
0
-0.66
1
-6.346
1
-9.215
0
0.882
1
4.265
0
-0.51
0
0.64
0
0.081
0
-1.666
0
0
-0.756
0
-0.422
0
0.157
0
-0.55
0
0.784
0
-0.938
0
0.604
1
1.929
0
-0.015
0
0.444
0
-0.248
0
-0.707
0
0.533
0
0.194
0
0.844
0
-0.929
0
0.256
1
0.548
0
-0.806
0
-0.342
0
0.864
0
0.623
0
0.377
0
0.584
0
1.906
0
0.666
1
-2.108
0
0.868
1
-5.319
0
0
1.136
1
-16.928
0
-0.944
1
0.479
0
0.622
0
0.5
0
-0.016
0
0.297
0
0.195
1
1.419
0
0.899
1
-2.251
0
-0.876
0
0.884
1
0.026
0
1.739
1
13.222
1
1.712
1
2.412
0
0.366
1
-2.865
1
-3.091
0
-0.808
1
3.194
0
0.059
1
0.151
0
0.176
0
0.146
1
0.762
0
-2.084
0
1.136
-2.027
0
-0.279
0
0.337
0
-0.554
0
-0.402
1
-0.479
0
-0.516
1
0.998
0
-0.557
0
0.067
0
-0.839
0
0.68
1
0.391
0
-0.717
1
2.781
0
-0.539
0
-0.331
1
0.128
1
4.427
0
0.974
0
-0.678
0
0.831
0
0.372
0
-0.489
1
-5.762
0
-0.261
0
-2.52
0
0.563
1
-7.508
1
-1.697
0
-2.027
-2.591
1
4.108
0
-0.687
1
-12.507
1
-10.515
1
-2.815
0
-9.649
0
-0.261
0
0.287
1
-3.688
0
0.42
0
0.809
0
-1.812
0
-0.052
1
0.412
1
3.289
0
-0.404
1
1.656
0
-0.565
1
-3.634
0
0.453
1
-5.779
0
-0.944
0
0.942
0
0.372
0
0.854
0
-0.464
0
-0.48
0
-0.763
1
-1.049
0
-2.591
-8.158
0
-5.83
0
-0.354
0
-0.064
0
0.274
0
-0.681
1
3.192
1
-20.095
1
3.766
0
0.959
0
1.63
0
-0.545
1
-5.256
1
1.252
1
0.523
0
-0.761
1
-4.566
1
2.151
1
-1.201
1
-2.864
1
4.588
0
0.931
0
-0.516
0
-0.427
0
-0.31
1
0.633
0
0.535
1
5.413
0
-0.498
1
3.379
0
-8.158


-0.408
0
-0.732
0
0.106
0
-0.66
0
-0.999
1
0.249
1
0.217
0
0.352
0
-0.566
0
0.877
0
0.637
0
-0.363
0
-0.524
0
-0.16
0
0.131
0
0.582
0
0.153
0
-0.55
0
0.794
0
0.597
0
-0.702
0
-0.989
0
-0.105
0
0.0650001
0
-0.435
1
0.882
0
-0.261
1
1.152
0
0.584
0
0.656
1
-0.408


0
0
0.762
0
-0.969
0
-0.858
0
0.691
0
-0.062
0
0.291
0
-0.456
0
-0.702
0
0.248
0
-0.631
0
0.808
0
-0.157
0
-0.528
0
0.112
0
0.668
0
0.79
0
0.537
0
-0.681
0
0.365
0
0.013
0
-0.574
0
0.179
0
-0.079
0
-0.309
0
0.174
0
-0.00199997
0
0.039
0
-0.386
0
-0.844
0
0
0
0
0.095
0
0.969
0
0.596
0
-0.198
0
0.136
0
0.578
0
-0.89
0
0.671
0
-0.859
0
0.789
0
0.768
0
-0.000999987
0
-0.947
0
0.351
0
-0.938
0
-0.918
0
-0.189
0
0.971
0
0.845
0
-0.636
0
-0.232
0
0.385
0
0.907
0
-0.66
0
0.611
0
-0.226
0
-0.805
0
0.602
0
-0.06
0
0
0
0
0.67
0
-0.811
0
0.288
0
-0.146
0
-0.778
0
-0.846
0
-0.766
0
-0.644
0
-0.592
0
-0.581
0
0.538
0
-0.227
0
0.993
0
0.679
0
0.96
0
-0.423
0
0.085
0
0.763
0
0.36
0
-0.444
0
0.361
0
-0.212
0
0.692
0
-0.376
0
-0.076
0
0.321
0
-0.614
0
-0.781
0
-0.979
0
0
0
0
-0.867
0
0.121
0
0.523
0
0.884
0
-0.579
0
-0.092
0
-0.038
0
-0.856
0
0.268
0
-0.702
0
0.923
0
0.239
0
0.186
0
0.422
0
-0.055
0
-0.326
0
0.719
0
0.211
0
-0.535
0
-0.09
0
0.021
0
0.306
0
0.337
0
0.817
0
-0.588
0
0.163
0
-0.61
0
0.874
0
-0.098
0
0
0
0
-0.695
0
-0.307
0
-0.404
0
0.233
0
0.239
0
-0.183
0
-0.438
0
-0.201
0
0.943
0
-0.00199997
0
0.239
0
0.158
0
0.413
0
-0.435
0
-0.346
0
0.938
0
-0.203
0
0.466
0
-0.882
0
0.37
0
0.911
0
0.871
0
0.423
0
0.401
0
-0.142
0
-0.97
0
0.895
0
-0.047
0
0.183
0
0
0
0
-0.503
0
-0.208
0
-0.547
0
0.08
0
-0.903
0
-0.856
0
0.09
0
0.161
0
-0.766
0
0.028
0
-0.55
0
0.013
0
-0.036
0
0.891
0
0.144
0
0.329
0
-0.302
0
0.33
0
0.313
0
0.812
0
-0.351
0
-0.342
0
-0.127
0
-0.558
0
0.289
0
-0.322
0
-0.777
0
-0.686
0
-0.909
0
0
0
0
0.766
0
0.22
0
0.036
0
0.132
0
-0.63
0
0.832
0
-0.297
0
0.424
0
0.417
0
-0.445
0
0.889
0
-0.024
0
-0.011
0
0.124
0
0.049
0
-0.086
0
0.054
0
-0.405
0
-0.337
0
0.204
0
-0.043
0
0.268
0
-0.24
0
0.861
0
0.825
0
-0.196
0
-0.771
0
0.717
0
-0.734
0
0
0
0
0.722
0
0.412
0
0.995
0
-0.723
0
-0.1
0
-0.075
0
-0.2
0
-0.203
0
-0.468
0
0.546
0
0.305
0
0.013
0
-0.623
0
0.959
0
-0.938
0
-0.889
0
-0.766
0
0.711
0
-0.054
0
0.191
0
0.995
0
0.035
0
0.443
0
-0.328
0
0.962
0
0.005
0
-0.696
0
-0.536
0
-0.079
0
0
0
0
0.935
0
0.553
0
-0.352
0
0.806
0
-0.78
0
0.604
0
-0.68
0
-0.535
0
0.153
0
0.028
0
0.732
0
-0.107
0
-0.72
0
0.667
0
-0.237
0
0.308
0
-0.458
0
0.834
0
0.61
0
0.17
0
-0.609
0
-0.17
0
-0.819
0
0.727
0
0.09
0
-0.793
0
0.686
0
-0.131
0
0.726
0
0
0
0
-0.416
0
-0.315
0
-0.389
0
0.692
0
-0.804
0
0.96
0
0.844
0
0.714
0
0.235
0
0.508
0
-0.943
0
0.662
0
-0.858
0
-0.501
0
0.079
0
-0.567
0
-0.901
0
-0.347
0
-0.799
0
-0.897
0
-0.063
0
-0.487
0
0.765
0
-0.886
0
-0.92
0
-0.673
0
-0.842
0
0.54
0
-0.092
0
0


-2.153
1
-0.238
0
0.316
0
0.606
0
0.55
0
0.305
0
-0.953
0
0.867
0
-0.999
0
0.573
0
-0.114
1
-12.32
0
0.251
0
0.827
0
0.958
1
-4.105
0
5.389
1
0.305
0
0.809
0
-0.358
0
-0.811
0
0.636
1
-2.008
1
-3.083
0
0.936
1
-9.146
1
-2.327
1
-13.184
0
-2.238
1
-5.879
0
-2.153
0.388
0
1.53
1
3.776
0
-0.183
1
-1.234
0
-0.231
1
1.861
1
2.064
0
-0.413
1
-4.446
0
-1.334
0
-10.639
0
0.85
1
-21.177
0
0.32
0
-0.086
0
-0.197
1
2.663
0
0.84
0
-0.124
0
-0.462
0
0.725
1
10.887
0
-0.678
1
-3.91
0
0.302
0
-0.565
1
0.19
0
-0.731
1
1.712
0
0.388
-3.403
1
-16.02
0
0.16
1
-4.866
0
-3.456
0
-0.089
1
-0.741
1
-11.889
0
-1.259
1
0.696
0
0.406
0
-0.243
0
0.194
1
-1.171
0
0.228
0
-0.615
0
-0.2
0
0.227
0
-4.554
0
0.309
0
-0.847
0
-0.428
0
-0.314
1
-0.358
0
-0.493
1
-8.144
1
-3.592
0
0.114
0
0.597
0
-0.184
0
-3.403
-3.273
0
0.477
0
-0.704
1
1.418
0
-5.938
1
-9.222
1
3.984
0
-2.28
0
0.485
1
2.574
1
0.0880001
1
-0.747
0
-0.426
0
-0.757
0
-3.803
1
2.373
0
0.864
0
-0.481
0
0.544
1
2.563
1
-9.586
0
0.504
0
0.185
0
0.686
0
1.631
1
-4.042
0
0.332
0
0.462
1
-4.127
0
-0.243
0
-3.273
-3.094
0
0.161
0
-0.782
0
-9.565
1
10.666
1
3.805
0
0.067
0
0.666
0
-0.452
1
-5.609
1
4.486
0
0.683
0
0.873
1
-5.311
0
-0.155
0
-0.177
0
5.409
1
11.352
1
-4.084
0
3.891
0
-0.795
0
1.412
0
0.141
1
-0.776
1
-8.57
1
-9.12
1
-3.155
0
0.921
0
0.423
0
0.878
0
-3.094
-10.793
0
0.283
0
0.254
0
0.084
1
-7.218
0
0.022
1
-7.208
0
-0.408
0
0.134
0
-0.304
1
3.176
1
-0.373
1
-9.529
0
0.394
1
-8.633
1
2.553
1
-1.078
0
-0.659
0
0.777
1
2.727
0
-0.566
0
0.163
0
2.997
0
-0.734
1
6.783
0
0.281
1
11.952
0
0.207
0
-0.058
0
0.89
1
-10.793


0.999
0
0.172
0
-0.017
0
0.556
0
0.724
0
-0.175
1
-0.989
0
-0.472
1
3.629
1
-0.04
0
-5.94
0
-0.372
1
-1.819
0
0.749
1
-0.921
0
-0.113
0
0.358
1
-1.269
0
-0.222
0
-0.27
1
11.782
1
13.1
1
-8.528
0
0.988
0
0.935
0
-0.522
1
-4.264
0
0.518
0
-0.812
1
1.029
0
0.999
-0.244
0
0.333
0
0.802
0
-0.506
1
-4.654
0
5.03
1
5.779
0
0.882
1
-11.884
1
-11.982
0
0.744
0
0.678
0
-0.31
1
3.318
1
-1.709
0
-2.633
0
-0.152
1
2.332
0
0.0880001
0
0.733
0
-4.966
1
1.007
0
0.636
0
-0.323
0
-0.445
0
-0.348
0
1.337
0
0.452
0
-0.458
0
-3.979
1
-0.244
-0.821
0
-0.613
0
0.901
0
0.371
1
-7.014
1
-5.134
0
-0.791
1
-1.589
0
0.665
1
-6.406
0
0.744
0
-0.273
1
-6.243
1
-5.324
0
-0.747
1
-0.773
1
1.593
1
1.42
1
-11.852
0
-5.497
0
0.48
0
-0.243
0
-4.604
0
0.604
1
10.3
0
-0.076
1
0.485
0
-0.866
0
-0.689
1
1.215
0
-0.821
5.395
1
-1.808
0
-0.957
1
-2.995
0
5.943
0
-8.398
0
0.382
1
-0.388
1
-1.287
1
-0.163
1
-4.681
1
5.712
0
0.325
1
-9.906
0
-0.977
0
-0.106
1
-11.755
1
1.533
1
-4.047
0
-0.296
1
0.721
0
0.022
1
-6.055
1
-0.129
1
0.387
0
-0.532
1
1.529
1
-2.582
0
0.554
0
-0.703
0
5.395
6.127
0
0.208
1
2.121
1
-2.439
0
-0.248
0
-0.852
1
-2.928
0
0.112
1
-6.902
1
-0.951
0
1.067
0
0.399
1
-16.46
1
-12.735
1
0.206
0
-0.746
0
-0.239
0
0.107
1
-4.974
0
-6.546
1
0.193
0
0.071
0
-0.907
0
0.27
0
-0.205
1
-1.692
1
-2.612
1
2.486
1
6.678
0
0.608
1
6.127
0.395
1
-3.809
0
-0.719
1
-2.043
0
-1.177
0
0.467
0
0.676
1
-9.915
1
-1.002
0
0.89
1
-3.031
0
-7.849
1
-3.54
1
-3.028
1
3.653
1
-3.748
1
-6.559
1
-8.318
0
0.919
1
-4.145
0
0.187
1
-5.149
0
-0.184
0
0.761
0
0.028
1
-9.348
0
2.923
1
-3.864
1
-1.528
1
-11.153
1
0.395


0.376
1
-6.384
0
2.673
0
0.37
0
-0.24
0
0.531
0
-0.983
1
1.31
1
-4.043
0
-1.597
0
-0.946
0
0.806
1
-2.789
0
0.984
0
3.534
0
-0.115
0
0.739
0
0.87
1
0.792
1
-0.587
0
1.464
0
-2.903
0
0.952
1
-0.837
0
-5.179
0
0.704
0
0.989
1
6.307
1
-13.731
1
-4.338
1
0.376
-14.054
1
-15.204
0
0.303
0
0.857
1
-0.821
0
-0.332
0
-0.933
0
0.036
0
0.288
0
-0.607
1
-12.429
1
1.26
0
-0.821
1
-6.942
1
-1.447
0
0.46
1
-11.553
1
-9.84
1
6.557
0
-0.903
1
-1.126
0
-0.972
1
-3.58
1
3.591
0
0.755
0
0.421
1
1.005
0
-0.62
0
-0.204
1
1.063
1
-14.054
1.249
0
-6.254
1
-1.775
1
-1.269
0
0.465
1
-1.133
0
0.378
0
-0.737
1
-10.706
0
3.705
0
0.312
0
-0.923
1
7.054
1
9.218
1
-6.466
0
0.936
1
1.17
1
-3.368
1
-10.322
0
0.0650001
0
-0.934
1
2.614
1
-0.00100002
0
0.262
0
0.407
0
-0.643
1
-2.039
1
-4.074
0
-8.326
1
4.474
0
1.249
3.941
1
-7.579
0
-0.476
0
-1.076
0
-0.336
0
-0.42
1
-10.166
1
-3.233
0
-5.883
1
0.069
0
-2.367
0
-0.734
1
-0.415
0
9.441
0
1.522
1
-3.905
1
-4.177
0
0.979
0
0.626
0
-0.024
0
0.584
0
-0.335
1
-3.075
0
0.852
1
1.239
0
-0.418
0
-0.304
0
0.858
0
-0.229
1
-1.856
0
3.941
-6.625
0
0.548
0
-10.358
1
-0.0400001
0
-0.448
1
2.127
1
2.336
0
0.451
0
-0.952
0
0.539
1
0.018
1
-2.487
1
-1.908
0
-0.09
0
-0.448
0
-0.333
0
-0.406
0
0.113
0
-0.697
0
0.164
0
0.508
0
-0.663
0
3.629
0
-0.821
0
-0.425
0
0.504
1
-3.683
0
-0.62
1
-2.187
0
-0.077
0
-6.625
-1.955
0
-9.935
1
-2.128
1
5.759
0
-0.587
0
-0.531
1
-5.187
1
-10.752
0
-5.37
1
-3.921
1
-1.459
0
0.485
1
-9.521
0
-0.756
1
2.265
0
-2.337
0
-12.51
0
0.311
0
0.986
0
0.769
0
3.985
0
0.612
0
0.43
1
-8.49
0
2.011
0
-2.963
0
0.479
1
18.518
1
-5.552
1
0.594
0
-1.955


0
1
0.085
0
0.156
0
-0.792
0
0.721
0
-0.738
0
0.429
0
0.058
0
-0.332
0
0.692
0
-0.843
0
-0.092
0
-0.636
0
0.762
0
0.973
0
-0.827
0
-0.939
0
0.28
1
-0.218
0
-0.931
0
0.727
0
-0.184
0
-0.361
0
0.66
0
0.304
0
0.979
0
-0.363
0
-0.53
0
-0.49
0
-0.489
0
0
