

0
0
-0.11
0
-0.279
0
0.98
0
-0.305
0
0.824
0
-0.576
0
-0.323
0
-0.744
0
-0.509
0
0.303
0
-0.223
0
0.619
0
-0.889
0
0.233
0
-0.716
0
0.0319999
0
-0.85
0
-0.835
0
0.41
0
-0.037
0
0.224
0
-0.68
0
-0.213
0
0.238
0
0.817
0
-0.919
0
0.972
0
-0.287
0
0.938
0
0
0
0
-0.076
0
0.108
0
-0.771
0
0.763
0
0.563
0
0.931
0
-0.019
0
0.69
0
-0.341
0
0.744
0
0.198
0
0.015
0
-0.643
0
0.601
0
0.654
0
0.863
0
-0.448
0
-0.547
0
-0.282
0
-0.367
0
-0.148
0
-0.462
0
0.956
0
0.505
0
0.533
0
0.442
0
-0.286
0
-0.269
0
0.676
0
0
0
0
-0.487
0
0.492
0
0.353
0
0.069
0
-0.746
0
0.427
0
-0.544
0
0.131
0
-0.869
0
-0.08
0
-0.00800002
0
-0.437
0
-0.063
0
-0.18
0
-0.672
0
-0.65
0
-0.623
0
-0.388
0
-0.983
0
-0.937
0
0.897
0
0.838
0
-0.388
0
0.349
0
0.336
0
-0.271
0
-0.286
0
0.189
0
0.00300002
0
0
0
0
-0.176
0
-0.687
0
-0.907
0
0.79
0
0.233
0
-0.564
0
-0.24
0
0.711
0
-0.247
0
0.321
0
0.27
0
0.731
0
-0.362
0
0.482
0
0.627
0
0.099
0
-0.535
0
0.657
0
-0.165
0
0.554
0
0.648
0
-0.256
0
-0.288
0
0.099
0
0.564
0
-0.649
0
-0.964
0
0.594
0
-0.877
0
0
0
0
-0.866
0
-0.512
0
0.859
0
-0.987
0
-0.251
0
-0.607
0
0.95
0
-0.63
0
0.624
0
-0.439
0
0.316
0
-0.498
0
0.617
0
0.88
0
-0.295
0
0.568
0
0.731
0
-0.56
0
0.808
0
-0.826
0
-0.76
0
-0.559
0
-0.392
0
-0.093
0
0.433
0
0.727
0
-0.409
0
0.987
0
-0.031
0
0
0
0
-0.946
0
0.234
0
-0.457
0
0.625
0
0.564
0
-0.283
0
-0.027
0
0.253
0
-0.224
0
0.9
0
0.33
0
-0.861
0
0.36
0
0.235
0
-0.273
0
0.013
0
-0.924
0
0.35
0
0.545
0
-0.865
0
0.532
0
-0.052
0
-0.214
0
-0.497
0
-0.041
0
0.125
0
0.0319999
0
-0.632
0
-0.087
0
0
0
0
-0.303
0
-0.308
0
0.935
0
0.829
0
-0.182
0
0.315
0
0.415
0
-0.691
0
-0.314
0
0.603
0
-0.678
0
0.436
0
0.624
0
0.915
0
-0.904
0
0.3
0
-0.297
0
-0.242
0
-0.602
0
-0.81
0
-0.021
0
-0.322
0
0.173
0
-0.453
0
-0.131
0
0.579
0
-0.305
0
0.0369999
0
0.962
0
0
0
0
0.319
0
-0.887
0
0.397
0
0.796
0
-0.982
0
-0.387
0
0.162
0
0.953
0
0.257
0
0.252
0
-0.35
0
-0.549
0
-0.609
0
-0.199
0
-0.504
0
0.408
0
0.704
0
-0.577
0
0.558
0
-0.373
0
-0.459
0
0.423
0
-0.437
0
-0.588
0
0.268
0
-0.036
0
0.655
0
-0.256
0
-0.864
0
0
0
0
-0.422
0
-0.42
0
-0.429
0
-0.648
0
0.226
0
-0.922
0
-0.541
0
-0.816
0
-0.627
0
0.586
0
0.998
0
0.59
0
0.926
0
-0.301
0
-0.329
0
0.222
0
-0.46
0
-0.51
0
0.941
0
-0.866
0
0.563
0
-0.328
0
-0.022
0
0.468
0
0.551
0
0.71
0
-0.302
0
0.949
0
0.182
0
0
0
0
0.13
0
-0.074
0
0.476
0
-0.986
0
-0.619
0
0.176
0
-0.887
0
0.772
0
0.557
0
0.179
0
-0.722
0
0.395
0
0.503
0
-0.837
0
-0.231
0
0.274
0
0.702
0
-0.445
0
-0.807
0
0.376
0
0.244
0
-0.648
0
0.182
0
0.731
0
-0.303
0
0.64
0
0.847
0
-0.199
0
0.09
0
0


-22.739
0
-14.051
1
-13.245
1
13.102
0
-5.91
0
-8.238
1
-9.438
0
-2.586
0
-1.546
0
-1.902
0
0.518
0
2.694
0
-0.543
1
1.592
0
-11.23
1
-5.133
1
12.358
1
5.691
0
-7.187
1
-41.326
1
4.903
1
-0.141
0
-1.797
1
-3.943
1
-5.497
1
17.212
0
-0.278
1
4.004
1
-9.111
0
0.962
0
-22.739
-12.317
1
3.922
1
-22.485
0
-7.854
0
10.483
1
-16.794
1
-9.869
1
13.308
1
-3.562
1
1.149
1
-5.334
1
-15.646
0
3.196
0
-21.853
0
-17.862
1
-1.187
0
-17.62
0
-27.857
0
-14.2
1
-6.549
0
-0.696
1
-12.982
0
-0.898
1
-5.718
0
-3.086
1
-10.152
1
-22.541
0
-19.75
0
-10.882
1
-9.997
1
-12.317
-8.73
1
3.179
1
-1.848
0
0.377
1
-10.108
1
0.116
0
-2.368
0
-6.028
1
-6.529
1
-3.414
1
-3.415
1
-9.608
1
-16.869
1
-17.834
1
2.982
0
-7.25
1
-4.037
1
-17.13
1
-13.576
1
-4.24
0
-13.482
0
-12.946
0
-9.315
0
-2.752
1
-17.921
1
-5.594
1
-11.33
0
-0.165
0
-0.955
1
-3.284
1
-8.73
-5.264
1
9.479
0
0.423
0
-2.345
1
-7.77
1
-12.014
1
2.127
0
19.689
0
-3.345
1
-9.958
0
4.157
0
0.893
1
-14.602
1
-1.66
1
-27.902
1
0.026
0
-0.38
1
-13.293
1
-9.421
0
-8.42
1
0.329
0
-7.94
1
-12.139
0
-11.696
0
-27.209
0
-9.1
0
-12.245
0
2.931
0
-0.677
1
-26.888
0
-5.264
-1.417
1
-10.638
0
-0.835
0
1.056
1
-4.635
0
-0.92
1
-4.488
0
7.689
0
-14.267
0
-36.156
0
-7.76
1
-1.994
0
-1.088
1
-3.612
0
0.99
1
9.442
0
-0.929
1
-0.034
0
-30.206
1
12.006
1
-7.084
0
8.314
1
-6.686
1
-14.63
1
1.323
0
8.524
0
1.753
0
0.401
0
-6.371
0
-12.006
1
-1.417
-17.325
1
3.794
1
-12.928
1
1.997
1
-20.422
1
-13.345
0
-17.775
0
-11.376
0
0.699
0
8.07
1
-6.483
0
3.255
0
1.908
0
1.62
1
-10.505
0
-2.489
1
11.331
1
-25.638
1
-7.27
0
4.848
1
-15.216
1
13.16
1
-31.102
0
-15.971
1
0.87
0
-0.248
1
-26.858
1
1.986
0
-15.808
1
0.101
1
-17.325


-34.777
0
-3.073
0
0.25
1
-30.493
1
-15.246
0
-6.168
0
-2.465
0
1.656
0
-1.149
1
-4.741
0
-17.175
1
2.249
0
0.645
0
-7.274
1
-13.689
1
-3.188
0
8.636
1
-2.847
1
2.416
0
4.323
1
-0.442
0
0.864
0
-23.5
0
-8.955
1
-9.23
0
15.147
1
2.796
1
-5.866
1
-8.091
1
-2.918
1
-34.777
-28.161
1
1.457
0
-15.365
1
-30.328
0
-0.195
1
2.535
1
13.633
1
-4.7
1
-4.192
1
6.137
1
-0.117
1
-9.165
0
-4.981
0
-11.698
1
-2.751
0
-3.191
0
-5.554
1
7.024
0
-3.467
1
6.743
0
-11.415
0
0.00699997
1
-4.486
0
-4.773
1
-6.805
0
-2.382
0
-15.05
0
-6.831
1
-10.476
1
-5.073
0
-28.161
-13.351
1
-12.983
0
-7.025
0
5.459
1
-13.819
1
18.946
1
-1.895
1
-12.057
1
2.212
1
15.913
0
-12.877
0
0.577
1
-1.597
1
-1.3
0
6.36
1
-9.828
1
11.557
0
-8.443
1
-12.028
0
-0.124
0
-12.319
0
-26.419
0
-0.444
1
-11.232
0
-2.701
0
0.496
1
-8.934
1
-20.441
1
-19.18
0
1.416
1
-13.351
-3.944
1
-7.995
1
-29.436
0
-4.744
1
-14.327
1
-52.002
0
-12.718
1
-11.795
0
0.403
0
-8.102
1
1.639
0
-8.692
0
-9.664
0
0.271
0
1.732
0
-3.056
1
-26.891
1
2.401
0
-3.479
0
-23.164
1
-23.873
1
2.801
0
-16.159
1
-22.415
1
-3.89
0
-6.817
0
-14.917
1
-33.323
1
17.28
1
-1.255
1
-3.944
6.727
0
-10.032
1
-20.983
1
2.278
0
-3.99
1
-0.139
1
-21.94
0
1.87
1
1.332
1
1.979
0
-7.162
1
-5.669
1
-24.482
0
-4.889
0
-19.009
0
0.916
0
3.839
1
-13.205
0
-5.302
0
-4.311
1
16.592
1
-12.676
0
-18.023
0
-2.765
0
-1.926
1
-10.681
1
-19.813
1
4.08
1
-16.453
1
-34.056
1
6.727
2.213
1
9.653
1
13.981
1
-6.892
1
-0.258
1
6.385
0
-18.037
0
-3.312
1
-15.192
1
2.036
1
-11.909
0
-11.62
0
-4.161
0
30.084
0
-10.068
1
-2.423
1
-1.852
1
4.345
0
-9.143
1
5.811
1
-14.886
1
3.508
1
2.245
0
0.136
0
6.32
1
0.856
0
-6.944
0
-20.797
1
1.133
1
7.407
0
2.213


-6.732
1
-8.036
1
0.853
0
-10.308
0
-19.052
1
-18.889
0
-9.004
0
-17.948
1
1.584
1
4.754
1
-13.393
0
4.835
0
0.318
0
-9.299
1
-7.452
1
-1.444
0
-15.548
1
-10.032
1
1.256
1
13.569
1
-9.719
0
-6.037
1
-13.428
1
-19.321
1
4.144
1
0.968
1
-8.16
1
-5.296
1
-15.323
0
-11.416
1
-6.732
-22.835
0
-2.586
1
-29.088
0
-0.428
1
-8.116
0
3.307
1
-10.28
0
-4.391
0
-3.383
0
-0.595
1
-2.656
0
-12.291
1
1.572
0
-3.025
1
-3.589
0
-11.816
1
-7.059
0
-0.132
1
1.201
0
-11.114
0
-0.321
0
-0.124
0
-14.806
0
4.374
1
-1.365
1
-32.334
1
-14.35
1
-17.336
0
-19.557
1
6.742
1
-22.835
-24.031
0
3.092
0
-10.426
1
0.092
0
-0.401
1
5.398
1
5.054
0
-5.92
0
4.374
1
-12.658
1
0.401
1
-14.459
1
-1.986
1
-6.744
1
-21.775
1
-4.081
0
-12.046
1
-23.338
0
0.349
1
-32.319
0
-7.026
0
-23.827
1
-3.825
0
-12.751
0
-1.922
0
-24.21
1
0.207
1
-6.244
1
-4.785
0
8.363
1
-24.031
-4.608
0
-4.548
1
2.437
0
-3.761
0
-0.436
0
-0.825
0
-12.019
0
-5.692
1
-17.226
1
-18.237
0
-0.565
1
-10.165
0
-4.93
0
-17.007
1
1.843
0
-37.766
0
-1.84
0
-0.744
1
-16.319
0
4.631
1
0.411
1
11.622
1
2.207
1
-6.789
0
4.92
1
15.616
1
-10.031
1
-4.344
1
-9.062
1
15.753
0
-4.608
3.453
0
-1.319
1
22.881
0
-5.529
1
-2.515
0
0.051
0
3.485
1
-15.766
0
-2.335
1
7.927
0
-18.535
1
-3.46
0
-19.188
1
-4.071
0
11.875
0
0.25
1
-4.386
0
-6.02
0
4.654
0
0.838
1
2.772
1
-8.663
1
-14.435
1
13.396
0
-16.252
1
-36.758
1
7.541
0
-1.848
1
-13.583
0
-9.205
1
3.453
-9.022
1
-2.912
0
4.919
0
-16.094
0
-19.221
0
-2.595
0
-4.865
1
-13.744
0
-0.257
1
0.827
1
-8.838
1
-13.791
1
-4.145
1
11.386
1
-20.742
1
-1.927
1
10.648
0
6.034
1
-24.172
1
7.101
0
-24.588
1
1.614
1
-13.222
1
-14.13
0
-1.663
0
-4.578
0
-0.648
0
1.071
0
-2.166
1
-16.915
1
-9.022


0.007
0
-0.299
0
0.742
0
-0.71
0
0.15
0
-0.26
0
-0.05
0
0.142
0
0.059
1
-0.768
0
-0.285
0
-23.686
0
0.0700001
0
-0.732
0
-6.329
0
-0.342
0
0.839
0
0.386
0
0.335
0
-0.323
0
0.495
0
-0.726
0
0.824
0
0.609
0
-0.425
1
-0.029
0
0.041
0
-0.809
0
0.641
0
0.423
0
0.007


0
0
-0.293
0
0.217
0
0.801
0
0.099
0
-0.438
0
0.862
0
-0.395
0
0.23
0
0.752
0
0.716
0
-0.454
0
0.735
0
-0.695
0
-0.238
0
0.081
0
-0.91
0
-0.113
0
0.137
0
-0.934
0
0.679
0
0.389
0
-0.449
0
0.242
0
-0.846
0
0.805
0
-0.19
0
-0.358
0
0.883
0
0.12
0
0
0
0
0
0
0.519
0
-0.85
0
0.791
0
-0.16
0
-0.561
0
0.959
0
-0.623
0
-0.231
0
-0.774
0
0.167
0
-0.449
0
-0.821
0
-0.036
0
0.903
0
-0.00199997
0
0.575
0
-0.709
0
-0.212
0
0.488
0
0.603
0
-0.493
0
0.084
0
-0.094
0
0.951
0
0.393
0
0.864
0
0.00899994
0
0.133
0
0
0
0
0.334
0
0.684
0
0.0700001
0
0.985
0
0.254
0
0.933
0
0.697
0
-0.174
0
0.407
0
0.218
0
-0.166
0
0.305
0
0.072
0
0.364
0
0.00699997
0
0.937
0
0.745
0
-0.924
0
-0.24
0
-0.84
0
-0.597
0
-0.852
0
-0.549
0
0.846
0
-0.607
0
0.366
0
0.934
0
0.704
0
0.911
0
0
0
0
0.6
0
-0.078
0
0.02
0
-0.367
0
-0.673
0
0.56
0
-0.068
0
0.176
0
0.366
0
0.481
0
-0.511
0
-0.505
0
0.721
0
-0.562
0
-0.969
0
0.32
0
0.461
0
0.089
0
0.249
0
0.66
0
0.644
0
0.99
0
0.514
0
-0.189
0
0.022
0
0.184
0
-0.849
0
-0.938
0
0.554
0
0
0
0
-0.702
0
0.222
0
0.031
0
0.815
0
0.368
0
0.891
0
-0.076
0
0.683
0
0.22
0
-0.26
0
-0.458
0
-0.826
0
0.555
0
-0.192
0
0.984
0
-0.939
0
-0.24
0
-0.738
0
-0.506
0
-0.107
0
0.176
0
-0.887
0
0.198
0
0.965
0
-0.316
0
0.516
0
-0.083
0
-0.957
0
0.831
0
0
0
0
0.00300002
0
-0.815
0
-0.109
0
0.974
0
0.631
0
-0.981
0
0.867
0
-0.429
0
0.636
0
-0.86
0
-0.637
0
0.927
0
-0.383
0
-0.756
0
0.437
0
0.895
0
0.398
0
0.687
0
-0.014
0
0.585
0
0.562
0
-0.853
0
-0.994
0
0.061
0
-0.867
0
0.902
0
-0.209
0
-0.069
0
-0.544
0
0
0
0
0.789
0
-0.751
0
0.802
0
-0.688
0
0.454
0
-0.989
0
0.986
0
0.783
0
0.804
0
0.838
0
0.289
0
-0.02
0
-0.03
0
0.379
0
-0.926
0
0.585
0
-0.103
0
0.282
0
0.196
0
0.465
0
-0.551
0
0.487
0
-0.000999987
0
0.94
0
0.154
0
0.483
0
-0.736
0
-0.432
0
-0.745
0
0
0
0
-0.167
0
-0.723
0
0.278
0
0.382
0
0.284
0
-0.128
0
-0.821
0
-0.748
0
-0.424
0
0.239
0
0.401
0
0.219
0
-0.177
0
-0.135
0
-0.07
0
-0.713
0
0.404
0
0.497
0
0.626
0
-0.343
0
0.629
0
0.03
0
-0.116
0
-0.958
0
-0.294
0
0.597
0
-0.227
0
-0.388
0
-0.642
0
0
0
0
-0.299
0
0.894
0
-0.107
0
-0.502
0
0.893
0
-0.672
0
0.323
0
0.807
0
0.69
0
0.358
0
0.269
0
0.804
0
-0.246
0
0.147
0
-0.196
0
-0.505
0
-0.366
0
-0.851
0
-0.724
0
-0.9
0
0.404
0
-0.877
0
-0.96
0
0.185
0
0.942
0
0.433
0
-0.409
0
-0.332
0
-0.784
0
0
0
0
-0.556
0
-0.347
0
-0.331
0
0.646
0
-0.619
0
0.039
0
-0.013
0
-0.937
0
0.32
0
0.525
0
-0.656
0
-0.635
0
0.825
0
0.918
0
0.464
0
-0.398
0
0.747
0
0.058
0
-0.212
0
0.132
0
-0.255
0
0.51
0
-0.075
0
0.584
0
0.503
0
-0.983
0
0.729
0
0.647
0
0.129
0
0


-6.144
0
0.074
1
-28.154
1
16.228
0
2.554
1
-11.496
1
-7.8
1
-9.002
0
-0.502
0
6.784
1
-13.758
0
0.628
1
-9.772
0
-27.77
0
-0.333
0
-0.409
0
-0.987
1
-7.924
0
-3.495
1
4.236
1
-19.159
1
-19.397
0
-11.603
0
-27.748
1
-25.069
1
2.798
1
12.766
1
-3.229
0
6.477
0
-6.828
0
-6.144
3.426
0
0.673
0
-0.929
0
-2.774
1
-4.016
0
0.498
0
-2.548
0
-0.791
1
2.078
0
-0.027
0
1.898
0
3.685
0
-17.989
0
-3.685
0
-3.711
1
-1.788
0
-14.631
1
19.119
0
-3.268
0
7.862
1
10.061
0
2.609
1
-8.326
1
-0.202
0
-21.952
0
-0.347
1
-11.53
1
-10.467
0
-11.877
0
-0.44
1
3.426
5.44
0
0.213
1
-23.485
1
0.258
1
-3.75
1
0.627
0
-6.749
0
6.488
0
-5.723
1
-8.648
1
-1.426
1
1.579
0
-3.342
1
16.994
1
13.342
0
9.496
0
5.688
1
-3.278
0
-0.428
0
-15.608
0
-20.373
0
-4.413
1
-20.693
0
6.601
1
-15.755
1
-20.036
1
-31.223
0
-1.278
1
-19.77
1
0.071
0
5.44
12.353
1
-14.787
1
13.957
0
-8.179
1
-6.875
0
3.473
0
-7.003
0
5.01
1
-34.76
1
-19.609
1
-37.503
0
1.68
0
-15.617
0
-7.331
1
4.507
1
-27.286
1
-2.34
0
-2.286
0
1.712
0
-25.525
1
-9.793
1
-4.462
1
0.446
1
-6.541
1
-6.449
0
-21.982
1
-13.797
0
-12.956
0
19.721
0
9.778
0
12.353
-31.386
0
4.603
1
14.272
1
-15.63
0
-26.455
1
5.82
1
-8.424
1
-12.569
0
-0.713
0
-0.33
1
-12.015
0
-3.953
0
-21.24
0
-2.954
0
-6.706
1
10.225
0
-9.904
1
-3.886
0
-10.702
0
1.972
1
3.073
1
-13.66
1
2.271
1
1.48
1
12.983
0
0.216
0
10.497
1
1.027
0
1.268
0
-21.045
0
-31.386
-17.736
0
-10.281
1
-6.507
1
0.843
1
-2.743
1
5.559
1
-32.925
0
-16.472
1
-5.895
0
-11.355
0
-8.668
1
-11.186
0
0.948
0
-2.362
0
0.015
1
-14.809
0
-8.086
0
-13.394
0
0.47
0
-15.568
1
-12.037
1
14.207
1
6.659
0
2.295
0
-12.03
1
-17.511
0
4.603
1
-20.377
0
0.049
1
1.175
0
-17.736


6.917
1
-24.2
0
-1.403
0
15.363
0
-10.076
1
-10.591
1
-7.165
1
-40.089
1
-36.779
0
-11.426
0
-0.863
1
-11.166
1
-19.453
0
-7.135
1
-22.68
1
-7.781
1
-18.639
1
-8.896
0
1.36
0
-3.164
1
0.122
1
-22.21
1
-3.321
0
-4.115
0
0.604
0
-0.064
1
-21.183
1
7.834
0
13.969
0
-4.604
0
6.917
-7.421
1
0.005
0
2.137
1
-4.722
0
-4.613
1
1.54
0
7.705
0
-1.176
0
9.92
1
-9
0
0.929
0
-19.671
1
13.747
0
-9.185
1
-11.469
0
-11.583
1
-17.578
1
1.954
1
17.752
1
39.086
0
1.391
0
2.01
0
0.366
0
7.938
0
7.362
1
-0.639
1
1.378
1
-17.601
0
-0.696
0
-18.736
1
-7.421
19.178
1
-8.526
0
-0.827
1
1.405
0
19.737
1
2.934
0
-19.184
0
-0.674
0
0.959
1
2.26
0
-19.283
0
-0.784
0
-6.563
0
-10.272
1
-5.334
0
-5.746
1
-12.087
0
-0.034
0
-10.228
0
-13.901
1
0.818
1
-2.85
0
5.854
0
6.609
1
-22.412
0
-0.762
0
-0.335
1
0.828
1
10.5
1
3.708
0
19.178
-29.466
0
0.258
0
-26.922
1
-15.297
0
3.483
0
1.887
0
-7.035
1
-8.165
0
-2.622
0
-4.311
0
-11.919
1
16.016
0
6.189
0
3.755
1
1.133
0
-2.82
0
2.478
1
-12.828
1
6.044
0
-0.709
0
4.458
1
-36.167
0
-0.722
1
0.039
1
-5.486
1
1.525
1
-6.509
1
-16.864
1
-5.026
0
5.055
1
-29.466
21.436
0
0.891
0
-0.833
0
17.236
0
-7.313
0
-16.298
1
-8.658
0
-7.981
0
-17.05
1
-0.221
0
12.581
1
-0.265
0
-24.569
1
-0.92
1
0.807
1
-0.234
1
-5.687
0
6.995
1
8.319
1
-23.063
0
-8.804
0
0.195
0
-24.483
1
-3.995
1
-10.3
0
-15.253
1
23.712
0
12.436
1
10.787
1
-3.297
1
21.436
10.919
1
-14.771
0
5.494
0
6.667
1
1.282
0
-11.704
1
3.97
0
6.717
0
11.732
0
-10.908
1
7.239
0
-9.809
0
-3.982
1
-3.182
0
1.512
0
0.224
0
2.452
1
6.97
0
0.819
0
-11.449
1
-17.531
1
-23.106
1
7.889
1
18.778
0
-0.684
1
-0.424
0
-5.959
0
-20.773
1
9.784
1
12.594
0
10.919


-23.864
1
-4.192
0
-0.704
1
3.529
0
0.274
0
-3.533
1
-17.437
1
-13.858
0
-9.235
1
7.796
0
-16.686
0
-6.569
0
-0.234
0
-13.398
0
-12.238
0
-6.057
0
-18.678
1
-11.203
1
-6.771
1
-2.668
1
-11.299
0
-3.62
0
-9.826
0
3.702
0
4.186
0
-24.284
0
-7.421
1
-4.505
0
-3.335
1
-7.813
0
-23.864
-21.92
1
-3.398
1
-8.265
1
-2.265
0
-1.697
1
7.165
1
4.598
1
-31.793
1
-0.106
1
27.052
1
17.262
1
2.78
0
-16.238
1
13.932
1
28.656
0
-7.229
1
18.727
1
-22.276
1
-17.025
1
-21.108
0
-30.572
1
9.109
1
-21.247
1
-8.486
0
-0.687
0
-7.97
1
-8.407
0
-11.426
0
-20.112
1
-45.903
1
-21.92
-22.695
0
-0.635
1
-20.365
1
-33.716
1
-4.588
1
2.237
0
-0.168
0
3.695
1
-11.898
1
-12.868
1
-0.274
1
-24.456
1
1.714
0
14.999
0
-0.513
0
-8.304
1
-36.147
0
13.397
1
-11.505
0
-0.12
1
7.121
1
-6.759
0
-0.336
0
2.314
1
12.363
0
-1.196
1
-12.898
1
-0.146
1
9.508
1
4.547
1
-22.695
-4.024
0
-2.175
1
-1.064
1
-7.023
1
-11.213
1
-42.569
0
-6.866
0
-13.579
1
-29.974
1
-4.824
0
1.034
0
-1.215
1
-18.05
1
1.079
1
-0.727
1
-4.817
0
-4.116
1
-29.15
1
-13.798
1
1.325
0
-4.893
0
-12.269
0
-1.276
1
-9.799
0
6.292
1
-22.422
0
0.071
1
12.783
1
-11.956
1
-11.797
0
-4.024
-19.372
1
-14.94
1
1.898
0
-11.596
1
-37.425
0
-26.309
0
-20.766
0
-9.464
0
11.323
0
-26.538
0
-19.626
0
-10.096
1
-29.292
0
-0.634
1
6.661
0
3.743
0
-2.116
1
6.76
0
-5.896
1
-0.523
0
-0.728
1
-0.023
0
-0.867
1
19.703
0
2.473
1
0.188
1
-14.805
0
0.829
0
-3.807
0
-9.274
1
-19.372
-35.625
1
-8.217
1
1.369
1
-3.378
0
0.33
1
-2.742
1
-7.254
0
18.117
1
6.28
1
10.851
1
-14.63
0
-5.68
1
-17.452
1
-15.02
0
-33.019
0
-1.673
0
0.307
0
-17.316
0
-18.051
1
1.099
0
-1.625
1
18.719
1
0.343
0
-1.887
0
-7.004
1
1.548
0
-0.814
1
-2.092
0
-0.304
0
-10.2
1
-35.625


1.178
0
-0.952
0
0.569
0
-0.424
1
6.109
1
-3.069
1
0.767
0
0.259
0
-0.402
0
0.276
1
-0.333
1
0.43
1
-4.34
1
-2.581
0
-0.393
1
0.925
0
-0.384
0
-0.461
0
0.572
0
0.856
0
0.395
1
-1.432
0
-0.076
0
0.783
0
-0.269
1
-3.002
0
0.7
0
0.635
0
-0.695
0
-0.483
0
1.178


0
0
0.255
0
0.615
0
0.484
0
0.286
0
-0.979
0
-0.161
0
0.556
0
0.87
0
-0.895
0
-0.171
0
0.266
0
0.0599999
0
-0.711
0
0.537
0
-0.863
0
0.305
0
-0.00700003
0
0.518
0
0.107
0
-0.79
0
-0.919
0
-0.659
0
-0.293
0
0.477
0
0.703
0
-0.878
0
-0.99
0
-0.068
0
0.206
0
0
0
0
-0.941
0
-0.177
0
0.915
0
0.33
0
0.765
0
-0.753
0
-0.786
0
0.995
0
-0.613
0
-0.967
0
-0.694
0
-0.41
0
0.071
0
0.469
0
-0.759
0
-0.606
0
0.934
0
0.178
0
-0.934
0
0.923
0
0.092
0
-0.321
0
-0.082
0
-0.724
0
0.165
0
0.672
0
-0.485
0
0.768
0
0.945
0
0
0
0
0.00300002
0
0.735
0
0.306
0
0.712
0
-0.107
0
0.541
0
-0.852
0
0.554
0
0.095
0
-0.529
0
-0.09
0
0.066
0
-0.871
0
0.0140001
0
0.43
0
-0.43
0
0.891
0
-0.013
0
0.208
0
-0.053
0
-0.109
0
-0.316
0
-0.875
0
-0.496
0
0.854
0
0.702
0
0.218
0
-0.437
0
-0.358
0
0
0
0
-0.768
0
0.195
0
0.343
0
0.126
0
-0.305
0
0.764
0
-0.809
0
0.492
0
-0.323
0
0.601
0
-0.919
0
0.046
0
-0.475
0
-0.709
0
0.857
0
-0.00300002
0
-0.918
0
0.516
0
0.0650001
0
0.013
0
-0.735
0
0.892
0
0.842
0
-0.046
0
-0.243
0
0.13
0
-0.013
0
0.612
0
0.715
0
0
0
0
-0.000999987
0
0.607
0
-0.985
0
-0.732
0
-0.979
0
-0.85
0
-0.423
0
-0.989
0
-0.488
0
-0.386
0
-0.391
0
0.817
0
-0.933
0
-0.533
0
0.452
0
-0.945
0
0.153
0
-0.517
0
-0.491
0
0.871
0
0.368
0
-0.044
0
-0.691
0
0.374
0
0.559
0
-0.916
0
0.376
0
0.553
0
0.598
0
0
0
0
0.731
0
0.604
0
0.523
0
-0.969
0
-0.93
0
-0.265
0
0.431
0
-0.302
0
0.856
0
0.135
0
0.613
0
0.103
0
-0.848
0
0.212
0
0.972
0
0.796
0
0.393
0
0.81
0
-0.772
0
-0.539
0
-0.946
0
-0.942
0
0.556
0
0.496
0
-0.354
0
-0.669
0
0.805
0
0.288
0
-0.885
0
0
0
0
0.855
0
-0.435
0
0.707
0
-0.341
0
-0.374
0
0.716
0
0.626
0
-0.28
0
-0.768
0
0.606
0
0.146
0
-0.166
0
0.955
0
0.27
0
0.194
0
0.72
0
0.938
0
-0.626
0
0.809
0
-0.78
0
-0.146
0
-0.866
0
-0.822
0
-0.335
0
-0.693
0
0.285
0
0.054
0
0.224
0
0.145
0
0
0
0
0.339
0
-0.388
0
0.255
0
-0.00400001
0
0.374
0
-0.391
0
0.279
0
-0.936
0
0.803
0
-0.213
0
-0.369
0
0.096
0
0.725
0
-0.148
0
0.69
0
-0.661
0
-0.241
0
0.999
0
0.599
0
-0.083
0
-0.419
0
-0.714
0
0.27
0
0.672
0
0.251
0
-0.665
0
0.937
0
0.208
0
-0.139
0
0
0
0
0.11
0
0.847
0
-0.204
0
0.761
0
0.317
0
-0.218
0
0.604
0
-0.457
0
0.497
0
-0.474
0
-0.294
0
-0.144
0
0.393
0
0.878
0
-0.86
0
-0.891
0
-0.246
0
0.433
0
0.603
0
-0.149
0
-0.402
0
0.878
0
-0.826
0
0.567
0
-0.74
0
-0.654
0
0.908
0
0.81
0
0.202
0
0
0
0
0.878
0
0.881
0
-0.142
0
0.63
0
-0.702
0
-0.784
0
0.674
0
0.123
0
-0.141
0
0.915
0
0.875
0
0.535
0
0.236
0
0.677
0
-0.131
0
0.745
0
-0.37
0
0.852
0
-0.082
0
0.878
0
0.243
0
-0.524
0
0.895
0
-0.875
0
0.464
0
-0.329
0
0.046
0
-0.142
0
-0.934
0
0


5.367
0
0.609
1
-21.183
1
9.068
0
0.646
0
0.892
0
-0.777
1
-10.091
0
-1.624
1
-8.595
0
-0.187
0
-9.856
0
-0.657
0
-0.6
0
-26.998
1
4.047
1
-12.363
0
-4.633
1
-8.452
0
1.104
0
-22.028
0
-0.094
1
-14.586
0
8.482
1
3.845
0
0.609
1
-3.681
1
-24.826
1
-19.687
1
-12.162
1
5.367
-19.504
1
-12.623
0
2.745
0
-5.525
1
-13.214
0
-2.658
0
0.9
1
-24.122
1
-16.738
0
-17.034
1
-19.672
1
6.879
1
-16.475
1
20.826
0
-10.127
1
-18.752
0
3.114
0
-14.388
1
-9.064
1
2.742
1
-10.063
1
-12.932
0
-11.081
0
0.915
1
-5.644
0
-24.724
1
-5.698
1
-4.416
1
4.776
1
-1.021
0
-19.504
3.504
1
-11.717
1
2.871
1
0.04
1
-22.483
1
-12.258
0
-1.891
1
-21.742
0
-17.071
0
-0.381
1
-9.01
1
-1.606
1
-10.129
1
-26.865
1
-1.091
1
-1.61
0
-26.245
1
9.584
0
-0.382
1
10.555
0
-0.089
1
-14.154
1
0.362
1
-6.391
0
-6.452
0
-2.838
1
-32.28
1
2.615
1
-20.973
1
-18.081
0
3.504
-9.093
0
-19.032
1
-6.389
1
-12.744
1
-23.302
1
-3.594
1
-30.1
1
-5.541
1
-9.813
0
3.642
0
-0.91
1
-17.256
1
6.257
1
9.031
0
-5.022
0
2.656
1
-3.374
0
2.608
0
-3.999
1
-12.209
0
-1.853
1
-10.441
1
-13.287
1
-1.275
1
-10.68
0
4.651
1
-23.639
0
-5.34
0
-6.167
0
11.274
0
-9.093
3.259
1
3.184
1
-11.785
1
-5.051
1
-1.094
0
-5.059
1
5.55
1
3.498
0
11.019
0
-12.085
0
0.06
0
3.488
1
-14.775
0
-4.155
0
-0.324
0
-15.122
1
6.603
0
-2.428
0
-0.99
0
-12.51
1
0.547
0
0.202
0
0.665
1
8.467
0
-6.422
0
-16.356
0
6.967
0
-11.453
1
0.104
1
-0.02
0
3.259
-5.24
0
-14.384
1
-4.939
0
3.567
0
-5.078
1
-28.567
0
2.3
0
-9.126
0
0.686
1
-12.753
0
-15.983
1
-1.392
1
-4.741
0
-7.232
0
1.712
1
-14.103
1
-19.44
1
4.016
0
-19.407
1
-7.612
1
-5.543
0
-11.344
1
19.486
0
-6.897
0
0.344
0
-11.895
0
-11.862
0
1.827
0
-20.376
0
-3.662
0
-5.24


0.924
0
0.976
0
-0.893
0
0.61
0
-0.575
1
-7.118
0
0.8
0
0.383
1
0.476
0
-0.703
0
-0.714
1
-9.451
1
-0.994
1
-3.298
1
1.122
1
1.465
0
-0.725
0
-0.761
1
0.062
0
-16.567
1
15.776
0
-21.988
1
-0.973
1
-29.069
0
-0.924
0
-5.896
0
-3.258
1
-12.16
1
-12.098
1
8.364
0
0.924
-9.671
1
-19.574
1
-17.593
1
-3.028
0
-31.234
0
9.536
0
2.675
1
-9.92
0
-2.064
0
-10.115
1
9.869
1
1.495
0
-25.005
1
2.763
0
-16.773
1
-4.166
0
-9.789
1
11.088
1
-31.166
1
-18.626
1
-0.697
0
-3.218
1
-1.163
0
12.478
0
29.655
0
-0.5
0
2.526
0
-8.986
0
-15.558
0
2.825
1
-9.671
-1.052
1
3.54
1
3.141
1
-27.132
0
1.129
0
-8.862
1
1.179
1
-16.83
1
-22.913
1
0.194
1
-1.451
0
3.427
1
-33.861
0
-0.975
0
-0.175
1
1.848
0
4.101
1
-11.926
0
3.926
1
-3.585
1
-4.446
1
-2.515
1
-9.48
0
5.636
0
-0.136
1
-17.502
1
-14.191
1
-10.222
0
-25.301
0
-12.052
1
-1.052
-23.387
0
0.602
0
1.72
0
2.108
0
1.762
0
-22.124
0
-5.551
1
-12.276
0
-4.213
1
18.878
1
-22.433
0
-0.172
0
-17.123
0
-3.927
0
-22.492
0
-0.52
1
-22.652
1
-2.418
0
3.475
1
-9.663
0
-2.362
0
8.152
1
-8.961
1
-6.665
1
-0.675
1
-21.966
0
-5.94
1
-3.35
1
3.462
1
-4.895
0
-23.387
-10.745
0
0.726
1
-16.052
1
1.346
0
-5.522
0
24.112
0
32.133
0
2.463
1
-9.45
0
-0.782
1
-7.08
1
3.382
0
7.278
0
-14.973
0
-19.58
1
6.771
0
-12.454
1
-19.213
0
-11.224
1
-10.905
0
-7.011
1
-4.239
0
1.394
1
-0.489
0
-3.116
1
-14.362
1
-21.159
0
6.896
0
-0.203
1
1.374
0
-10.745
16.756
0
-9.979
1
-15.416
0
-0.063
1
-27.489
1
4.889
0
12.762
0
-3.001
1
-10.65
1
-9.924
1
-18.216
0
3.427
1
6.107
1
-13.574
1
12.941
1
11.942
1
9.003
0
-0.25
1
-2.357
0
3.57
1
-17.759
1
-3.913
1
-19.661
1
-8.823
0
-4.471
0
23.297
1
-1.331
1
21.223
1
-3.402
1
-0.405
0
16.756


-1.304
0
-42.411
0
2.927
0
-2.758
0
0.133
0
5.381
0
-2.362
0
-6.006
0
10.134
0
-0.855
0
10.812
0
4.672
0
-6.022
1
-9.42
1
-15.543
1
-15.61
0
-21.406
1
2.967
0
-15.55
1
0.447
1
-9.957
1
2.207
0
3.884
1
3.077
1
20.932
1
8.902
1
-4.04
1
-6.811
1
-2.621
1
-2.543
1
-1.304
9.095
0
0.979
1
-20.575
0
-4.321
1
1.101
1
-12.653
1
0.634
0
0.0779999
1
-10.981
1
-23.611
0
-5.869
0
-15.275
0
29.601
1
-5.948
0
-1.142
0
-19.547
0
-0.974
1
-4.363
0
-24.018
1
7.867
1
-18.861
0
-24.077
0
-4.785
0
6.003
1
1.114
1
1.821
1
4.864
1
-6.601
0
-14.454
1
-8.016
1
9.095
-2.734
0
-15.815
0
-14.583
1
4.51
1
-5.26
0
-7.437
1
-0.428
1
-31.586
1
-14.348
1
-14.112
1
-5.241
0
-13.856
0
-15.067
0
0.344
1
11.169
1
-9.513
0
-12.168
0
-3.544
1
-7.568
0
-11.249
0
-7.791
0
-25.59
0
5.774
0
-3.693
0
9.292
0
1.13
0
-1.738
0
-18.451
1
-1.444
1
-35.895
0
-2.734
-1.638
1
-11.406
0
-6.888
1
1.333
0
-11.858
1
-42.609
1
-16.641
1
-22.552
0
4.576
0
-6.688
0
-5.023
1
-34.171
1
-36.689
0
-3.731
1
11.934
0
-0.64
0
-18.071
1
22.035
1
-15.769
1
-3.84
0
-20.47
0
8.293
0
-2.359
1
-1.504
0
-11.056
0
-9.368
0
0.456
1
26.942
0
-7.797
1
12.636
1
-1.638
6.962
1
-6.285
0
0.73
1
-23.538
1
-33.185
1
3.391
0
-21.623
0
-6.272
1
-0.696
1
-7.131
1
-24.221
0
2.836
0
9.149
0
-0.419
1
-3.828
1
-1.453
1
-36.156
0
-0.083
0
7.9
1
-15.303
1
-10.295
0
9.573
0
-7.935
0
-27.422
0
-25.231
1
1.42
0
-18.545
1
8.772
1
-33.557
0
-7.393
1
6.962
-3.575
0
-13.606
1
-3.573
1
-2.261
1
-7.983
0
-8.374
1
8.942
1
-8.85
1
-16.899
1
7.342
0
-0.176
1
-2.459
1
2.897
1
-13.685
0
-14.197
1
-2.312
0
-0.343
1
3.776
1
-23.105
0
2.56
1
3.867
1
-11.602
1
-0.873
0
14.703
1
-18.973
0
-10.876
0
-16.811
1
-14.381
0
-10.3
1
-10.66
1
-3.575


0.987
0
0.081
0
0.57
0
-0.444
0
-0.653
1
-5.925
0
-0.893
0
-0.836
0
0.594
0
-0.434
0
-0.941
0
-6.525
0
-0.871
0
0.392
1
-0.791
0
0.057
0
-0.742
1
-1.882
1
-4.359
0
-0.637
1
1.124
0
0.92
0
-0.089
0
0.872
0
0.168
0
-0.435
0
-0.654
0
-0.216
1
0.028
0
-0.479
0
0.987


0
0
-0.548
0
-0.569
0
0.185
0
-0.375
0
0.005
0
-0.135
0
-0.722
0
-0.179
0
0.328
0
0.751
0
0.0700001
0
0.385
0
0.128
0
0.097
0
0.11
0
-0.009
0
-0.049
0
0.653
0
-0.988
0
-0.631
0
-0.737
0
-0.271
0
-0.391
0
0.562
0
0.552
0
-0.522
0
-0.698
0
-0.726
0
-0.779
0
0
0
0
-0.408
0
-0.862
0
0.979
0
0.801
0
-0.509
0
0.137
0
-0.2
0
0.073
0
-0.966
0
-0.867
0
0.416
0
0.161
0
-0.939
0
-0.858
0
0.152
0
-0.287
0
-0.037
0
0.991
0
-0.00300002
0
0.673
0
-0.427
0
-0.036
0
-0.638
0
0.781
0
0.531
0
0.192
0
0.56
0
0.614
0
-0.451
0
0
0
0
-0.518
0
-0.147
0
-0.274
0
-0.495
0
0.357
0
-0.469
0
-0.926
0
-0.203
0
-0.904
0
-0.775
0
-0.631
0
0.669
0
0.905
0
-0.879
0
0.724
0
0.487
0
0.362
0
0.363
0
0.664
0
0.451
0
0.59
0
0.563
0
0.115
0
-0.474
0
-0.279
0
0.651
0
-0.078
0
-0.422
0
-0.824
0
0
0
0
-0.792
0
-0.718
0
-0.269
0
-0.906
0
0.185
0
-0.323
0
0.698
0
0.617
0
-0.279
0
-0.589
0
0.948
0
0.196
0
0.845
0
0.342
0
0.493
0
0.514
0
0.839
0
-0.19
0
-0.031
0
-0.399
0
-0.297
0
0.818
0
0.668
0
0.924
0
0.02
0
-0.314
0
-0.958
0
0.039
0
0.763
0
0
0
0
0.859
0
-0.633
0
-0.981
0
-0.35
0
0.163
0
0.29
0
-0.257
0
0.695
0
0.917
0
-0.693
0
-0.765
0
-0.11
0
-0.955
0
0.841
0
-0.719
0
-0.446
0
0.039
0
-0.417
0
0.816
0
0.852
0
0.244
0
0.768
0
0.805
0
0.663
0
0.718
0
-0.412
0
-0.757
0
-0.576
0
0.343
0
0
0
0
0.991
0
0.719
0
0.0190001
0
-0.736
0
0.866
0
0.589
0
0.277
0
0.773
0
0.137
0
-0.288
0
-0.764
0
0.255
0
-0.198
0
-0.378
0
-0.423
0
-0.847
0
-0.106
0
0.412
0
0.504
0
0.22
0
-0.549
0
0.695
0
0.151
0
0.464
0
-0.693
0
0.179
0
0.544
0
0.272
0
0.349
0
0
0
0
0.005
0
-0.941
0
-0.425
0
-0.733
0
-0.874
0
-0.996
0
0.763
0
0.698
0
0.839
0
-0.838
0
-0.608
0
0.0599999
0
0.543
0
0.038
0
0.829
0
0.228
0
-0.914
0
-0.141
0
0.169
0
0.793
0
-0.593
0
-0.96
0
0.867
0
0.147
0
-0.902
0
-0.958
0
0.641
0
0.141
0
-0.035
0
0
0
0
-0.868
0
0.62
0
0.418
0
-0.245
0
0.623
0
-0.969
0
0.214
0
0.279
0
0.36
0
0.011
0
0.049
0
0.703
0
0.202
0
0.411
0
-0.755
0
-0.925
0
-0.238
0
0.369
0
-0.065
0
-0.106
0
-0.485
0
-0.161
0
-0.278
0
-0.896
0
-0.691
0
-0.757
0
0.291
0
-0.975
0
-0.955
0
0
0
0
0.792
0
0.075
0
0.653
0
-0.682
0
-0.829
0
0.24
0
-0.054
0
0.553
0
-0.697
0
-0.441
0
-0.245
0
-0.17
0
-0.493
0
0.262
0
0.252
0
-0.025
0
-0.496
0
0.172
0
-0.015
0
0.132
0
-0.405
0
0.677
0
0.759
0
-0.799
0
-0.442
0
-0.788
0
0.828
0
0.694
0
0.139
0
0
0
0
0.847
0
0.707
0
-0.918
0
-0.066
0
-0.315
0
0.391
0
-0.322
0
-0.617
0
-0.626
0
-0.332
0
-0.848
0
0.462
0
0.752
0
0.02
0
-0.983
0
-0.231
0
0.54
0
0.763
0
-0.294
0
-0.618
0
0.136
0
0.863
0
0.624
0
0.716
0
0.477
0
0.812
0
-0.00700003
0
-0.06
0
-0.429
0
0


-28.214
1
-12.284
0
-4.089
1
8.896
1
11.561
1
-18.794
1
-36.682
1
8.596
0
-29.75
1
-12.316
1
11.882
1
10.207
1
-8.384
0
-11.003
0
-15.916
1
1.306
1
-7.671
1
11.982
1
4.708
1
-17.228
0
-11.646
1
-4.19
0
-20.679
1
-12.721
1
6.095
0
-6.676
1
3.978
1
10.189
1
15.694
1
-21.47
0
-28.214
-9.863
1
0.721
1
-4.286
1
7.593
1
8.574
0
-0.955
0
-0.491
0
-0.789
0
0.621
0
2.627
1
-0.552
1
-6.196
1
-0.732
0
-16.102
0
-25.594
0
3.573
1
-5.787
0
-18.36
0
-4.778
0
3.934
0
9.042
0
-25.198
0
12.244
0
-4.622
1
-3.018
1
27.63
0
-0.443
1
-4.004
1
-4.54
0
-0.893
1
-9.863
-19.919
0
-1.694
1
-7.692
1
-0.386
1
-2.606
1
-28.32
0
-7.167
1
-15.379
0
-12.108
1
6.264
1
1.149
0
13.577
0
-6.411
0
0.234
0
-22.495
0
-0.903
1
-8.163
0
-5.56
0
0.164
0
-3.822
0
-2.455
0
0.75
1
-11.892
1
-6.478
0
-10.462
0
7.058
1
-16.385
1
-22.936
0
-0.863
0
-8.635
0
-19.919
-28.207
1
-32.987
1
-14.979
0
-17.007
0
-4.182
0
-0.434
1
-5.008
1
-19.046
1
-14.26
1
11.719
1
5.678
0
-0.238
0
3.023
1
-2.826
0
-14.545
1
3.638
0
-13.946
0
0.328
1
-15.424
0
-14.412
0
4.877
1
-4.123
1
-17.589
1
-11.952
1
-16.723
1
-11.09
1
-11.506
0
-2.878
1
0.488
1
-5.075
1
-28.207
21.572
1
-4.767
1
-2.811
1
-43.224
1
-9.606
0
-30.408
0
3.2
1
-9.882
0
3.042
1
-29.358
1
-1.887
0
-11.546
0
-0.387
1
-4.852
1
-2.544
1
-4.821
0
-14.33
0
-0.397
1
-13.535
0
-0.527
1
-5.848
1
3.08
1
-6.981
0
-17.91
1
-0.415
0
-2.918
0
-7.535
1
3.922
1
-4.73
1
-20.595
0
21.572
-21.86
0
-4.847
0
3.477
1
-10.36
0
-17.722
0
-14.111
1
-15.337
0
-33.748
1
-8.223
0
2.99
1
-5.596
0
1.465
1
-5.541
1
-17.053
1
-18.025
0
-0.027
0
-14.257
0
5.634
0
-12.356
0
9.35
0
-5.848
1
41.002
0
0.183
1
-19.555
1
-3.054
1
-5.206
0
-5.838
0
-0.958
1
-19.468
0
7.587
0
-21.86


-1.128
1
-23.619
0
17.005
1
-2.547
1
-10.385
1
5.857
1
-7.637
0
-1.009
1
-18.364
0
0.265
0
-21.593
1
-9.408
0
0.305
0
4.064
0
4.497
0
-3.88
0
0.709
1
-3.317
1
-27.28
0
5.221
1
19.541
0
-2.086
1
-22.004
1
-19.808
1
-3.535
1
-10.762
0
-4.835
1
-5.325
1
-2.064
1
-3.236
1
-1.128
-17.413
0
-10.557
1
5.253
1
1.405
0
-30.143
0
1.744
1
-4.916
0
-0.394
0
-0.216
1
1.346
1
-10.698
1
-17.011
0
-0.443
0
-11.91
0
-2.125
0
0.307
1
-2.211
0
-2.769
1
-20.434
0
-10.156
0
-11.584
0
-8.233
0
-0.209
1
-28.644
0
-7.041
1
5.81
0
-5.466
0
-4.994
1
6.761
1
-21.025
1
-17.413
-27.859
0
0.904
1
-1.635
0
-4.78
0
2.711
1
-24.451
0
-23.326
0
4.007
0
-0.278
0
-0.342
1
-27.941
0
-3.891
1
-28.876
0
7.707
1
-45.303
0
2.271
1
-7.243
1
-5.869
0
2.8
0
-18.416
1
0.924
0
-18.928
1
-9.827
1
3.687
0
-2.484
0
1.575
1
-15.656
0
-15.195
0
-14.018
1
-1.66
0
-27.859
-35.171
0
-12.498
1
2.695
1
-37.297
0
0.19
0
1.707
1
-10.446
1
1.926
0
-3.508
0
3.428
0
-7.04
0
4.154
1
13.21
1
-23.203
1
-16.837
1
-12.791
1
-8.695
1
-6.571
0
-17.54
1
15.651
1
2.053
0
-0.381
0
-5.526
0
-1.097
0
-4.935
1
-28.083
1
4.092
1
-10.296
1
-0.542
0
-4.346
0
-35.171
-24.425
1
-10.663
1
-4.611
0
12.787
0
8.456
1
-8.403
0
-2.836
1
-25.656
1
7.24
0
-6.463
0
-10.353
1
2.787
1
-11.714
0
1.248
1
-1.325
0
-17.849
0
-8.595
1
1.747
1
-5.438
1
-4.847
1
-1.504
0
-4.718
1
-10.687
1
-0.842
1
-4.921
1
-9.425
1
-3.054
0
-18.888
0
-15.176
1
-5.247
0
-24.425
11.073
0
-0.156
0
-10.437
1
3.236
0
-11.482
1
-4.865
0
-28.517
0
10.944
0
-0.507
0
-6.056
0
0.159
1
-2.142
1
-14.825
1
7.515
0
-11.975
0
5.095
0
7.668
1
-7.435
1
1.637
0
1.678
1
-4.615
0
-24.804
0
-1.308
0
-3.338
0
8.849
1
-9.023
1
-0.446
1
0.173
1
4.708
0
2.278
0
11.073


-7.541
0
3.56
1
-14.717
0
-1.826
1
7.454
0
-18.131
1
3.066
1
-7.616
1
-12.984
1
-7.431
1
-2.896
1
10.391
0
14.263
0
-0.758
1
-11.469
0
-11.712
0
-3.537
0
0.103
1
0.418
0
-0.349
1
-41.122
0
-2.034
1
9.877
1
-19.418
1
-4.774
0
-9.697
1
-10.316
0
16.918
0
-0.244
0
0.462
1
-7.541
19.772
1
-34.79
0
10.496
0
-5.143
1
-17.054
0
5.881
0
-19.042
1
-5.513
0
-14.309
1
-6.479
0
5.857
0
0.625
0
0.678
1
-18.231
0
-25.876
0
-5.537
1
4.905
0
-12.829
1
-14.304
0
-7.509
1
-4.332
1
-1.785
1
-0.918
1
-4.941
0
-11.108
0
-0.901
1
10.633
0
2.844
0
-3.766
0
-6.693
0
19.772
1.597
0
-3.271
1
2.311
0
-0.124
0
-1.747
0
6.045
0
0.52
1
1.771
1
2.357
1
3.169
0
-0.625
1
5.781
1
-8.701
0
-36.541
1
4.806
1
-4.687
1
1.472
1
-2.544
0
5.028
1
13.536
0
-5.701
1
-14.427
1
21.265
0
4.731
0
-13.161
0
-1.797
0
-14.719
1
-11.52
1
-6.232
1
-20.285
0
1.597
-1.389
0
-0.457
0
0.316
0
-0.125
1
-3.311
0
-0.627
0
1.101
0
-0.738
0
0.141
0
0.527
0
-0.307
0
-3.379
1
-0.256
1
-0.794
0
-0.678
0
0.985
0
-0.6
0
0.887
0
-0.543
0
-0.657
0
0.286
0
0.955
0
0.957
0
0.411
1
-3.849
1
3.849
0
-1.488
0
1.959
1
13.429
1
-6.687
0
-1.389
8.062
0
-31.244
0
-0.147
1
6.738
1
1.099
0
-5.241
0
2.405
0
-22.735
1
-48.24
1
-6.938
0
-1.363
0
-4.669
1
3.104
0
-26.41
1
-19.909
1
11.448
0
0.571
0
-1.557
1
-5.574
1
-6.017
1
-0.085
1
-2.77
1
-8.997
1
6.012
1
-1.98
0
-10.747
1
-14.539
1
-7.45
1
20.935
1
-12.096
1
8.062
-16.664
0
-17.956
1
18.603
0
3.161
0
-3.283
0
-1.764
0
1.756
0
0.706
1
-1.113
0
-11.474
0
-2.235
0
-24.248
0
-8.459
1
1.39
0
2.508
0
0.327
1
-2.718
1
3.799
0
-14.589
0
-1.387
0
-7.1
1
-18.009
1
-15.007
1
4.747
0
0.194
0
3.932
1
9.361
1
-1.558
0
1.322
0
5.446
0
-16.664


0
0
0.183
0
0.873
0
0.225
0
-0.703
0
0.457
1
10.336
0
0.798
0
0.368
0
-0.297
0
0.091
1
-9.924
0
-0.981
0
-0.547
0
-0.487
0
-0.884
0
0.347
0
-0.021
0
-2.169
0
0.1
0
0.403
1
-6.291
1
1.369
0
-0.82
1
-4.951
0
-0.304
1
1.743
1
7.816
0
-0.261
1
2.522
1
0
