

0
0
-0.11
0
-0.279
0
0.98
0
-0.305
0
0.824
0
-0.576
0
-0.323
0
-0.744
0
-0.509
0
0.303
0
-0.223
0
0.619
0
-0.889
0
0.233
0
-0.716
0
0.0319999
0
-0.85
0
-0.835
0
0.41
0
-0.037
0
0.224
0
-0.68
0
-0.213
0
0.238
0
0.817
0
-0.919
0
0.972
0
-0.287
0
0.938
0
0
0
0
-0.076
0
0.108
0
-0.771
0
0.763
0
0.563
0
0.931
0
-0.019
0
0.69
0
-0.341
0
0.744
0
0.198
0
0.015
0
-0.643
0
0.601
0
0.654
0
0.863
0
-0.448
0
-0.547
0
-0.282
0
-0.367
0
-0.148
0
-0.462
0
0.956
0
0.505
0
0.533
0
0.442
0
-0.286
0
-0.269
0
0.676
0
0
0
0
-0.487
0
0.492
0
0.353
0
0.069
0
-0.746
0
0.427
0
-0.544
0
0.131
0
-0.869
0
-0.08
0
-0.00800002
0
-0.437
0
-0.063
0
-0.18
0
-0.672
0
-0.65
0
-0.623
0
-0.388
0
-0.983
0
-0.937
0
0.897
0
0.838
0
-0.388
0
0.349
0
0.336
0
-0.271
0
-0.286
0
0.189
0
0.00300002
0
0
0
0
-0.176
0
-0.687
0
-0.907
0
0.79
0
0.233
0
-0.564
0
-0.24
0
0.711
0
-0.247
0
0.321
0
0.27
0
0.731
0
-0.362
0
0.482
0
0.627
0
0.099
0
-0.535
0
0.657
0
-0.165
0
0.554
0
0.648
0
-0.256
0
-0.288
0
0.099
0
0.564
0
-0.649
0
-0.964
0
0.594
0
-0.877
0
0
0
0
-0.866
0
-0.512
0
0.859
0
-0.987
0
-0.251
0
-0.607
0
0.95
0
-0.63
0
0.624
0
-0.439
0
0.316
0
-0.498
0
0.617
0
0.88
0
-0.295
0
0.568
0
0.731
0
-0.56
0
0.808
0
-0.826
0
-0.76
0
-0.559
0
-0.392
0
-0.093
0
0.433
0
0.727
0
-0.409
0
0.987
0
-0.031
0
0
0
0
-0.946
0
0.234
0
-0.457
0
0.625
0
0.564
0
-0.283
0
-0.027
0
0.253
0
-0.224
0
0.9
0
0.33
0
-0.861
0
0.36
0
0.235
0
-0.273
0
0.013
0
-0.924
0
0.35
0
0.545
0
-0.865
0
0.532
0
-0.052
0
-0.214
0
-0.497
0
-0.041
0
0.125
0
0.0319999
0
-0.632
0
-0.087
0
0
0
0
-0.303
0
-0.308
0
0.935
0
0.829
0
-0.182
0
0.315
0
0.415
0
-0.691
0
-0.314
0
0.603
0
-0.678
0
0.436
0
0.624
0
0.915
0
-0.904
0
0.3
0
-0.297
0
-0.242
0
-0.602
0
-0.81
0
-0.021
0
-0.322
0
0.173
0
-0.453
0
-0.131
0
0.579
0
-0.305
0
0.0369999
0
0.962
0
0
0
0
0.319
0
-0.887
0
0.397
0
0.796
0
-0.982
0
-0.387
0
0.162
0
0.953
0
0.257
0
0.252
0
-0.35
0
-0.549
0
-0.609
0
-0.199
0
-0.504
0
0.408
0
0.704
0
-0.577
0
0.558
0
-0.373
0
-0.459
0
0.423
0
-0.437
0
-0.588
0
0.268
0
-0.036
0
0.655
0
-0.256
0
-0.864
0
0
0
0
-0.422
0
-0.42
0
-0.429
0
-0.648
0
0.226
0
-0.922
0
-0.541
0
-0.816
0
-0.627
0
0.586
0
0.998
0
0.59
0
0.926
0
-0.301
0
-0.329
0
0.222
0
-0.46
0
-0.51
0
0.941
0
-0.866
0
0.563
0
-0.328
0
-0.022
0
0.468
0
0.551
0
0.71
0
-0.302
0
0.949
0
0.182
0
0
0
0
0.13
0
-0.074
0
0.476
0
-0.986
0
-0.619
0
0.176
0
-0.887
0
0.772
0
0.557
0
0.179
0
-0.722
0
0.395
0
0.503
0
-0.837
0
-0.231
0
0.274
0
0.702
0
-0.445
0
-0.807
0
0.376
0
0.244
0
-0.648
0
0.182
0
0.731
0
-0.303
0
0.64
0
0.847
0
-0.199
0
0.09
0
0


-18.744
0
-19.433
0
-15.055
0
5.623
1
-8.637
0
-0.443
0
-2.028
0
-3.958
1
-3.116
0
-4.932
0
-13.411
0
-0.582
1
-6.3
1
-13.579
1
-24.515
0
2.745
0
0.452
1
-11.688
1
-4.309
1
-17.447
0
9.585
0
-2.604
0
-13.545
0
-1.63
1
-31.758
0
10.451
1
1.413
1
-7.606
1
-11.485
0
0.962
1
-18.744
-1.236
1
-6.921
0
10.62
0
-7.854
0
-1.479
1
-9.329
0
-3.825
0
-0.117
0
5.45
1
-1.621
0
-5.344
0
-3.65
0
-21.563
1
-16.86
1
-37.722
1
-13.263
0
-17.62
0
-36.493
1
-3.694
0
-2.912
1
-3.617
0
-16.966
0
1.825
0
-9.34
1
6.054
1
0.128
1
-38.679
0
-19.137
0
-24.878
0
-6.998
0
-1.236
-2.014
0
-0.244
1
5.615
0
0.377
0
0.734
0
3.972
0
-2.368
1
-17.413
1
0.404
1
-28.888
0
0.314
0
1.543
1
-19.725
0
-18.364
0
-3.456
1
-1.313
1
-11.019
1
-37.961
0
-15.012
1
-21.925
0
-5.888
1
6.643
0
-12.254
0
-9.453
1
-27.461
0
-11.376
1
-6.438
0
-0.165
0
-11.118
1
0.262
1
-2.014
-3.231
0
5.239
0
0.423
1
-11.328
0
-4.24
0
-27.057
0
1.018
1
2.052
0
2.646
0
-10.359
1
-13.04
1
2.961
0
18.075
0
1.553
0
-15.222
0
6.195
1
6.645
0
-0.347
0
-30.087
0
-19.552
1
-10.657
1
-13.104
0
-19.678
1
3.126
1
-3.911
1
4.767
1
-6.679
1
-0.523
0
-1.71
0
-10.438
0
-3.231
10.87
0
-30.642
1
-13.133
1
8.101
0
-1.42
1
-5.199
1
-37.775
1
1.885
0
-7.396
0
-10.651
0
-7.76
1
-0.54
1
-1.044
1
4.117
1
-14.4
1
19.327
1
-31.426
1
6.024
0
-32.479
1
6.422
0
-18.339
1
-1.513
0
-3.079
0
-15.252
0
1.926
0
8.524
0
-7.429
0
0.401
1
-4.327
1
11.327
1
10.87
-7.522
1
-5.217
1
1.325
0
-22.998
0
-27.078
0
-10.292
1
-22.289
0
-6.887
0
-5.328
0
8.07
1
-9.829
0
6.604
0
-19.215
0
20.953
1
-15.643
0
-2.874
0
3.097
0
-40.31
0
-7.775
1
0.138
1
-14.966
0
8.397
0
-21.726
0
-7.519
1
4.442
1
-9.329
1
-11.566
0
11.653
0
-25.725
0
7.011
0
-7.522


-37.469
0
0.828
1
0.577
0
-54.5
1
-17.248
1
-15.611
1
-16.77
0
-4.796
0
-4.178
0
-4.734
1
-24.207
0
-10.233
1
-1.27
0
-17.013
1
4.494
0
5.121
1
-14.502
0
-22.201
0
3.385
0
8.178
0
-0.729
1
-1.104
0
-17.202
1
-13.547
0
-10.794
1
10.577
0
0.249
0
11.618
0
-0.602
0
12.493
1
-37.469
-7.213
1
-0.383
1
-5.132
1
-11.879
1
-2.778
0
-0.57
1
7.332
0
-12.542
0
10.453
1
-17.164
0
-0.405
0
-18.024
1
-12.399
1
-5.957
1
-3.085
0
-19.477
1
-11.451
1
-8.529
0
1.646
1
-1.232
1
-21.683
0
-7.258
0
-6.851
0
-2.31
1
-15.489
0
-2.382
0
-24.426
0
-6.831
1
-12.303
0
-16.093
0
-7.213
-30.574
0
5.935
1
-17.232
0
5.459
0
10.16
1
10.821
0
-0.724
1
-7.107
1
-4.766
1
-9.068
0
-8.8
0
0.577
0
-3.469
1
-2.608
0
-28.579
1
2.52
0
1.166
0
4.581
0
-1.61
1
1.862
1
-20.479
1
-34.103
1
-6.714
1
-26.173
0
-17.342
0
-8.807
1
5.043
0
-21.493
1
-10.768
0
4.993
0
-30.574
-13.536
1
-8.077
0
-10.115
0
-14.405
1
-17.317
1
-52.927
0
-6.934
1
-5.395
0
-5.603
0
-0.317
0
0.243
1
-5.288
0
-13.812
1
-21.356
1
5.379
0
-5.181
0
-8.594
0
-1.701
0
-15.895
0
-23.164
1
-37.744
0
0.1
1
-17.989
0
1.022
1
-13.547
1
-6.012
1
-18.963
0
-11.182
1
-11.006
1
-5.973
0
-13.536
-16.105
1
-6.583
1
-25.59
0
-11.809
0
-4.064
0
-7.272
0
-4.471
0
1.87
1
-4.089
0
-3.124
1
-18.874
0
-2.498
0
-7.516
1
-10.391
0
-17.097
1
-20.8
1
-9.923
0
-13.101
0
-5.302
1
10.355
1
0.989
0
-16.855
1
-19.97
0
-8.253
1
4.696
0
-7.593
0
-22.465
0
-16.188
0
-17.137
1
-28.415
1
-16.105
-5.374
0
-9.587
0
3.498
0
-11.233
0
-7.72
0
1.665
1
-39.479
0
-12.709
0
0.806
0
15.408
1
-27.523
1
-15.262
1
-11.373
0
-0.496
0
-11.628
0
-2.276
1
4.909
1
0.83
1
-36.812
0
7.03
0
-16.145
1
-5.477
0
-11.639
1
-8.782
1
1.588
1
-4.419
0
-2.061
1
-11.525
1
2.272
0
-14.266
0
-5.374


-5.976
1
-4.339
1
1.85
0
2.618
0
-22.466
0
-5.688
0
-13.581
1
-16.278
1
-4.963
1
2.89
0
-27.113
1
2.609
1
-7.494
1
-7.935
0
0.0779999
1
0.433
0
1.27
1
-7.536
1
-4.264
0
15.924
1
11.511
0
-8.456
0
19.708
0
-30.142
1
-11.548
0
-1.423
0
-0.165
0
0.356
0
-0.867
1
-2.16
0
-5.976
-13.889
0
-2.586
1
-1.041
1
-0.765
1
4.501
1
-37.895
0
-14.872
1
-0.686
0
3.495
1
-2.965
0
-2.656
0
-17.632
0
1.507
1
-2.247
1
-15.086
0
-12.12
0
-2.718
1
1.59
1
18.02
1
-31.021
1
5.747
1
2.138
1
-22.701
0
2.483
0
-2.91
0
-9.457
0
-5.183
0
-22.281
1
-5.042
0
2.46
1
-13.889
-17.166
1
-8.961
1
4.906
1
-14.596
1
0.295
0
-24.121
0
-17.9
0
-22.223
0
7.693
0
-15.907
1
-11.791
0
-9.731
1
-2.837
1
-1.222
0
-22.393
0
3.98
1
-32.582
0
16.412
0
0.349
0
-33.507
0
-20.671
1
-14.666
0
-8.73
1
-2.346
1
12.88
0
-13.677
0
-27.061
0
-10.04
1
-17.332
1
2.953
0
-17.166
-1.8
0
-15.719
0
-4.772
0
-8.875
0
-0.436
1
-3.214
1
-3.874
1
-10.458
0
-0.716
0
-31.802
1
-6.61
0
-8.739
1
-15.562
0
6.311
1
-20.399
0
-39.349
1
6.7
0
-2.629
0
-0.397
0
4.631
0
7.044
1
3.696
1
-12.263
1
-1.544
0
4.801
0
-10.592
1
-21.85
0
-0.737
1
-8.647
1
14.409
0
-1.8
-0.631
0
-1.176
1
4.007
1
-15.032
0
-0.504
0
-7.989
0
7.344
1
-12.192
0
-2.335
1
-7.54
0
-20.544
0
-0.368
1
-22.08
1
-26.298
0
5.391
0
-7.229
0
-24.478
0
-11.963
1
-20.371
1
9.007
1
-0.946
0
-24.208
0
-20.406
0
15.143
0
-20.037
0
-21.215
1
-4.446
1
-1.811
1
-15.816
1
-12.862
1
-0.631
-6.174
0
-0.086
1
-5.536
1
-11.529
1
-34.82
1
-0.707
0
-4.865
0
-23.384
1
-6.162
0
-13.525
1
8.45
0
0.887
0
-9.881
0
-8.691
0
-23.476
0
2.547
1
-0.906
1
3.543
1
-23.705
0
-14.277
1
-24.447
0
2.194
0
-6.354
1
-12.214
1
-11.083
1
-10.722
1
16.472
0
1.153
1
-6.125
0
-11.884
0
-6.174


0.007
0
-0.299
0
0.742
0
-0.71
0
0.15
0
-0.26
0
-0.05
0
0.142
0
0.059
1
-0.768
0
-0.285
1
-31.62
0
0.0700001
0
-0.732
0
-6.329
0
-0.342
0
0.839
0
0.386
0
0.335
0
-0.323
0
0.495
0
-0.726
0
0.824
0
0.609
0
-0.425
1
-0.029
0
0.041
0
-0.809
0
0.641
0
0.423
0
0.007


0
0
-0.293
0
0.217
0
0.801
0
0.099
0
-0.438
0
0.862
0
-0.395
0
0.23
0
0.752
0
0.716
0
-0.454
0
0.735
0
-0.695
0
-0.238
0
0.081
0
-0.91
0
-0.113
0
0.137
0
-0.934
0
0.679
0
0.389
0
-0.449
0
0.242
0
-0.846
0
0.805
0
-0.19
0
-0.358
0
0.883
0
0.12
0
0
0
0
0
0
0.519
0
-0.85
0
0.791
0
-0.16
0
-0.561
0
0.959
0
-0.623
0
-0.231
0
-0.774
0
0.167
0
-0.449
0
-0.821
0
-0.036
0
0.903
0
-0.00199997
0
0.575
0
-0.709
0
-0.212
0
0.488
0
0.603
0
-0.493
0
0.084
0
-0.094
0
0.951
0
0.393
0
0.864
0
0.00899994
0
0.133
0
0
0
0
0.334
0
0.684
0
0.0700001
0
0.985
0
0.254
0
0.933
0
0.697
0
-0.174
0
0.407
0
0.218
0
-0.166
0
0.305
0
0.072
0
0.364
0
0.00699997
0
0.937
0
0.745
0
-0.924
0
-0.24
0
-0.84
0
-0.597
0
-0.852
0
-0.549
0
0.846
0
-0.607
0
0.366
0
0.934
0
0.704
0
0.911
0
0
0
0
0.6
0
-0.078
0
0.02
0
-0.367
0
-0.673
0
0.56
0
-0.068
0
0.176
0
0.366
0
0.481
0
-0.511
0
-0.505
0
0.721
0
-0.562
0
-0.969
0
0.32
0
0.461
0
0.089
0
0.249
0
0.66
0
0.644
0
0.99
0
0.514
0
-0.189
0
0.022
0
0.184
0
-0.849
0
-0.938
0
0.554
0
0
0
0
-0.702
0
0.222
0
0.031
0
0.815
0
0.368
0
0.891
0
-0.076
0
0.683
0
0.22
0
-0.26
0
-0.458
0
-0.826
0
0.555
0
-0.192
0
0.984
0
-0.939
0
-0.24
0
-0.738
0
-0.506
0
-0.107
0
0.176
0
-0.887
0
0.198
0
0.965
0
-0.316
0
0.516
0
-0.083
0
-0.957
0
0.831
0
0
0
0
0.00300002
0
-0.815
0
-0.109
0
0.974
0
0.631
0
-0.981
0
0.867
0
-0.429
0
0.636
0
-0.86
0
-0.637
0
0.927
0
-0.383
0
-0.756
0
0.437
0
0.895
0
0.398
0
0.687
0
-0.014
0
0.585
0
0.562
0
-0.853
0
-0.994
0
0.061
0
-0.867
0
0.902
0
-0.209
0
-0.069
0
-0.544
0
0
0
0
0.789
0
-0.751
0
0.802
0
-0.688
0
0.454
0
-0.989
0
0.986
0
0.783
0
0.804
0
0.838
0
0.289
0
-0.02
0
-0.03
0
0.379
0
-0.926
0
0.585
0
-0.103
0
0.282
0
0.196
0
0.465
0
-0.551
0
0.487
0
-0.000999987
0
0.94
0
0.154
0
0.483
0
-0.736
0
-0.432
0
-0.745
0
0
0
0
-0.167
0
-0.723
0
0.278
0
0.382
0
0.284
0
-0.128
0
-0.821
0
-0.748
0
-0.424
0
0.239
0
0.401
0
0.219
0
-0.177
0
-0.135
0
-0.07
0
-0.713
0
0.404
0
0.497
0
0.626
0
-0.343
0
0.629
0
0.03
0
-0.116
0
-0.958
0
-0.294
0
0.597
0
-0.227
0
-0.388
0
-0.642
0
0
0
0
-0.299
0
0.894
0
-0.107
0
-0.502
0
0.893
0
-0.672
0
0.323
0
0.807
0
0.69
0
0.358
0
0.269
0
0.804
0
-0.246
0
0.147
0
-0.196
0
-0.505
0
-0.366
0
-0.851
0
-0.724
0
-0.9
0
0.404
0
-0.877
0
-0.96
0
0.185
0
0.942
0
0.433
0
-0.409
0
-0.332
0
-0.784
0
0
0
0
-0.556
0
-0.347
0
-0.331
0
0.646
0
-0.619
0
0.039
0
-0.013
0
-0.937
0
0.32
0
0.525
0
-0.656
0
-0.635
0
0.825
0
0.918
0
0.464
0
-0.398
0
0.747
0
0.058
0
-0.212
0
0.132
0
-0.255
0
0.51
0
-0.075
0
0.584
0
0.503
0
-0.983
0
0.729
0
0.647
0
0.129
0
0


8.246
0
-3.584
1
20.418
0
1.254
1
-0.345
1
-19.343
1
-2.861
0
-38.634
0
2.969
0
-1.949
1
-16.879
0
-5.415
1
-19.028
1
-19.568
0
-0.333
0
2.015
1
10.751
1
-4.422
1
-5.123
1
-21.231
0
-10.242
0
-4.239
1
-27.019
0
-23.488
1
-22.215
0
0.854
1
-0.164
0
-0.458
1
-14.896
0
-0.921
0
8.246
-9.845
0
0.673
0
-0.929
1
-2.349
1
-17.414
1
0.915
1
3.962
1
0.605
1
16.382
1
15.962
0
1.898
0
8.92
1
0.823
0
-3.685
1
5.067
1
1.277
1
-22.424
0
11.615
1
-0.564
0
7.862
0
-8.905
1
6.918
1
-10.721
1
5.564
0
-25.23
1
-16.934
0
-33.801
1
-5.283
0
-0.785
1
-10.488
0
-9.845
-21.694
0
2.168
1
-19.015
0
-0.174
0
0.771
0
3.959
1
0.655
0
-3.482
0
0.786
0
-8.419
1
-9.553
0
-15.57
1
-10.186
1
22.787
0
1.709
0
-2.391
1
16.173
0
-15.045
0
-0.428
1
2.99
1
-4.152
0
0.064
1
-18.518
0
-9.798
1
13.16
0
-12.721
1
-3.256
1
-8.15
1
-8.942
1
-8.581
1
-21.694
7.97
1
-24.909
1
-24.849
0
-6.488
1
0.817
0
-12.282
1
-19.103
0
-2.414
0
-8.924
1
-31.813
1
-20.909
1
-2.907
1
-15.182
0
-10.513
1
12.9
0
-18.394
0
12.994
1
-0.846
0
3.06
0
-10.026
1
-2.431
1
1.366
1
-1.622
0
-0.133
0
-0.475
1
-22.227
1
-3.193
1
-18.522
1
20.622
0
-2.182
0
7.97
-39.457
0
-21.129
0
12.918
1
-5.862
0
-20.204
0
16.585
1
-3.711
0
-3.257
1
-12.298
1
-23.304
0
-5.013
0
-10.099
0
-19.383
0
11.589
1
-6.189
1
2.873
1
-14.341
1
0.627
1
-25.495
1
-1.25
1
3.348
1
-10.577
1
8.027
1
-6.166
1
-6.631
0
1.177
0
15.423
0
-1.104
1
-16.948
1
-24.483
0
-39.457
-10.989
1
-0.397
0
-3.844
1
-3.633
0
-1.753
0
-23.95
1
-20.695
0
-26.546
0
2.187
1
-16.01
1
-26.682
1
-13.04
1
-6.819
0
-2.362
1
24.044
1
-10.646
1
10.045
1
-35.973
1
-6.949
0
-4.117
0
-16.377
1
-4.043
1
21.879
0
-28.537
1
-4.768
1
-34.436
1
-3.212
0
-5.273
0
-12.694
1
7.453
0
-10.989


15.22
0
-31.683
0
-1.403
1
-2.062
1
-11.235
0
12.027
1
2.617
1
-18.996
1
-32.472
1
-10.636
1
-16.855
0
-2.434
1
-12.33
0
-7.135
1
-29.963
0
-2.96
0
-1.708
1
-11.486
0
0.519
1
2.133
1
-20.548
1
-24.771
0
-0.864
0
-11.586
0
-1.958
1
7.605
1
-19.397
1
1.89
0
12.132
0
-34.157
0
15.22
-11.641
1
-13.912
1
5.997
0
-7.511
0
-14.345
0
-13.264
1
-17.907
1
0.54
1
2.716
0
3.894
0
0.929
0
-12.851
1
5.552
0
-10.388
1
-15.951
0
-16.287
1
16.533
0
-8.331
1
9.033
1
23.18
1
-2.111
1
3.943
0
-21.843
1
6.188
1
-2.974
1
-5.432
0
1.378
1
-28.998
0
-1.664
1
-55.512
1
-11.641
18.728
0
9.841
0
-0.827
1
15.909
0
13.569
1
1.157
1
-9.906
0
-0.674
1
0.959
0
3.527
1
-21.324
0
-9.008
1
-29.859
1
-23.883
1
-32.176
1
-17.731
1
4.639
1
-21.395
0
-14.467
0
-1.754
1
13.239
0
9.824
0
12.44
1
-2.226
0
-17.424
0
-0.067
0
0.967
1
-19.642
0
-0.093
0
-3.21
0
18.728
-26.84
1
-14.299
0
-21.384
1
-47.53
0
12.401
1
-29.288
0
-0.101
1
27.713
0
-2.622
0
-6.476
1
-8.363
1
-19.618
1
2.889
1
-16.53
1
-22.242
1
6.984
1
-8.65
0
-5.644
0
0.333
0
-0.709
1
-3.603
1
-1.753
1
0.21
0
-16.234
1
1.665
1
5.421
1
-26.289
1
-22.673
1
-26.054
1
-28.213
0
-26.84
3.486
0
-11.177
1
3.212
1
19.099
1
4.29
1
-9.238
0
4.913
1
-5.198
0
-18.846
0
-15.158
1
7.408
0
0.546
1
-37.571
1
8.008
0
11.661
1
-5.14
0
-2.572
1
-1.315
0
0.64
1
-4.828
0
-12.898
0
-11.871
0
-7.893
1
-34.865
0
0.471
0
-23.38
1
16.273
1
-8.771
1
14.237
1
-18.566
0
3.486
9.817
1
-0.911
0
5.494
0
-5.114
1
3.445
1
-34.605
1
0.586
0
-1.069
1
-3.873
0
-14.672
1
-15.712
0
-5.255
1
-42.586
1
-20.026
1
-4.925
0
0.224
0
0.902
0
9.506
0
0.819
0
-20.824
1
-1.19
1
6.395
1
-7.841
1
18.327
0
-0.684
1
-9.311
0
-0.82
1
-10.17
0
9.784
1
7.321
0
9.817


-17.583
1
-13.518
1
-10.015
0
-4.038
0
0.274
0
-5.724
0
-22.996
1
-21.601
1
-13.196
1
11.3
0
-9.826
1
-7.986
0
5.749
1
-24.156
1
-17.025
1
-9.339
1
-5.585
1
-12.943
1
2.76
1
-7.709
0
0.525
1
-2.318
1
-14.109
1
1.835
0
0.994
1
-27.919
0
2.943
0
-3.032
0
-7.185
1
5.655
0
-17.583
-17.001
0
-17.422
0
1.772
1
0.248
0
-10.406
1
-6.696
0
7.933
1
-12.367
1
5.562
0
2.035
1
28.054
1
10.71
0
-14.158
1
6.673
1
26.965
1
-20.793
1
-14.113
1
-6.229
1
-20.043
0
-8.099
0
-38.838
1
-7.135
0
-15.957
0
-7.933
1
-7.811
0
-3.745
0
0.236
1
-28.512
1
-13.195
0
-37.486
0
-17.001
-7.292
0
-19.082
0
2.594
1
13.07
0
-12.646
0
8.441
0
-5.286
1
-6.21
0
-18.574
0
-12.454
1
-1.619
0
-19.747
1
2.705
0
12.629
0
-0.987
0
-6.473
1
-8.048
0
12.199
1
-8.244
0
2.662
0
-9.643
1
-11.266
0
-0.336
0
-6.562
1
2.449
0
-2.73
1
-5.032
0
-0.864
0
24.419
0
4.721
1
-7.292
-3.736
1
1.662
1
18.345
0
-10.098
0
-1.599
1
-12.607
1
6.143
1
-11.948
0
-5.699
1
-23.868
0
1.034
0
-4.077
0
-14.379
0
0.289
0
-0.727
0
9.998
0
-4.116
0
-42.717
0
-7.205
0
6.662
0
-12.212
0
-19.487
0
1.226
0
-14.017
0
4.217
1
-7.375
1
-1.918
1
14.071
1
-11.145
1
-7.274
1
-3.736
-11.987
0
-0.083
0
-0.091
0
-1.735
0
-20.259
0
-39.21
0
-20.766
0
-15.183
0
0.43
1
-9.953
0
-9.764
0
-8.101
0
-9.172
0
-1.791
0
7.554
0
2.969
0
3.871
1
1.513
1
-28.588
0
-7.503
0
-17.1
1
-10.17
0
-7.375
1
-4.859
0
-1.349
1
-14.731
0
-14.185
1
10.802
0
-3.807
0
-2.114
0
-11.987
-18.464
1
-13.212
1
9.798
0
-7.072
0
-4.952
0
4.607
1
-3.959
1
20.176
0
-5.269
0
-19.868
1
-14.01
0
-21.579
0
-6.503
1
-30.971
0
-28.157
0
9.017
0
-1.048
1
-50.693
1
-8.649
1
-17.542
0
-6.786
1
20.607
0
-0.353
0
-13.711
1
-17.7
1
3.386
0
0.365
0
-36.531
1
-26.056
0
-13.108
0
-18.464


1.216
0
-0.952
0
0.569
0
-0.424
1
7.952
1
-0.925
0
0.767
0
0.259
0
-0.402
0
0.276
1
-0.333
0
-0.946
1
-5.109
1
-1.335
0
-0.393
1
3.144
0
-0.384
0
-0.461
0
0.572
0
0.856
0
0.395
1
-1.941
1
1.948
0
0.783
0
-0.269
1
-4.715
0
0.7
0
0.635
0
-0.695
0
-0.483
1
1.216


0
0
0.255
0
0.615
0
0.484
0
0.286
0
-0.979
0
-0.161
0
0.556
0
0.87
0
-0.895
0
-0.171
0
0.266
0
0.0599999
0
-0.711
0
0.537
0
-0.863
0
0.305
0
-0.00700003
0
0.518
0
0.107
0
-0.79
0
-0.919
0
-0.659
0
-0.293
0
0.477
0
0.703
0
-0.878
0
-0.99
0
-0.068
0
0.206
0
0
0
0
-0.941
0
-0.177
0
0.915
0
0.33
0
0.765
0
-0.753
0
-0.786
0
0.995
0
-0.613
0
-0.967
0
-0.694
0
-0.41
0
0.071
0
0.469
0
-0.759
0
-0.606
0
0.934
0
0.178
0
-0.934
0
0.923
0
0.092
0
-0.321
0
-0.082
0
-0.724
0
0.165
0
0.672
0
-0.485
0
0.768
0
0.945
0
0
0
0
0.00300002
0
0.735
0
0.306
0
0.712
0
-0.107
0
0.541
0
-0.852
0
0.554
0
0.095
0
-0.529
0
-0.09
0
0.066
0
-0.871
0
0.0140001
0
0.43
0
-0.43
0
0.891
0
-0.013
0
0.208
0
-0.053
0
-0.109
0
-0.316
0
-0.875
0
-0.496
0
0.854
0
0.702
0
0.218
0
-0.437
0
-0.358
0
0
0
0
-0.768
0
0.195
0
0.343
0
0.126
0
-0.305
0
0.764
0
-0.809
0
0.492
0
-0.323
0
0.601
0
-0.919
0
0.046
0
-0.475
0
-0.709
0
0.857
0
-0.00300002
0
-0.918
0
0.516
0
0.0650001
0
0.013
0
-0.735
0
0.892
0
0.842
0
-0.046
0
-0.243
0
0.13
0
-0.013
0
0.612
0
0.715
0
0
0
0
-0.000999987
0
0.607
0
-0.985
0
-0.732
0
-0.979
0
-0.85
0
-0.423
0
-0.989
0
-0.488
0
-0.386
0
-0.391
0
0.817
0
-0.933
0
-0.533
0
0.452
0
-0.945
0
0.153
0
-0.517
0
-0.491
0
0.871
0
0.368
0
-0.044
0
-0.691
0
0.374
0
0.559
0
-0.916
0
0.376
0
0.553
0
0.598
0
0
0
0
0.731
0
0.604
0
0.523
0
-0.969
0
-0.93
0
-0.265
0
0.431
0
-0.302
0
0.856
0
0.135
0
0.613
0
0.103
0
-0.848
0
0.212
0
0.972
0
0.796
0
0.393
0
0.81
0
-0.772
0
-0.539
0
-0.946
0
-0.942
0
0.556
0
0.496
0
-0.354
0
-0.669
0
0.805
0
0.288
0
-0.885
0
0
0
0
0.855
0
-0.435
0
0.707
0
-0.341
0
-0.374
0
0.716
0
0.626
0
-0.28
0
-0.768
0
0.606
0
0.146
0
-0.166
0
0.955
0
0.27
0
0.194
0
0.72
0
0.938
0
-0.626
0
0.809
0
-0.78
0
-0.146
0
-0.866
0
-0.822
0
-0.335
0
-0.693
0
0.285
0
0.054
0
0.224
0
0.145
0
0
0
0
0.339
0
-0.388
0
0.255
0
-0.00400001
0
0.374
0
-0.391
0
0.279
0
-0.936
0
0.803
0
-0.213
0
-0.369
0
0.096
0
0.725
0
-0.148
0
0.69
0
-0.661
0
-0.241
0
0.999
0
0.599
0
-0.083
0
-0.419
0
-0.714
0
0.27
0
0.672
0
0.251
0
-0.665
0
0.937
0
0.208
0
-0.139
0
0
0
0
0.11
0
0.847
0
-0.204
0
0.761
0
0.317
0
-0.218
0
0.604
0
-0.457
0
0.497
0
-0.474
0
-0.294
0
-0.144
0
0.393
0
0.878
0
-0.86
0
-0.891
0
-0.246
0
0.433
0
0.603
0
-0.149
0
-0.402
0
0.878
0
-0.826
0
0.567
0
-0.74
0
-0.654
0
0.908
0
0.81
0
0.202
0
0
0
0
0.878
0
0.881
0
-0.142
0
0.63
0
-0.702
0
-0.784
0
0.674
0
0.123
0
-0.141
0
0.915
0
0.875
0
0.535
0
0.236
0
0.677
0
-0.131
0
0.745
0
-0.37
0
0.852
0
-0.082
0
0.878
0
0.243
0
-0.524
0
0.895
0
-0.875
0
0.464
0
-0.329
0
0.046
0
-0.142
0
-0.934
0
0


-17.317
0
0.609
1
-24.546
1
18.716
1
12.345
0
0.892
1
-1.571
1
-10.986
1
-3.074
1
4.924
1
2.113
0
-24.284
1
-15.494
0
1.275
1
-28.049
1
-12.128
0
-5.496
1
-3.422
1
-7.402
1
-3.957
1
-30.548
1
-0.919
0
-24.162
0
12.112
0
-15.015
0
-13.686
1
-18.832
0
-9.374
1
-30.985
0
-11.972
0
-17.317
-14.431
1
-18.883
1
-16.685
1
-0.721
0
-22.037
1
-5.967
1
5.555
0
4.967
1
-15.799
1
-0.66
1
-5.996
0
-3.792
1
-4.16
1
13.322
0
-10.127
1
-10.745
0
3.574
0
-12.041
1
-11.764
0
19.491
0
-10.22
1
-15.216
1
-5.182
0
-8.124
1
-18.04
1
-6.186
1
1.74
0
-7.578
0
1.279
0
-19.518
0
-14.431
6.499
1
-39.312
0
4.747
1
13.315
0
-20.058
1
-31.281
1
-11.477
0
-10.864
0
-17.83
1
-4.667
1
-6.28
1
-4.47
0
-7.059
0
-16.336
0
-14.586
0
-3.05
0
-27.031
1
1.877
0
-7.269
0
4.232
0
-1.105
1
-5.318
0
17.317
0
-6.417
0
-9.15
1
-4.664
0
-9.01
0
7.649
1
-23.231
1
-16.315
0
6.499
-7.833
0
-19.032
1
2.591
0
-0.071
0
-5.742
1
-6.443
1
-19.93
1
-4.688
1
-1.899
0
-0.499
0
-0.91
1
-13.057
0
-10.991
1
5.279
0
-10.067
1
7.879
0
-9.897
0
0.637
1
14.346
0
0.781
1
-0.025
1
-9.792
0
-8.69
1
-1.119
0
-11.428
1
14.302
1
-11.78
0
-0.867
1
-15.187
1
-3.092
1
-7.833
-14.605
1
-22.466
1
3.437
1
-11.598
1
-3.526
1
-18.093
1
-2.408
0
1.809
1
11.726
1
-18.627
1
-14.927
0
-3.389
0
-4.456
1
-13.385
1
9.618
1
4.531
0
11.191
0
-5.853
1
-18.033
1
-4.887
1
1.953
1
-27.88
0
0.665
1
-0.718
1
-9.624
0
-6.581
0
-11.691
1
-12.718
0
9.002
1
-15.069
1
-14.605
-16.283
1
-28.838
0
-2.94
1
-8.433
0
-6.59
1
-42.785
1
-12.522
0
14.073
0
-3.859
0
-15.547
1
-26.471
1
-10.18
1
-12.641
0
-7.591
1
-21.654
1
-23.603
0
-3.826
0
-0.013
0
-15.46
0
-20.209
1
-8.494
0
-20.28
1
-4.903
1
-4.969
1
8.611
0
-14.112
0
21.253
1
-4.33
1
-0.784
1
-28.737
1
-16.283


1.71
0
0.976
0
-0.893
0
0.61
0
-0.575
1
-7.203
0
0.8
0
0.383
0
0.476
0
-0.703
0
-0.714
0
-9.843
1
0.178
1
-0.872
1
0.266
1
-3.651
0
-0.725
0
-0.761
1
-5.635
0
-2.42
1
8.599
0
-28.61
0
4.944
0
-15.673
1
3.315
1
-13.063
0
-0.458
0
-7.318
0
-27.026
0
2.158
0
1.71
1.44
1
-8.457
0
-10.329
1
-0.256
1
-0.684
1
7.052
0
2.183
0
-9.129
0
-15.768
0
-2.379
0
7.019
0
18.719
1
-31.749
0
3.855
1
-34.291
1
-21.371
1
13.454
0
13.248
0
-34.315
1
1.794
0
-5.778
1
-1.296
1
-17.395
0
0.739
0
21.113
0
-0.5
1
5.273
0
0.1
1
-45.928
1
-25.047
0
1.44
-26.218
0
-3.59
0
-14.967
1
-40.074
1
-6.058
0
0.682
0
-0.301
0
-24.332
0
-18.282
0
3.422
0
4.677
0
-0.266
0
-17.122
0
0.581
1
0.673
1
-24.62
0
10.616
1
-11.484
0
-0.77
1
-4.131
0
-13.673
0
5.052
1
-14.586
0
-7.28
1
0.516
0
-7.387
1
-5.121
1
-15.092
1
-5.945
1
12.912
1
-26.218
-42.352
1
10.06
1
-6.553
0
2.108
0
-0.149
0
-22.124
1
-23.178
1
-16.192
1
-2.311
1
-9.638
1
-13.879
1
-9.677
0
-10.722
1
-18.827
1
-6.739
1
-3.832
1
-28.279
0
-0.72
0
4.235
1
-14.653
0
-0.564
1
0.201
0
-0.189
1
-23.515
1
-26.279
1
-21.715
1
-9.056
1
12.342
1
-4.643
1
-1.135
1
-42.352
-20.339
1
-1.318
0
4.899
0
8.027
0
-7.057
1
31.797
1
25.829
1
-8.728
0
-16.043
0
-0.666
0
0.00999999
1
-26.103
0
7.278
0
-27.186
0
-10.792
1
3.094
1
7.361
1
1.073
1
-26.566
0
-44.641
0
-7.414
1
-12.589
1
5.697
0
-0.637
1
-22.682
1
-6.16
1
-23.683
0
15.1
1
-1.724
1
-10.736
1
-20.339
14.075
1
-20.999
1
-4.276
1
-0.063
1
-42.654
1
0.448
1
16.584
1
-12.335
0
5.952
0
-1.538
0
-5.528
0
3.427
1
0.345
0
-17.538
1
-12.921
1
19.195
1
6.334
1
-7.132
0
16.019
1
11.675
1
-3.358
0
-4.152
1
-11.473
1
-22.974
1
-4.44
0
26.457
1
-2.602
1
-6.222
1
-21.274
1
-5.156
0
14.075


-8.119
0
-41.352
1
6.129
1
-9.278
0
-5.343
0
1.888
1
-0.73
1
0.195
0
9.41
0
6.36
1
8.243
1
-3.033
1
-2.279
0
-16.506
1
-13.902
0
-0.891
0
-16.894
1
1.898
0
-20.258
0
7.333
0
-1.5
1
-5.484
0
18.804
1
-6.34
1
-7.655
1
-24.432
1
-7.663
0
-0.165
0
-2.304
1
1.45
0
-8.119
-6.409
1
-7.978
1
0.657
1
-21.35
0
-19.212
0
-1.246
0
-0.864
1
23.434
1
-27.704
1
-35.222
0
-5.869
1
-53.193
0
28.924
0
-0.628
0
2.531
1
-36.301
1
-13.544
1
-21.932
1
-37.674
0
5.194
0
-5.929
1
-6.847
1
-5.479
0
9.026
1
-3.22
0
5.941
1
-15.127
1
1.402
1
19.747
1
-20.594
0
-6.409
-0.22
0
-24.002
0
-14.583
1
-20.807
0
-0.822
1
-6.741
0
-4.157
1
-25.631
1
-14.958
0
-11.604
1
-16.562
0
-23.56
1
1.073
1
7.083
1
22.215
1
-10.793
1
-15.49
1
-12.558
0
-1.801
1
0.293
1
-8.446
0
-10.203
1
-4.49
0
-4.228
0
-7.383
0
5.12
0
-0.201
1
-27.48
1
-10.728
0
-12.231
0
-0.22
-3.802
1
-6.669
0
-8.84
0
-7.041
1
-1.68
1
-34.285
1
-25.302
0
-11.444
0
-5.564
0
-6.688
1
7.292
0
0.436
1
-57.942
1
1.581
0
-2.052
1
1.229
1
-30.256
0
13.757
1
-16.792
1
-1.735
1
-30.099
1
1.033
1
-19.337
0
-15.92
0
-0.598
0
-5.789
1
-5.144
0
24.449
1
-6.089
1
10.866
1
-3.802
14.099
0
-5.402
1
-5.895
0
-21.486
0
1.474
1
-15.999
0
-21.911
1
3.205
1
15.593
1
13.991
1
-40.355
0
-1.694
1
-18.394
0
-4.458
0
-0.693
1
-19.18
0
-26.648
1
-10.678
1
6.35
1
-18.118
0
-12.418
1
3.262
0
-7.935
0
-25.308
0
-29.102
0
-7.087
0
-14.372
1
-9.645
1
-24.956
1
-15.277
0
14.099
-9.524
0
-3.662
1
2.758
0
-10
0
-9.408
0
-8.374
1
6.239
0
12.811
1
17.004
1
-1.967
0
-7.713
0
-3.95
0
-8.176
0
-2.674
0
-16.75
0
-6.763
0
-0.343
0
-7.194
0
-7.203
0
12.917
0
4.566
0
-19.712
1
-11.155
0
14.703
0
-11.406
1
-22.729
0
-13.636
1
-31.439
1
-4.738
0
2.48
1
-9.524


0.092
1
0.081
0
0.57
0
-0.444
0
-0.653
1
-3.222
0
-0.893
0
-0.836
0
0.594
0
-0.434
0
-0.941
1
-0.691
0
-0.871
0
0.392
0
-0.791
0
-0.019
0
-0.742
1
0.0490001
1
-3.949
0
-0.637
1
-0.039
0
0.92
0
-0.089
0
0.872
0
0.168
1
-1.023
0
-0.654
0
-0.216
1
-0.104
0
-0.479
0
0.092


0
0
-0.548
0
-0.569
0
0.185
0
-0.375
0
0.005
0
-0.135
0
-0.722
0
-0.179
0
0.328
0
0.751
0
0.0700001
0
0.385
0
0.128
0
0.097
0
0.11
0
-0.009
0
-0.049
0
0.653
0
-0.988
0
-0.631
0
-0.737
0
-0.271
0
-0.391
0
0.562
0
0.552
0
-0.522
0
-0.698
0
-0.726
0
-0.779
0
0
0
0
-0.408
0
-0.862
0
0.979
0
0.801
0
-0.509
0
0.137
0
-0.2
0
0.073
0
-0.966
0
-0.867
0
0.416
0
0.161
0
-0.939
0
-0.858
0
0.152
0
-0.287
0
-0.037
0
0.991
0
-0.00300002
0
0.673
0
-0.427
0
-0.036
0
-0.638
0
0.781
0
0.531
0
0.192
0
0.56
0
0.614
0
-0.451
0
0
0
0
-0.518
0
-0.147
0
-0.274
0
-0.495
0
0.357
0
-0.469
0
-0.926
0
-0.203
0
-0.904
0
-0.775
0
-0.631
0
0.669
0
0.905
0
-0.879
0
0.724
0
0.487
0
0.362
0
0.363
0
0.664
0
0.451
0
0.59
0
0.563
0
0.115
0
-0.474
0
-0.279
0
0.651
0
-0.078
0
-0.422
0
-0.824
0
0
0
0
-0.792
0
-0.718
0
-0.269
0
-0.906
0
0.185
0
-0.323
0
0.698
0
0.617
0
-0.279
0
-0.589
0
0.948
0
0.196
0
0.845
0
0.342
0
0.493
0
0.514
0
0.839
0
-0.19
0
-0.031
0
-0.399
0
-0.297
0
0.818
0
0.668
0
0.924
0
0.02
0
-0.314
0
-0.958
0
0.039
0
0.763
0
0
0
0
0.859
0
-0.633
0
-0.981
0
-0.35
0
0.163
0
0.29
0
-0.257
0
0.695
0
0.917
0
-0.693
0
-0.765
0
-0.11
0
-0.955
0
0.841
0
-0.719
0
-0.446
0
0.039
0
-0.417
0
0.816
0
0.852
0
0.244
0
0.768
0
0.805
0
0.663
0
0.718
0
-0.412
0
-0.757
0
-0.576
0
0.343
0
0
0
0
0.991
0
0.719
0
0.0190001
0
-0.736
0
0.866
0
0.589
0
0.277
0
0.773
0
0.137
0
-0.288
0
-0.764
0
0.255
0
-0.198
0
-0.378
0
-0.423
0
-0.847
0
-0.106
0
0.412
0
0.504
0
0.22
0
-0.549
0
0.695
0
0.151
0
0.464
0
-0.693
0
0.179
0
0.544
0
0.272
0
0.349
0
0
0
0
0.005
0
-0.941
0
-0.425
0
-0.733
0
-0.874
0
-0.996
0
0.763
0
0.698
0
0.839
0
-0.838
0
-0.608
0
0.0599999
0
0.543
0
0.038
0
0.829
0
0.228
0
-0.914
0
-0.141
0
0.169
0
0.793
0
-0.593
0
-0.96
0
0.867
0
0.147
0
-0.902
0
-0.958
0
0.641
0
0.141
0
-0.035
0
0
0
0
-0.868
0
0.62
0
0.418
0
-0.245
0
0.623
0
-0.969
0
0.214
0
0.279
0
0.36
0
0.011
0
0.049
0
0.703
0
0.202
0
0.411
0
-0.755
0
-0.925
0
-0.238
0
0.369
0
-0.065
0
-0.106
0
-0.485
0
-0.161
0
-0.278
0
-0.896
0
-0.691
0
-0.757
0
0.291
0
-0.975
0
-0.955
0
0
0
0
0.792
0
0.075
0
0.653
0
-0.682
0
-0.829
0
0.24
0
-0.054
0
0.553
0
-0.697
0
-0.441
0
-0.245
0
-0.17
0
-0.493
0
0.262
0
0.252
0
-0.025
0
-0.496
0
0.172
0
-0.015
0
0.132
0
-0.405
0
0.677
0
0.759
0
-0.799
0
-0.442
0
-0.788
0
0.828
0
0.694
0
0.139
0
0
0
0
0.847
0
0.707
0
-0.918
0
-0.066
0
-0.315
0
0.391
0
-0.322
0
-0.617
0
-0.626
0
-0.332
0
-0.848
0
0.462
0
0.752
0
0.02
0
-0.983
0
-0.231
0
0.54
0
0.763
0
-0.294
0
-0.618
0
0.136
0
0.863
0
0.624
0
0.716
0
0.477
0
0.812
0
-0.00700003
0
-0.06
0
-0.429
0
0


-29.634
1
-46.587
1
-5.858
0
0.734
0
9.598
0
-29.877
0
-40.877
1
-16.369
0
-6.145
1
-6.489
1
19.705
0
6.271
0
-9.648
1
-28.567
1
-10.251
1
0.271
1
-23.549
1
-9.112
0
6.574
0
2.437
1
-19.073
1
-34.159
1
1.626
1
-17.757
1
-13.455
1
-25.928
0
4.88
0
4.071
0
18.824
0
-16.746
0
-29.634
-1.674
1
4.465
1
-14.756
1
5.556
1
-1.656
1
-4.185
1
-15.841
0
-8.712
1
-6.61
1
-11.052
0
14.932
1
1.139
1
-22.262
1
-28.806
1
-25.622
1
4.274
0
-0.122
0
-23.592
0
2.331
0
5.436
1
-2.58
0
-35.226
0
7.289
0
-4.622
1
12.668
1
-2.827
1
0.805
1
-21.754
1
-4.146
0
-0.893
1
-1.674
-17.637
0
-4.434
1
-10.617
1
-5
1
-18.928
0
-6.483
1
-21.013
1
-41.601
0
-8.675
1
0.08
1
-8.728
0
14.542
1
-8.358
0
5.934
1
15.15
1
-1.869
1
-16.674
1
-4.62
0
1.264
1
-15.913
0
0.473
0
0.75
0
11.99
1
-1.398
0
-9.705
1
7.022
1
-29.145
1
-10.324
0
-7.11
0
-15.377
0
-17.637
-21.309
0
-20.66
0
-3.685
1
-11.679
1
9.556
0
-9.367
1
-0.434
1
-6.381
1
-26.217
0
-3.84
0
5.471
1
-2.723
0
3.023
1
3.118
1
-12.076
1
-18.006
1
-11.203
1
-1.468
1
4.089
0
-18.887
1
-0.365
0
-5.063
0
-14.595
0
-13.154
1
-19.123
0
7.906
1
-26.177
1
-6.611
1
-12.752
1
0.07
0
-21.309
10.386
1
-16.867
0
-17.798
1
-71.477
0
-22.789
0
-38.935
1
-10.552
1
-13.074
1
12.712
1
-9.83
0
-5.5
0
3.983
0
-0.387
1
13.974
1
10.473
0
0.633
0
-14.866
1
-11.904
0
-20.615
1
-3.404
0
2.387
1
3.502
0
-20.315
1
-21.706
0
-15.763
0
-2.918
1
-11.923
0
-0.41
1
-7.292
1
-4.184
1
10.386
-26.114
1
-6.172
1
0.877
0
-0.667
0
-13.593
1
5.433
0
-4.592
1
-47.816
0
-14.885
0
2.99
0
-7.438
1
-11.761
1
-6.901
1
-16.191
1
-23.117
0
-10.248
0
-16.645
0
7.257
1
-10.283
1
-0.698
1
-1.114
0
43.786
0
0.183
0
-23.482
0
-7.799
1
-15.235
0
-24.108
0
-1.039
1
0.187
0
-30.93
1
-26.114


-17.127
1
-15.716
1
15.286
0
-3.994
0
-15.168
1
-3.754
1
13.25
0
5.996
1
-17.272
0
0.265
0
-21.593
1
12.333
0
-2.189
0
-5.794
1
-8.254
1
-16.888
0
0.709
0
-5.365
1
-18.085
1
-2.857
1
17.509
0
-8.923
0
-25.084
1
-6.654
1
-19.779
1
2.701
0
-4.835
0
-1.192
0
-7.617
0
-14.033
1
-17.127
-9.281
1
-12.688
0
6.837
1
-14.978
1
-23.733
1
0.994
1
-11.783
0
5.001
1
-5.102
1
-19.233
0
-10.698
0
-2.6
1
-9.464
0
-11.91
1
-5.195
0
0.307
0
-11.495
0
-5.895
0
-29.081
1
-34.518
1
1.207
0
-8.146
1
-13.829
1
-19.979
0
10.449
1
-5.352
0
0.018
1
2.523
0
11.405
0
-10.711
0
-9.281
-28.295
1
5.299
0
-7.801
1
-5.495
1
-1.476
0
-14.779
1
-14.115
0
6.153
0
-0.278
1
-1.891
0
-30.298
1
-5.875
0
-31.01
0
13.955
1
-53.814
0
0.862
1
-16.825
1
-9.885
0
2.8
0
-8.801
0
-4.497
1
-28.75
1
-16.6
1
-6.42
0
-2.484
1
-0.131
0
-39.029
0
0.211
1
-16.449
0
6.138
1
-28.295
-17.896
0
-12.498
1
-5.094
1
-31.101
1
-29.041
1
12.758
1
-13.417
1
0.443
0
-2.495
0
10.902
0
9.865
0
0.992
1
4.669
1
0.845
0
5.077
1
-30.638
1
-8.913
1
-6.454
0
-23.983
1
8.575
0
-0.349
1
5.64
0
-3.855
1
-38.387
1
-10.497
1
-27.487
1
25.83
0
-2.155
0
0.546
1
-25.741
1
-17.896
-52.198
1
-15.907
0
-0.377
1
10
0
7.251
1
-34.046
1
-1.096
1
-18.689
0
0.352
1
-4.629
0
-16.261
0
2.156
0
-13.434
1
6.074
1
-24.241
1
-10.824
0
-16.041
0
-2.909
1
-7.97
0
-5.341
0
19.77
1
5.568
1
-29.194
0
5.895
0
-21.651
0
-21.769
1
-7.006
1
-35.659
0
-9.94
1
15.061
1
-52.198
0.94
0
-0.156
1
-11.03
1
-6.919
1
-22.73
0
8.688
1
-32.829
0
10.944
0
-0.507
1
-1.158
0
0.159
0
-0.545
1
-19.519
1
-3.758
0
-15.755
0
5.095
1
3.652
1
1.699
1
-27.37
1
11.876
1
-15.742
1
-23.482
0
5.363
0
-8.185
0
5.095
1
-26.217
0
-10.112
0
0.173
0
-6.642
0
-0.472
1
0.94


-8.137
0
-1.076
1
-21.84
0
1.182
1
-5.141
0
-21.188
0
10.919
1
-18.988
1
3.417
1
-25.156
1
-5.745
1
15.179
1
30.468
0
-0.758
1
-18.557
1
-12.699
1
-10.358
1
-3.454
1
-5.283
1
-10.541
1
-20.091
0
-6.392
0
14.54
0
-5.718
1
-5.013
1
6.148
1
-10.762
0
4.848
0
-0.244
1
1.771
0
-8.137
18.774
1
-22.626
0
-17.693
0
-9.724
0
-16.379
1
4.366
0
-32.806
1
5.552
0
-14.309
1
-13.551
1
-0.716
0
-5.794
0
0.089
1
2.285
0
-8.688
0
-5.537
1
36.493
0
3.147
1
-15.639
1
-12.627
0
-6.406
0
1.002
1
-1.994
0
-11.262
0
-11.979
0
-0.901
1
1.652
1
-16.584
1
-9.304
1
-4.237
0
18.774
-16.169
0
-6.517
0
6.196
0
-0.91
1
-13.166
0
-7.58
0
12.843
0
0.345
1
0.176
1
-3.704
1
4.419
1
4.104
0
-5.84
1
-19.826
0
0.893
0
2.12
1
-16.821
1
-13.723
0
10.869
0
-3.018
0
9.646
1
4.173
0
6.095
1
-4.766
1
-28.094
0
-4.614
0
-4.605
0
-5.188
1
-7.306
1
-15.763
1
-16.169
-2.895
0
-0.457
0
0.316
0
-0.125
1
-17.642
1
1.826
1
1.415
1
-3.585
0
0.141
1
-6.4
0
-0.307
0
-1.885
1
-5.644
0
-0.993
1
2.597
0
0.985
1
-3.33
0
0.887
0
-0.543
0
-0.657
1
-1.286
0
0.955
0
0.957
1
-8.553
0
8.705
1
-22.792
1
22.09
1
-8.899
1
-3.526
1
-26.813
0
-2.895
6.692
1
-39.353
0
-0.147
1
-2.758
1
-13.997
1
-12.703
0
-4.052
1
-33.049
1
-40.875
1
-12.314
1
-13.383
1
-12.428
1
-10.243
0
-4.072
0
-11.022
1
-3.042
1
-9.527
1
-3.664
1
-2.311
0
0.531
0
0.981
1
18.872
1
-14.147
0
2.126
1
-0.982
0
-17.926
0
-13.579
0
-3.281
1
8.823
0
6.907
1
6.692
-24.157
0
-11.073
0
14.943
0
-9.735
1
6.364
1
-4.313
1
13.093
0
-10.474
0
-9.584
1
-2.07
0
-2.235
0
-20.227
1
-26.633
1
-2.07
1
-3.219
0
-3.158
0
-3.79
1
0.797
1
-5.18
1
-10.176
1
-8.773
1
-3.981
1
-7.997
1
-6.945
0
-10.891
1
-0.876
1
-3.483
0
-2.861
1
-13.744
1
-1.003
0
-24.157


-1.152
0
0.183
0
0.873
0
0.225
0
-0.703
0
0.457
1
-4.551
0
0.798
0
0.368
0
-0.297
0
0.091
0
-47.818
0
-0.981
0
-0.547
1
1.19
0
-0.884
0
0.347
1
3.55
0
-2.169
0
0.238
0
0.403
1
-4.286
1
-3.932
0
-0.82
1
-14.112
0
-0.304
0
-0.521
1
10.967
0
-0.261
0
0.217
1
-1.152
