

0
0
0.305
0
-0.456
0
0.786
0
-0.153
0
-0.914
0
0.779
0
-0.931
0
0.28
0
-0.723
0
0.894
0
-0.117
0
-0.443
0
0.519
0
0.0599999
0
0.945
0
-0.505
0
-0.272
0
-0.603
0
0.551
0
-0.66
0
-0.068
0
-0.562
0
-0.268
0
0.525
0
-0.508
0
-0.292
0
0.343
0
0.589
0
0.393
0
0
0
0
-0.829
0
0.408
0
-0.36
0
-0.177
0
-0.708
0
-0.049
0
0.901
0
0.355
0
0.954
0
0.111
0
-0.897
0
0.821
0
0.354
0
-0.83
0
0.457
0
-0.803
0
-0.955
0
0.223
0
0.911
0
-0.139
0
0.845
0
0.139
0
-0.097
0
-0.33
0
0.219
0
-0.59
0
-0.856
0
-0.464
0
0.35
0
0
0
0
0.686
0
-0.858
0
0.696
0
-0.162
0
-0.648
0
-0.359
0
-0.89
0
0.191
0
-0.31
0
0.822
0
-0.525
0
-0.92
0
0.838
0
0.457
0
-0.963
0
-0.04
0
-0.57
0
-0.913
0
-0.982
0
0.356
0
-0.188
0
-0.406
0
-0.588
0
0.00399995
0
0.189
0
-0.313
0
-0.089
0
0.369
0
0.147
0
0
0
0
-0.532
0
-0.317
0
-0.263
0
-0.247
0
0.275
0
0.535
0
-0.088
0
0.17
0
0.32
0
-0.516
0
-0.524
0
-0.446
0
0.00199997
0
0.438
0
-0.685
0
0.271
0
0.912
0
-0.59
0
0.972
0
0.554
0
0.139
0
-0.324
0
0.892
0
-0.898
0
0.339
0
-0.157
0
-0.536
0
0.65
0
0.909
0
0
0
0
0.869
0
0.196
0
-0.464
0
-0.669
0
-0.126
0
-0.674
0
0.594
0
0.624
0
-0.539
0
-0.112
0
0.432
0
-0.372
0
0.404
0
-0.716
0
0.189
0
0.344
0
0.977
0
0.281
0
0.89
0
0.87
0
0.679
0
0.908
0
0.63
0
-0.757
0
0.818
0
-0.026
0
-0.369
0
0.44
0
-0.844
0
0
0
0
0.233
0
0.566
0
-0.559
0
-0.546
0
0.957
0
0.924
0
0.215
0
0.819
0
0.568
0
-0.596
0
-0.345
0
0.141
0
-0.427
0
-0.208
0
-0.81
0
-0.973
0
0.464
0
0.89
0
-0.036
0
0.071
0
-0.861
0
0.344
0
0.927
0
-0.392
0
0.655
0
-0.04
0
0.132
0
0.536
0
0.621
0
0
0
0
0.017
0
-0.331
0
0.034
0
-0.821
0
-0.605
0
-0.769
0
-0.754
0
-0.058
0
0.097
0
0.969
0
-0.855
0
0.0779999
0
0.205
0
0.265
0
-0.945
0
-0.704
0
-0.047
0
0.099
0
0.163
0
0.32
0
0.367
0
0.188
0
-0.555
0
-0.531
0
-0.549
0
0.639
0
-0.281
0
0.502
0
-0.472
0
0
0
0
-0.931
0
-0.944
0
-0.448
0
0.625
0
-0.149
0
0.233
0
0.657
0
0.289
0
-0.412
0
-0.316
0
0.859
0
-0.38
0
-0.691
0
0.663
0
-0.226
0
-0.76
0
0.187
0
-0.435
0
-0.36
0
0.275
0
-0.899
0
-0.82
0
-0.919
0
0.519
0
-0.115
0
-0.936
0
-0.555
0
-0.457
0
0.163
0
0
0
0
0.457
0
-0.997
0
0.819
0
0.178
0
-0.819
0
0.824
0
-0.41
0
-0.677
0
0.909
0
0.776
0
0.132
0
0.47
0
0.788
0
0.122
0
0.00300002
0
0.989
0
-0.732
0
0.062
0
-0.704
0
-0.248
0
0.499
0
0.524
0
0.821
0
-0.767
0
0.742
0
0.839
0
0.645
0
0.823
0
-0.863
0
0
0
0
-0.096
0
-0.515
0
-0.427
0
-0.463
0
-0.189
0
0.331
0
-0.374
0
-0.46
0
-0.027
0
0.601
0
0.443
0
0.825
0
-0.463
0
-0.366
0
0.527
0
-0.535
0
0.221
0
-0.534
0
0.129
0
-0.589
0
-0.933
0
-0.405
0
0.964
0
-0.415
0
0.414
0
0.697
0
-0.46
0
-0.468
0
-0.274
0
0


1.407
0
0.829
0
-0.268
0
0.327
0
0.361
0
-0.306
0
0.158
1
-3.779
1
-7.982
1
-1.36
0
-0.721
0
-0.041
0
0.69
0
0.907
1
-4.071
0
-0.565
1
0.737
0
-0.289
1
-4.956
0
-0.556
0
-0.649
0
0.537
0
0.773
1
-6.241
1
5.199
0
-0.96
1
-3.903
0
0.674
1
4.797
0
-0.268
0
1.407
-1.216
0
0.153
0
0.232
0
11.828
0
0.344
0
-0.575
0
0.909
1
2.96
0
0.573
1
-4.848
0
0.353
0
0.525
1
0.079
0
0.352
0
2.002
0
0.054
1
-5.915
1
-0.693
0
0.377
0
0.631
1
3.95
0
0.429
0
0.317
1
-8.971
0
0.965
1
-9.418
0
0.835
0
0.432
1
9.047
0
0.399
0
-1.216
1.514
1
2.31
1
-42.376
0
0.853
1
-1.797
0
0.374
0
0.575
0
0.857
0
0.952
1
-4.735
0
0.442
1
-0.776
1
1.048
0
0.057
0
0.0779999
0
-0.972
0
-0.737
0
-0.233
1
9.162
0
-0.356
1
-2.407
0
-0.878
0
-0.306
0
-0.99
0
-0.988
0
0.189
0
7.838
0
-0.031
0
-0.259
0
0.245
1
1.514
0.103
0
-0.944
0
0.554
0
-0.613
0
0.11
0
0.304
1
-2.906
1
6.942
0
-4.851
1
-1.333
0
-0.82
1
-1.067
0
-0.675
0
0.305
0
0.393
0
0.869
1
-6.356
0
-0.202
1
-0.842
0
-0.693
0
-0.611
0
0.597
0
-0.412
0
-0.559
0
0.079
1
-9.781
0
0.668
0
-0.198
0
0.687
0
-0.41
0
0.103
0.809
0
0.334
0
0.252
0
-0.159
0
0.087
0
-0.118
1
0.324
1
-3.301
0
-0.784
1
-1.271
0
-0.739
0
0.045
0
-0.465
1
-6.43
0
-0.713
1
2.199
0
-6.765
0
-0.298
0
0.033
1
-4.639
0
-0.078
0
-2.86
0
-0.401
0
0.248
1
1.494
0
-0.164
0
0.334
1
0.424
1
-1.104
0
-0.761
0
0.809
-0.322
0
0.893
0
0.849
0
0.241
0
-0.356
0
0.532
0
0.673
0
-0.993
0
0.467
0
0.882
0
-0.283
0
0.889
0
-0.41
1
4.19
1
0.831
0
-0.731
0
0.05
0
-5.973
0
-0.499
0
0.249
0
-0.663
1
3.356
0
-0.45
1
-0.372
0
0.485
1
-2.217
0
-0.863
1
4.183
1
7.915
0
-0.557
1
-0.322


8.185
0
-0.481
1
-5.726
0
-0.451
0
-0.585
1
0.373
1
6.165
0
0.22
0
0.899
0
0.84
0
0.218
0
0.546
1
-1.195
0
-4.352
1
3.92
1
1.453
1
-1.584
0
0.742
1
-0.02
1
-0.909
1
-4.337
0
0.059
0
-2.161
0
-0.867
0
0.114
0
0.5
0
0.266
0
-0.617
1
-3.489
1
4.174
1
8.185
3.227
0
-0.535
0
-0.294
0
-0.12
1
-3.961
0
0.534
1
-0.408
0
-0.27
0
-0.35
1
-0.634
0
0.355
0
-0.318
0
-0.893
0
0.905
0
0.203
0
0.328
0
-0.778
0
-0.566
0
-0.086
0
0.294
0
0.894
0
-0.703
0
-5.423
0
-0.294
1
-1.824
0
0.635
0
1.531
0
0.599
0
0.053
1
-2.109
0
3.227
6.494
1
-6.19
0
2.756
1
-2.623
0
0.316
0
0.262
1
-0.355
1
-4.588
0
-0.348
1
-7.846
0
0.126
0
-0.724
1
3.145
0
-0.464
0
-0.131
0
0.695
1
-0.891
0
0.293
0
-0.512
1
2.819
0
-0.208
0
0.375
0
0.545
0
0.833
0
-0.489
0
-0.894
0
-0.947
1
-2.436
0
-0.289
0
-0.828
0
6.494
3.024
0
-0.234
1
-2.075
0
-0.112
0
-0.485
0
0.421
0
-0.062
1
1.681
0
-0.644
0
-0.185
1
2.28
0
0.581
0
0.237
0
0.62
0
-0.254
0
-10.008
0
0.875
1
0.292
0
-0.766
0
-0.178
1
-1.856
0
-0.062
0
-0.585
0
0.142
1
-1.574
1
5.9
0
-0.233
0
-2.423
0
0.301
1
-0.744
0
3.024
3.416
0
0.166
0
-0.4
1
6.261
0
0.089
0
0.658
1
0.313
0
-0.264
1
4.373
0
-0.056
1
-10.154
1
4.708
0
-0.35
0
0.295
0
0.975
1
-9.611
0
-0.456
1
2.814
0
0.706
0
0.244
0
0.797
0
0.632
0
0.516
0
0.085
0
-0.241
1
-0.356
0
-0.261
0
-0.108
0
-0.399
1
-3.079
0
3.416
-4.61
0
0.184
0
-0.614
1
2.179
0
0.805
0
-0.777
0
0.94
0
-0.171
1
6.817
0
0.925
0
0.984
0
0.163
0
-0.629
0
-0.068
0
-3.918
1
-3.291
0
-0.75
0
0.59
0
0.47
0
0.24
0
0.451
1
-1.937
0
-0.361
1
-1.943
0
-0.23
1
3.814
0
0.505
0
0.961
1
-0.388
1
-5.491
0
-4.61


-1.447
0
0.689
0
-0.426
1
4.704
0
0.613
0
-2.491
0
-0.144
1
-0.846
0
0.747
0
-7.31
0
0.897
1
-2.932
1
11.018
0
0.674
0
-0.755
0
0.714
0
-0.248
0
-0.608
0
0.254
0
0.734
1
1.358
1
-10.906
0
-0.422
0
-0.394
0
-0.388
0
-0.835
0
0.978
1
3.559
0
-0.683
0
-0.877
0
-1.447
0.555
1
0.617
0
-0.367
0
6.926
0
-0.964
1
-0.274
1
-0.673
0
0.238
0
-0.02
0
0.566
1
0.724
0
-0.082
0
0.44
1
6.671
0
-0.508
0
-0.916
1
-1.083
0
-0.802
0
1.533
1
-7.502
0
0.845
1
-5.976
0
0.842
0
-0.709
0
-0.691
0
-0.8
0
-0.954
0
1.977
1
-0.536
0
-0.85
1
0.555
0.7
0
-0.671
1
3.442
1
-5.212
0
0.552
0
-4.543
0
0.295
1
11.326
0
-0.937
1
-0.296
0
0.0779999
1
0.954
0
0.573
0
0.855
0
-0.985
0
0.217
1
2.763
0
0.196
1
-1.635
0
0.722
0
0.033
0
0.683
0
-0.404
1
-5.388
0
-3.089
0
0.339
0
-0.171
1
2.178
0
-0.871
0
0.952
1
0.7
2.164
1
12.592
0
-0.881
1
-2.121
0
0.193
1
4.037
0
0.585
0
-0.844
0
-0.171
0
-0.987
1
0.127
0
0.25
0
-0.727
0
0.58
0
-2.796
0
-0.948
0
-0.295
0
0.084
0
-0.659
0
0.247
0
-0.906
0
-0.093
0
0.399
1
-0.000999987
0
0.758
0
-0.642
0
0.641
1
-3.679
0
-0.053
0
0.108
0
2.164
-0.277
0
0.648
0
0.633
0
-0.505
0
0.415
0
-0.926
0
-0.602
0
-0.716
0
-0.296
0
-0.893
1
-0.017
0
2.214
0
-0.845
0
0.789
0
-0.275
0
0.508
0
-0.918
0
-0.563
0
-0.915
0
-0.907
0
-0.215
0
-0.00999999
0
0.224
0
0.114
0
0.406
0
0.352
0
0.021
0
-0.417
1
4.724
1
-1.677
0
-0.277
-3.895
1
4.365
0
-0.631
0
-0.9
0
-0.608
0
-0.116
1
-0.141
1
-1.147
0
-0.894
0
-4.552
0
0.219
0
0.317
1
-1.865
1
-15.802
1
-1.678
1
7.038
0
-0.766
0
-0.198
0
0.892
1
-2.27
0
0.258
0
-0.054
1
-14.803
0
-0.207
1
-2.049
0
0.136
0
-5.456
1
15.921
0
-1.675
0
0.343
0
-3.895


-2.327
1
-0.868
0
-0.755
0
0.896
0
-0.589
0
0.274
1
0.401
0
0.502
0
-0.518
0
0.602
1
-0.369
0
-0.499
0
-0.7
1
0.29
1
0.762
0
0.166
1
1.929
1
-7.149
0
-0.632
0
0.035
0
-0.323
0
-0.996
0
0.953
0
0.578
0
-0.275
0
0.522
0
-0.186
0
0.841
1
7.68
0
-0.109
0
-2.327


0
0
0.96
0
-0.717
0
0.966
0
0.0549999
0
-0.762
0
-0.811
0
0.534
0
-0.246
0
0.951
0
0.373
0
-0.074
0
-0.539
0
-0.444
0
-0.442
0
-0.382
0
-0.716
0
0.057
0
0.893
0
0.36
0
-0.526
0
-0.793
0
-0.613
0
-0.426
0
0.013
0
0.068
0
0.141
0
0.231
0
0.489
0
-0.143
0
0
0
0
-0.04
0
0.62
0
0.121
0
-0.907
0
0.376
0
-0.025
0
-0.172
0
0.818
0
-0.883
0
0.377
0
0.314
0
0.391
0
0.209
0
-0.62
0
0.825
0
-0.653
0
-0.055
0
0.455
0
0.015
0
0.772
0
0.458
0
-0.908
0
-0.826
0
-0.898
0
0.972
0
-0.204
0
-0.249
0
0.891
0
0.445
0
0
0
0
0.689
0
-0.983
0
-0.747
0
-0.809
0
-0.00599998
0
-0.343
0
-0.614
0
0.716
0
0.464
0
0.057
0
-0.238
0
0.154
0
-0.473
0
0.926
0
0.592
0
0.519
0
0.0319999
0
-0.968
0
-0.459
0
0.237
0
-0.549
0
-0.523
0
0.519
0
-0.913
0
-0.00400001
0
0.135
0
-0.608
0
0.015
0
-0.878
0
0
0
0
-0.161
0
0.58
0
0.184
0
-0.076
0
-0.201
0
-0.82
0
-0.912
0
0.0880001
0
-0.265
0
0.025
0
0.501
0
-0.486
0
-0.371
0
0.159
0
-0.523
0
0.4
0
-0.951
0
-0.446
0
0.938
0
-0.739
0
0.383
0
0.115
0
0.187
0
0.713
0
0.413
0
-0.95
0
0.086
0
0.062
0
-0.498
0
0
0
0
-0.108
0
0.318
0
-0.721
0
-0.642
0
0.223
0
-0.481
0
0.42
0
-0.441
0
-0.857
0
-0.885
0
-0.236
0
0.154
0
-0.359
0
-0.325
0
0.295
0
-0.883
0
-0.308
0
0.103
0
0.128
0
0.902
0
-0.074
0
0.015
0
0.581
0
-0.059
0
-0.656
0
0.33
0
0.461
0
0.722
0
-0.921
0
0
0
0
0.12
0
-0.251
0
-0.899
0
0.394
0
0.818
0
-0.352
0
-0.872
0
0.505
0
-0.65
0
0.832
0
0.209
0
-0.182
0
-0.433
0
0.679
0
0.267
0
0.806
0
-0.737
0
0.108
0
0.793
0
0.147
0
-0.06
0
-0.856
0
-0.109
0
-0.616
0
-0.518
0
0.533
0
0.364
0
0.303
0
-0.286
0
0
0
0
0.828
0
-0.782
0
0.622
0
-0.908
0
-0.898
0
-0.916
0
0.989
0
-0.326
0
0.02
0
-0.029
0
-0.116
0
0.721
0
0.194
0
-0.164
0
-0.164
0
-0.185
0
-0.716
0
0.562
0
0.2
0
0.583
0
0.642
0
-0.388
0
0.891
0
-0.187
0
-0.38
0
0.786
0
0.385
0
-0.836
0
-0.712
0
0
0
0
0.613
0
0.818
0
-0.128
0
0.52
0
-0.453
0
-0.477
0
-0.475
0
-0.128
0
0.941
0
0.269
0
0.328
0
-0.99
0
-0.989
0
-0.155
0
0.601
0
0.08
0
-0.699
0
0.346
0
-0.946
0
0.505
0
0.825
0
0.822
0
-0.441
0
-0.024
0
-0.917
0
-0.125
0
-0.778
0
0.219
0
0.497
0
0
0
0
0.934
0
0.751
0
0.467
0
0.972
0
0.505
0
0.377
0
-0.816
0
-0.716
0
-0.48
0
0.216
0
0.651
0
-0.515
0
-0.631
0
-0.977
0
-0.405
0
0.815
0
-0.485
0
-0.626
0
-0.832
0
0.475
0
0.773
0
0.454
0
-0.234
0
-0.804
0
-0.731
0
-0.562
0
-0.709
0
-0.915
0
0.266
0
0
0
0
-0.933
0
-0.548
0
0.441
0
-0.921
0
0.333
0
0.25
0
-0.921
0
0.718
0
0.817
0
-0.012
0
-0.012
0
-0.713
0
0.504
0
-0.661
0
-0.948
0
-0.325
0
-0.027
0
0.309
0
0.954
0
0.413
0
-0.51
0
-0.026
0
-0.473
0
-0.805
0
0.788
0
0.779
0
-0.347
0
-0.732
0
0.367
0
0


0.763
1
1.314
0
-0.307
1
-0.875
1
-12.645
0
-0.872
0
0.923
0
0.0470001
0
-0.387
0
0.755
0
0.347
1
0.383
1
-5.623
0
-0.897
0
-0.522
0
-0.955
1
0.319
0
-0.371
0
0.955
0
-0.798
0
-0.889
1
4.531
0
0.719
0
0.059
1
4.289
0
-0.331
0
0.195
1
1.016
0
-0.697
0
0.915
0
0.763
2.798
0
-0.546
0
0.498
0
0.654
0
0.7
0
0.255
0
-0.786
1
-0.808
0
4.295
0
0.191
0
0.321
0
0.746
0
0.303
1
4.27
0
0.174
1
0.181
0
0.263
0
-0.772
0
-0.864
1
-5.023
0
0.057
0
0.383
1
15.05
1
-4.634
0
-0.418
0
-0.737
0
-0.783
0
-0.522
1
-2.446
1
0.276
0
2.798
-1.064
0
0.57
0
-0.411
0
-0.083
0
-0.474
1
6.765
1
-0.691
0
-0.046
0
-0.579
0
-0.362
0
0.593
0
0.479
0
-2.415
1
-8.327
0
-0.47
0
-0.498
0
-0.963
0
-0.8
0
0.806
1
-4.287
1
-0.053
0
-0.576
0
-0.923
1
5.809
1
-5.201
0
0.634
0
0.672
0
0.402
0
0.669
0
-0.344
0
-1.064
0.562
0
0.329
0
-0.759
0
-0.517
0
0.462
1
-1.457
1
-2.519
0
-0.282
0
-0.114
0
0.731
0
0.937
0
0.57
0
6.234
0
0.195
0
-0.318
0
-0.256
0
-0.442
1
2.974
0
0.792
0
0.274
1
0.266
1
-0.524
0
0.592
0
-0.477
0
-0.25
1
1.902
0
0.519
0
-0.819
0
-0.354
0
0.993
0
0.562
-3.782
0
0.252
0
0.418
0
-0.788
0
-0.873
0
0.972
0
-0.998
1
0.348
0
0.167
1
-1.354
0
0.957
0
-0.814
0
0.628
0
0.537
1
-2.2
1
-4.794
0
0.427
0
-0.449
0
-0.215
1
-2.398
0
-1
0
-0.189
0
-0.854
1
-5.421
1
0.415
1
-0.956
1
1.236
0
0.237
0
-0.482
0
0.958
0
-3.782
3.837
0
-0.353
0
-0.551
0
0.205
0
0.81
0
0.034
1
-1.471
0
-0.41
0
-0.145
0
-0.47
1
5.088
0
0.57
0
-0.139
0
0.95
0
-0.00999999
0
0.142
1
-0.113
1
-3.736
0
0.193
1
6.301
0
0.486
1
-2.251
1
-1.129
1
0.158
1
4.621
0
-0.717
1
2.66
0
0.366
1
0.074
0
0.947
1
3.837


5.728
1
-1.74
1
-6.634
0
-0.382
0
0.258
0
-0.244
0
0.162
0
-0.221
0
0.056
1
-0.917
0
-0.632
0
0.00899994
0
-0.933
1
0.546
0
0.472
1
6.667
0
0.064
0
-0.946
0
0.928
0
-15.208
0
0.124
0
-0.436
0
0.851
0
-0.375
1
3.142
1
-2.094
0
-0.282
0
-0.739
1
1.01
0
-0.026
1
5.728
-0.683
0
-0.488
0
0.786
0
0.579
1
3.019
0
-0.6
0
0.233
0
-0.848
0
0.122
0
-0.471
0
0.37
1
9.406
0
-0.129
0
0.664
1
3.929
0
-0.19
0
0.487
0
-0.005
0
-0.38
1
-5.328
0
-0.976
1
6.627
0
0.786
0
0.327
1
2.883
1
-8.646
0
0.978
0
0.448
1
0.496
1
1.388
0
-0.683
-2.97
0
-0.907
0
-0.146
0
-0.73
0
0.675
0
-0.053
0
-0.217
0
-0.647
0
0.164
0
0.688
0
-0.223
0
0.61
1
-4.455
0
-0.891
0
0.136
1
-7.392
0
0.796
1
5.888
0
0.743
0
-0.679
1
2.213
0
-3.162
1
-5.163
0
0.19
0
0.229
0
-0.681
1
2.663
0
0.723
0
-0.504
1
-6.195
1
-2.97
-2.245
0
-0.647
0
-0.236
0
0.425
0
0.0930001
0
0.684
0
0.715
0
0.744
0
0.388
0
0.039
0
-0.084
0
0.439
0
0.102
0
-0.203
0
-0.559
0
0.052
0
-0.601
0
0.478
0
0.76
0
1.842
0
0.699
1
-4.02
0
-5.077
0
-0.922
0
-0.95
0
0.005
1
-9.177
1
0.208
0
0.333
0
0.952
1
-2.245
3.556
1
1.132
0
-0.137
0
0.879
0
-0.64
0
-3.203
0
-0.698
0
-0.024
0
6.028
0
-1.891
1
8.66
0
0.597
0
-0.669
0
-0.409
0
0.223
1
-3.051
0
-0.765
0
0.343
0
-0.88
0
0.132
0
-7.411
0
0.7
0
-0.392
0
0.151
0
-0.316
0
-0.738
1
-6.13
0
-0.965
1
0.649
0
0.742
0
3.556
-5.524
1
0.384
0
-0.744
0
-0.04
0
-0.834
0
-0.1
0
0.357
0
0.521
0
0.873
1
5.134
0
0.237
0
1.233
0
-0.124
1
1.4
0
-0.1
0
0.013
0
0.878
0
-0.00199997
1
-0.075
1
-3.91
0
-0.328
0
-0.724
0
0.412
0
-0.649
0
-0.25
1
-6.919
0
-0.047
0
-0.484
0
-0.712
1
-5.196
1
-5.524


-6.063
0
-0.566
0
0.658
0
-0.992
0
-3.033
1
-1.825
1
0.996
0
-0.882
1
0.018
0
-0.409
0
0.693
0
-0.23
1
-14.996
0
0.321
0
-0.192
1
4.941
0
-0.746
0
-0.593
0
-0.02
1
-4.482
0
0.581
0
-0.213
0
0.329
0
0.089
0
0.49
1
-3.292
1
-0.175
1
-5.521
0
-0.077
0
0.839
0
-6.063
2.18
0
0.105
0
-0.763
0
-0.607
1
-2.484
1
-8.152
0
-0.536
1
-1.065
0
-0.082
0
0.73
0
-0.486
1
-3.341
1
-3.895
0
-0.451
0
0.548
0
-0.239
0
0.995
0
-0.671
0
0.038
1
-7.971
0
0.682
0
-0.761
1
0.101
0
-2.353
0
-0.739
1
-4.738
0
0.846
0
-0.207
0
0.852
0
-0.148
0
2.18
-0.793
0
0.774
0
-0.801
0
-0.309
0
0.768
1
4.879
0
-1.938
0
-0.238
1
-3.599
0
0.00800002
0
-0.599
1
-5.056
0
-0.563
0
0.815
1
2.719
0
-0.94
0
-0.089
0
-0.315
0
0.296
0
-0.291
1
-6.12
0
0.768
1
2.33
0
-0.862
0
2.838
0
-0.464
0
0.689
0
0.888
0
-0.667
0
0.42
0
-0.793
-7.904
0
-0.214
1
-1.342
0
-0.918
1
3.706
1
4.686
0
-0.241
0
0.709
1
-7.091
0
0.776
1
-7.988
0
0.8
0
0.335
0
-0.353
1
-8.074
0
0.652
0
0.251
1
-6.909
1
2.617
0
-0.798
0
-0.678
0
-0.515
0
-0.205
1
0.372
0
-0.747
0
-0.25
1
-9.102
0
0.691
0
-0.23
0
-4.364
1
-7.904
-1.686
0
-0.162
1
-3.002
0
-1.854
1
1.191
0
0.663
0
-0.42
0
-0.612
0
-0.749
0
-0.727
1
9.205
0
-1.263
0
-0.616
0
0.752
0
-0.949
1
0.515
1
0.577
1
-6.001
0
-0.807
0
-0.738
0
0.231
0
-0.714
1
-0.887
1
0.801
0
0.446
1
-1.125
1
0.215
0
0.399
1
-7.713
0
-0.627
0
-1.686
-0.219
0
0.93
0
0.133
0
0.572
0
0.392
0
-0.386
0
0.766
0
-0.279
0
-0.766
0
0.00399995
0
0.664
0
0.722
0
0.612
0
0.906
1
0.647
0
0.713
0
0.518
0
-0.589
0
0.761
1
1.798
0
0.388
0
-11.902
0
0.281
0
0.097
0
0.13
1
0.832
1
-12.027
0
-0.77
1
-2.904
0
-0.976
0
-0.219


-0.038
0
-0.214
1
-0.32
0
-0.699
1
2.588
0
-0.553
1
-0.65
0
-0.748
0
-0.962
0
0.468
0
0.661
0
0.934
0
-0.215
0
0.856
0
0.307
0
1.903
0
-0.412
0
0.958
0
-0.349
0
0.231
0
0.464
0
-0.23
0
0.922
0
-0.014
0
0.756
0
0.237
0
0.837
0
-0.958
0
0.474
1
0.78
0
-0.038


0
0
-0.632
0
-0.552
0
-0.592
0
0.734
0
-0.504
0
-0.134
0
-0.699
0
-0.558
0
-0.962
0
-0.573
0
-0.409
0
-0.479
0
0.814
0
-0.376
0
0.476
0
-0.037
0
-0.532
0
-0.549
0
0.442
0
0.839
0
0.433
0
0.514
0
0.706
0
-0.326
0
-0.018
0
-0.165
0
0.314
0
-0.438
0
-0.56
0
0
0
0
-0.797
0
0.869
0
0.096
0
-0.788
0
-0.278
0
-0.227
0
-0.48
0
0.111
0
-0.464
0
0.293
0
-0.866
0
-0.837
0
0.137
0
-0.352
0
-0.488
0
-0.279
0
-0.579
0
0.391
0
0.505
0
0.0829999
0
0.831
0
0.307
0
0.788
0
0.058
0
-0.132
0
0.519
0
0.493
0
-0.265
0
0.23
0
0
0
0
0.852
0
0.674
0
0.775
0
-0.889
0
-0.533
0
-0.833
0
-0.907
0
0.639
0
0.911
0
-0.263
0
-0.709
0
-0.71
0
-0.549
0
-0.5
0
-0.753
0
-0.831
0
0.0880001
0
0.22
0
0.395
0
0.379
0
0.61
0
0.148
0
0.715
0
0.834
0
0.877
0
0.686
0
-0.812
0
-0.171
0
0.66
0
0
0
0
-0.493
0
-0.19
0
0.915
0
-0.265
0
-0.026
0
0.693
0
0.934
0
0.216
0
0.206
0
0.479
0
0.836
0
-0.472
0
-0.72
0
0.031
0
0.771
0
0.626
0
0.814
0
-0.577
0
0.703
0
-0.127
0
0.552
0
-0.849
0
-0.401
0
-0.414
0
0.756
0
-0.493
0
-0.25
0
-0.692
0
-0.23
0
0
0
0
0.756
0
-0.925
0
-0.931
0
-0.212
0
-0.579
0
-0.14
0
-0.912
0
-0.92
0
-0.995
0
0.213
0
-0.506
0
-0.709
0
0.454
0
0.647
0
-0.00199997
0
-0.538
0
0.674
0
0.436
0
0.408
0
-0.048
0
-0.992
0
0.361
0
-0.718
0
0.648
0
-0.977
0
-0.798
0
-0.108
0
-0.58
0
-0.776
0
0
0
0
-0.902
0
0.85
0
0.994
0
-0.739
0
-0.875
0
0.528
0
0.569
0
-0.395
0
-0.293
0
0.269
0
-0.5
0
-0.837
0
0.596
0
-0.23
0
-0.137
0
0.594
0
0.205
0
-0.313
0
-0.195
0
-0.374
0
-0.987
0
-0.223
0
0.373
0
0.564
0
-0.121
0
0.235
0
-0.331
0
-0.424
0
-0.438
0
0
0
0
-0.086
0
-0.138
0
0.775
0
0.071
0
-0.917
0
0.728
0
-0.456
0
-0.867
0
0.412
0
-0.425
0
0.687
0
-0.084
0
-0.936
0
0.216
0
0.0470001
0
0.328
0
-0.19
0
0.751
0
-0.632
0
-0.927
0
0.653
0
0.743
0
-0.821
0
0.548
0
-0.533
0
0.692
0
0.141
0
0.66
0
0.632
0
0
0
0
-0.518
0
-0.073
0
-0.447
0
-0.21
0
-0.806
0
-0.403
0
0.667
0
0.447
0
-0.023
0
-0.179
0
-0.202
0
0.348
0
0.156
0
-0.396
0
-0.113
0
-0.965
0
-0.861
0
0.086
0
-0.795
0
0.526
0
-0.138
0
0.969
0
0.43
0
0.935
0
-0.69
0
-0.016
0
-0.858
0
0.766
0
-0.473
0
0
0
0
-0.382
0
0.74
0
0.909
0
0.836
0
-0.675
0
-0.972
0
0.396
0
-0.248
0
0.538
0
0.756
0
-0.335
0
-0.626
0
0.747
0
0.693
0
0.791
0
-0.688
0
0.278
0
0.783
0
-0.921
0
-0.441
0
0.448
0
0.646
0
0.885
0
-0.366
0
-0.371
0
-0.756
0
-0.98
0
-0.825
0
-0.458
0
0
0
0
0.652
0
-0.292
0
-0.924
0
-0.494
0
-0.969
0
-0.084
0
-0.148
0
0.209
0
-0.475
0
-0.156
0
-0.25
0
-0.242
0
0.889
0
-0.747
0
-0.69
0
0.697
0
0.933
0
0.649
0
0.213
0
0.891
0
-0.611
0
-0.009
0
0.44
0
0.011
0
0.65
0
-0.972
0
0.629
0
-0.539
0
-0.451
0
0


-0.973
1
-1.319
0
-0.812
0
0.252
0
0.843
0
-0.732
0
-0.388
0
-0.643
1
-7.11
0
-0.137
0
0.409
0
0.0650001
1
-2.436
0
-0.479
1
-3.323
1
1.173
0
-0.6
1
1.589
0
-0.118
0
0.038
0
-0.602
1
-7.517
0
-0.529
0
0.293
0
-0.222
1
-2.758
0
-0.141
1
16.198
1
2.016
0
-0.327
0
-0.973
9.532
0
0.372
0
-0.144
0
-0.302
0
0.651
0
0.656
0
0.739
0
0.962
0
0.655
0
0.798
0
0.33
0
0.413
0
0.369
1
-11.914
0
-0.967
0
4.467
0
-0.926
0
-4.67
0
-0.374
0
-0.999
0
-0.845
0
0.799
0
-2.433
0
-0.704
0
0.886
0
-0.458
1
-2.468
0
-0.972
1
6.426
0
0.931
1
9.532
-0.658
0
2.561
0
0.086
1
0.466
0
-0.388
0
-0.216
1
-0.951
0
-1.617
0
0.071
1
-0.799
1
5.841
0
-0.725
0
-0.875
0
0.737
0
-0.815
1
-6.417
1
2.692
1
0.723
0
0.054
0
0.036
1
2.397
0
0.195
1
-2.233
0
0.391
1
-1.946
0
-0.469
0
-0.033
0
-0.648
1
-3.777
1
-5.068
0
-0.658
3.049
1
0.793
0
0.831
0
-0.542
0
3.873
0
0.361
0
0.172
0
0.685
0
0.747
0
0.596
0
0.844
0
-12.504
0
0.467
0
-0.261
0
-0.838
1
-2.281
1
3.216
0
0.96
0
0.407
0
0.589
1
-17.912
0
0.669
1
0.042
1
-8.736
1
-2.044
1
-4.494
0
0.172
1
-6.4
0
0.446
0
-1.231
0
3.049
-1.135
0
9.252
1
4.181
1
-3.071
0
-0.515
1
-6.524
0
-0.719
1
-1.871
0
-2.069
1
-0.841
0
0.482
0
0.085
0
0.709
1
1.389
0
-0.33
0
-0.092
0
0.681
0
-0.034
1
9.052
0
2.355
0
-0.834
0
-0.503
0
0.817
0
0.475
0
-0.63
0
-0.375
0
2.227
0
-0.127
0
-0.209
0
0.054
0
-1.135
0.403
0
-0.656
1
-4.064
0
0.021
0
0.108
0
0.963
0
-0.038
0
-0.532
0
0.617
0
0.407
0
-0.489
0
-0.184
0
0.551
1
1.685
1
8.963
1
-11.451
0
-0.793
0
-0.255
0
0.82
0
0.902
0
-0.061
1
-0.743
1
0.085
1
6.764
0
-1.684
1
-0.205
0
0.015
1
-1.301
0
0.049
0
0.134
1
0.403


-0.283
1
3.503
1
0.689
0
0.049
1
-1.033
1
-4.804
1
-3.367
0
-0.704
0
-0.078
0
0.466
0
-0.898
1
-2.317
0
-0.099
0
-0.551
1
-5.057
1
-4.182
1
1.779
0
0.794
0
0.455
0
-0.943
0
0.596
0
0.203
0
-0.768
1
-0.676
0
0.135
0
-0.434
1
0.625
1
6.281
1
0.308
1
-1.291
0
-0.283
2.453
1
-10.496
1
-14.852
0
0.294
0
-0.108
0
-0.869
0
0.719
0
-0.102
0
-0.33
1
-0.293
1
1.24
1
-2.018
0
-0.615
0
0.795
1
4.31
0
-0.807
0
-0.848
1
-0.059
0
-0.857
0
0.355
1
-1.217
0
-0.508
1
7.121
0
0.785
1
0.0190001
1
3.987
1
1.186
1
1.855
0
-0.543
1
-4.839
0
2.453
0.929
0
-0.676
0
-3.111
1
-7.294
0
-0.941
1
-1.235
1
8.352
1
-9.593
0
-0.245
0
0.665
0
-6.892
0
-0.513
0
0.902
0
-0.41
0
-0.535
0
-0.421
0
0.534
0
-0.273
0
0.036
1
-3.917
0
-0.292
1
-8.742
0
1.058
1
0.996
0
-0.563
0
-0.473
0
-0.551
1
5.306
1
-5.835
1
-1.561
0
0.929
-3.933
1
4.187
0
0.605
0
0.458
0
-0.665
0
-0.11
1
2.73
0
-0.615
0
-0.79
0
-0.133
1
3.967
1
2.956
0
0.404
0
1.912
0
0.336
0
0.399
0
0.364
0
0.236
1
-0.475
1
0.394
0
-0.47
0
-0.198
1
-10.501
1
8.772
1
3.879
0
-0.261
0
-0.636
1
-13.078
1
-0.44
0
0.637
1
-3.933
14.739
1
3.985
1
-0.066
0
-0.536
1
-2.03
0
4.993
0
0.122
0
0.227
0
0.253
0
0.992
0
0.417
0
2.622
1
-2.082
1
0.648
0
0.749
0
0.4
1
2.61
0
-0.083
1
11.11
1
-0.23
1
1.455
0
-0.272
0
-0.746
1
0.588
0
0.976
0
-0.448
0
0.579
1
-3.148
0
-0.648
0
-0.538
0
14.739
-0.669
0
-0.998
0
0.35
0
0.716
0
0.822
0
0.455
0
-0.153
0
0.58
0
-0.077
1
0.054
0
-0.565
1
-0.234
1
2.834
0
0.717
0
0.467
0
-0.275
0
-0.051
0
-0.429
0
-0.955
0
0.657
1
6.031
0
-0.144
0
-0.992
1
1.603
0
0.134
0
-0.728
0
-0.406
1
2.328
0
0.389
0
0.79
0
-0.669


0.235
0
-0.813
0
-0.757
0
0.461
0
-0.522
0
5.444
0
0.682
1
2.763
0
-0.889
1
0.276
0
-0.488
0
-0.907
0
0.45
0
-0.449
0
0.238
0
0.076
1
-0.78
0
-0.385
1
-2.762
0
-0.786
1
-0.987
1
-0.531
1
-3.049
0
6.738
0
-0.937
1
-7.485
0
0.075
0
-0.954
0
0.308
0
1.359
1
0.235
10.171
1
-0.114
1
2.797
1
-5.329
0
0.016
0
0.645
0
0.809
0
0.247
0
-0.502
0
-0.644
0
0.903
1
14.234
1
2.233
0
0.108
0
-0.616
0
-0.751
0
0.429
0
-0.639
0
0.958
1
-2.609
1
-1.681
0
-0.38
0
0.298
0
-0.54
0
-12.578
1
4.197
0
-0.265
0
0.831
0
-0.709
1
-12.768
1
10.171
2.247
0
0.378
0
-0.078
0
-0.012
0
3.657
0
0.623
0
0.352
0
-0.466
1
-0.567
0
0.522
0
0.747
0
-0.806
0
0.219
0
0.626
0
-0.676
0
0.3
0
0.64
0
-0.02
0
-0.124
0
0.931
1
0.577
0
-2.42
0
0.113
0
-0.185
0
0.393
0
-0.428
0
1.53
0
-0.657
0
0.974
1
0.701
0
2.247
-0.709
1
0.185
0
0.299
0
0.782
0
-0.834
0
0.326
1
-6.488
0
0.608
0
0.021
0
0.86
0
0.752
0
-0.565
0
0.392
0
-0.427
0
-0.795
0
-0.981
0
0.357
0
-0.335
0
-0.542
0
0.259
0
0.949
0
0.923
0
-0.57
0
0.562
1
7.238
0
-0.628
0
0.327
0
-0.986
0
0.789
1
-2.187
0
-0.709
-0.379
0
0.716
1
0.307
0
1.399
0
0.473
0
0.138
1
-4.874
0
0.721
0
-0.404
0
0.215
0
0.26
1
2.593
0
0.901
1
0.526
1
2.389
0
0.406
0
0.593
0
0.155
0
0.414
0
-0.746
0
-0.154
1
11.088
0
-0.071
0
0.829
1
2.751
0
0.892
0
0.403
0
-0.966
1
-1.862
0
0.899
0
-0.379
2.152
1
4.747
1
3.082
0
-5.201
0
-0.953
0
-0.00300002
0
-0.355
1
-6.909
0
-0.972
0
-0.163
1
0.951
0
-0.299
0
-0.615
0
-0.656
0
-0.266
0
-0.188
1
3.702
0
-0.798
1
-1.599
0
-0.195
0
-0.894
1
-3.961
0
-0.111
0
0.144
1
4.935
1
5.817
0
0.964
0
0.328
0
0.599
0
0.503
0
2.152


-1.085
0
0.408
0
-0.731
0
-0.558
0
-0.479
1
-0.383
0
0.274
0
-0.188
0
-0.582
0
-0.174
0
-0.966
0
0.179
0
-0.296
0
-0.706
0
0.045
0
-0.591
0
-0.897
1
-1.812
0
0.692
0
0.972
0
0.539
0
0.843
0
-0.305
0
0.954
0
0.341
0
0.323
0
-0.257
0
-0.539
0
-0.863
0
0.645
0
-1.085


0
0
0.074
0
0.964
0
-0.589
0
-0.049
0
0.932
0
-0.613
0
0.447
0
0.022
0
-0.372
0
0.122
0
0.178
0
0.753
0
-0.273
0
0.79
0
-0.071
0
-0.183
0
-0.065
0
-0.304
0
0.853
0
-0.067
0
-0.208
0
0.884
0
-0.066
0
0.721
0
0.196
0
0.785
0
0.761
0
-0.537
0
0.138
0
0
0
0
0.974
0
0.563
0
0.221
0
0.226
0
-0.504
0
-0.443
0
0.642
0
-0.069
0
-0.24
0
0.659
0
0.182
0
-0.474
0
-0.053
0
-0.419
0
0.841
0
0.434
0
0.494
0
0.371
0
-0.764
0
0.576
0
0.081
0
-0.608
0
0.095
0
0.285
0
-0.349
0
-0.651
0
-0.766
0
-0.385
0
-0.946
0
0
0
0
-0.339
0
-0.997
0
0.893
0
0.991
0
0.916
0
-0.455
0
-0.946
0
-0.636
0
0.151
0
-0.421
0
-0.649
0
0.462
0
-0.937
0
-0.592
0
0.603
0
-0.68
0
0.452
0
0.695
0
-0.578
0
0.15
0
0.082
0
0.417
0
0.139
0
0.281
0
0.175
0
0.729
0
0.517
0
-0.685
0
-0.252
0
0
0
0
0.267
0
-0.261
0
-0.575
0
-0.51
0
-0.573
0
0.608
0
0.603
0
0.101
0
0.328
0
0.97
0
-0.385
0
-0.05
0
0.106
0
0.94
0
0.103
0
0.546
0
0.861
0
-0.953
0
-0.885
0
-0.649
0
-0.162
0
0.739
0
0.102
0
0.585
0
0.122
0
-0.402
0
-0.291
0
0.174
0
0.268
0
0
0
0
-0.948
0
-0.027
0
0.366
0
0.469
0
-0.775
0
-0.895
0
-0.625
0
-0.283
0
-0.717
0
0.583
0
-0.259
0
-0.299
0
-0.846
0
0.449
0
-0.514
0
-0.92
0
0.763
0
0.83
0
-0.46
0
0.914
0
-0.058
0
-0.252
0
0.554
0
-0.696
0
0.578
0
-0.503
0
0.031
0
0.967
0
-0.761
0
0
0
0
0.615
0
-0.42
0
0.8
0
-0.625
0
-0.543
0
0.954
0
0.417
0
0.392
0
0.479
0
-0.751
0
-0.391
0
0.376
0
-0.172
0
-0.358
0
0.109
0
-0.636
0
-0.372
0
0.972
0
0.564
0
-0.653
0
0.948
0
0.355
0
0.752
0
0.64
0
-0.195
0
-0.738
0
-0.976
0
0.285
0
-0.355
0
0
0
0
0.665
0
0.00699997
0
-0.167
0
-0.861
0
-0.843
0
0.476
0
-0.019
0
0.41
0
-0.22
0
-0.974
0
-0.059
0
0.694
0
0.274
0
-0.316
0
0.077
0
-0.108
0
-0.281
0
0.186
0
-0.577
0
-0.794
0
-0.165
0
0.698
0
-0.266
0
0.537
0
-0.18
0
-0.369
0
-0.315
0
0.357
0
-0.115
0
0
0
0
0.341
0
0.722
0
-0.299
0
0.779
0
0.279
0
-0.407
0
0.703
0
-0.71
0
0.486
0
-0.005
0
-0.891
0
-0.791
0
-0.442
0
0.628
0
-0.115
0
0.0369999
0
-0.577
0
-0.738
0
-0.102
0
0.73
0
0.798
0
0.933
0
0.107
0
0.743
0
0.216
0
0.023
0
-0.347
0
0.959
0
-0.415
0
0
0
0
0.145
0
-0.099
0
0.194
0
0.65
0
-0.086
0
-0.38
0
-0.109
0
0.849
0
-0.615
0
0.395
0
-0.796
0
-0.048
0
-0.572
0
0.96
0
0.421
0
-0.792
0
0.313
0
0.982
0
0.418
0
0.293
0
-0.121
0
-0.046
0
0.056
0
0.816
0
0.19
0
-0.283
0
0.584
0
-0.713
0
-0.972
0
0
0
0
-0.847
0
-0.886
0
0.26
0
-0.941
0
-0.116
0
0.638
0
0.69
0
-0.022
0
-0.054
0
0.45
0
-0.99
0
-0.552
0
0.396
0
-0.659
0
-0.371
0
0.126
0
-0.339
0
0.449
0
-0.799
0
0.715
0
-0.862
0
0.381
0
-0.276
0
-0.819
0
-0.913
0
0.099
0
0.856
0
0.248
0
-0.738
0
0


-0.365
0
0.366
1
-0.347
0
-0.962
1
0.712
0
-0.269
0
0.072
0
-0.707
1
2.156
0
0.096
0
-0.271
1
-1.941
1
-2.955
0
-0.715
0
-0.834
0
-0.908
0
0.622
1
-6.937
1
-8.352
0
-0.591
0
-0.819
0
0.977
0
0.186
0
0.722
0
-0.972
0
0.188
1
0.812
0
0.00100005
0
-0.68
0
-1.433
0
-0.365
-3.702
0
0.086
0
-0.955
0
0.719
0
0.62
0
-0.587
0
0.586
0
0.907
1
2.751
0
-0.23
1
-1.967
1
-1.529
1
5.073
0
3.172
0
-0.943
0
0.226
0
0.512
0
-2.279
0
-0.298
1
-0.724
0
-0.943
1
-9.813
1
0.016
0
0.688
0
-0.906
1
-0.355
0
0.964
0
0.309
0
0.883
0
0.759
0
-3.702
3.109
0
0.204
0
-0.584
1
1.792
0
-0.515
0
-0.208
0
0.75
0
-0.575
0
0.51
0
-0.026
0
0.738
1
3.182
0
0.43
1
-0.665
0
0.364
1
-4.672
0
-0.816
1
-4.041
1
4.985
0
0.351
0
0.7
0
-0.23
1
3.217
0
-0.399
0
-0.245
1
-1.266
0
-0.769
1
0.024
1
10.855
0
0.576
0
3.109
0.463
0
-0.807
1
0.308
1
5.118
1
-9.184
1
5.816
0
0.817
0
0.496
0
0.688
0
0.826
1
4.454
0
-0.6
0
-0.277
0
-0.879
1
5.097
0
0.383
0
0.792
1
5.239
0
4.616
0
0.776
0
-0.91
0
-0.365
0
-0.107
0
0.126
0
-0.345
0
-0.814
1
-10.292
0
-0.662
0
0.618
0
-1.291
0
0.463
-1.016
1
-3.504
0
-0.086
1
-3.265
1
-2.49
0
0.26
0
-0.539
0
0.423
1
-0.271
0
0.399
0
-0.025
0
0.057
0
-0.318
0
-0.25
0
0.05
0
-1.932
0
0.637
0
-0.415
1
2.648
0
-0.36
0
-0.156
0
0.296
0
-0.111
1
-2.794
0
-0.922
1
-0.727
1
2.847
1
0.431
0
0.094
0
0.296
1
-1.016
-2.682
1
-7.396
0
-0.317
0
-0.215
1
5.238
0
-0.993
0
-0.313
0
0.67
1
-0.501
1
-10.28
1
4.809
1
-11.61
1
-5.748
0
-0.713
0
0.617
0
-0.92
0
-0.234
0
-0.18
1
8.384
1
-5.446
0
0.95
0
-2.927
0
0.457
0
-0.593
1
-5.165
0
-0.31
0
0.166
0
-0.762
0
0.189
0
-0.861
0
-2.682


0.008
1
0.011
1
-1.767
0
-0.465
0
-0.897
1
-0.369
0
-0.452
1
2.049
0
0.346
1
-5.374
0
-0.62
0
-0.212
0
-2.748
0
0.822
0
0.999
0
0.813
0
-0.133
0
-0.246
0
-0.458
1
2.378
0
0.929
0
-0.62
0
0.122
1
3.538
0
-0.684
0
0.669
1
-0.444
1
0.383
0
-0.573
1
-2.53
0
0.008
-5.198
0
-0.915
0
0.773
1
5.114
0
-0.736
1
3.819
1
1.555
0
-0.035
0
-0.256
0
0.514
0
-0.213
0
0.965
1
-4.783
0
0.288
1
0.129
0
0.512
0
-2.809
1
-1.985
1
-1.292
0
0.626
0
-0.918
0
0.716
0
0.202
1
-2.747
0
0.219
1
0.337
1
-9.714
0
-0.393
1
-0.081
0
-0.883
1
-5.198
11.236
1
-0.567
1
-4.554
1
-7.691
0
-0.413
1
-4.523
1
-2.326
1
8.306
0
0.825
1
-3.609
0
-0.706
1
-3.453
1
0.356
1
7.333
0
0.607
0
-0.069
1
-3.76
0
0.04
0
-0.613
0
0.071
1
-14.544
1
2.04
0
-0.895
1
0.305
0
0.683
1
-9.353
0
3.14
1
1.649
0
-0.272
0
-0.307
1
11.236
-12.407
0
0.585
1
8.512
0
-0.54
0
-0.997
1
-1.757
0
0.757
0
0.152
1
-1.724
1
-3.763
0
-0.843
0
-0.475
0
0.111
0
0.928
0
0.013
0
0.566
0
-0.613
0
-0.917
1
2.057
0
0.248
1
-3.752
1
-2.396
0
0.166
0
0.249
0
0.352
0
-0.197
0
-0.359
0
0.449
0
-0.175
0
2.208
1
-12.407
0.442
0
0.28
0
0.831
0
-0.162
0
0.874
1
2.595
0
-0.211
1
-2.512
0
5.577
0
0.885
0
0.93
1
1.388
0
0.608
0
0.173
0
-3.134
0
0.419
0
0.894
0
-0.102
0
-0.388
0
0.647
0
0.658
1
3.018
0
0.066
0
0.946
0
0.475
1
10.697
0
0.121
1
-1.941
0
0.261
1
9.155
0
0.442
5.287
0
-0.859
0
0.305
0
0.341
0
0.145
1
-2.012
0
-1.274
0
4.488
0
0.784
0
0.567
0
0.911
0
0.239
1
1.356
0
-0.57
0
-0.407
0
0.508
0
0.96
1
-0.549
0
0.479
0
0.106
0
0.0549999
0
-0.143
0
-0.223
0
-0.074
1
15.721
0
-0.48
1
0.807
1
-2.04
1
2.453
0
0.216
0
5.287


0.71
1
7.303
0
-0.175
0
-0.06
0
-0.471
0
-0.399
0
0.099
1
0.775
0
0.111
0
-0.618
1
-3.142
0
-0.89
0
0.279
0
-2.336
0
0.672
0
0.986
0
-0.675
0
0.621
0
-0.32
0
0.386
1
-2.549
1
-0.447
0
0.878
0
0.233
0
0.74
0
-1.468
0
0.224
0
0.943
1
0.494
0
-0.13
1
0.71
0
0
0.827
0
0.838
0
0.625
0
-0.519
0
-0.379
0
-0.602
0
0.742
0
-0.096
0
-0.431
0
-0.413
0
0.256
0
-0.031
0
0.546
0
0.64
0
0.805
0
0.2
0
-0.665
1
-0.03
0
-0.134
0
-0.277
0
0.317
0
-0.574
0
0.545
0
-0.512
1
1.05
0
0.595
0
-0.862
0
-0.961
1
3.551
0
0
1.436
0
-0.999
0
-0.528
0
0.234
1
0.337
0
-0.695
1
2.631
0
0.535
1
-1.817
1
-6.085
0
0.409
1
2.572
0
0.122
0
-0.711
1
1.378
1
0.518
0
-0.21
1
0.942
1
-4.343
1
-4.668
0
0.948
0
-0.093
0
-0.301
0
0.317
0
0.401
0
0.494
0
-0.45
0
0.903
0
0.382
1
1.419
0
1.436
2.28
1
-4.852
1
-0.33
1
1.094
1
0.833
0
0.608
0
0.331
0
-0.094
0
0.909
0
-0.608
0
0.414
0
0.575
0
0.557
0
0.115
0
-0.124
1
-8.042
1
0.198
1
0.388
0
-0.483
0
-0.413
0
-10.352
1
-0.262
0
-0.639
0
0.837
1
2.723
0
-0.682
0
-0.101
1
-0.762
0
-0.651
1
-6.809
0
2.28
-1.895
0
-0.507
0
-2.675
1
2.445
1
0.02
0
-0.555
0
-0.978
0
0.791
0
-0.958
0
-0.24
0
0.84
0
0.23
1
-0.278
0
-0.694
0
2.35
1
-2.144
1
-6.382
0
-0.588
1
-7.222
0
0.419
0
-0.955
1
-6.211
1
2.726
0
-0.643
0
0.412
0
-3.867
0
-0.342
0
-0.72
0
-0.4
0
0.965
0
-1.895
-8.637
1
3.888
0
-2.41
0
-0.679
0
0.72
0
0.839
0
-0.116
0
0.784
1
1.766
1
-4.295
0
-5.454
0
4.551
1
-1.451
0
0.294
0
-0.066
0
0.657
1
-3.016
0
0.477
1
-1.893
1
5.044
1
5.156
0
0.895
0
-0.124
0
-0.906
0
-0.288
1
-8.408
0
0.53
1
0.678
0
-0.396
1
2.182
1
-8.637


1.566
0
0.309
0
0.941
0
0.635
0
0.612
0
-0.067
1
3.232
0
-0.352
0
0.824
1
1.213
0
-0.206
0
0.35
0
-0.142
0
-0.594
0
-0.944
0
-0.242
1
-0.047
0
0.00600004
0
-0.894
0
0.437
0
-0.169
0
-0.144
0
-0.183
0
0.116
0
0.194
1
-5.811
0
-0.813
0
0.479
0
0.569
0
0.398
0
1.566
