

0
0
-0.11
0
-0.279
0
0.98
0
-0.305
0
0.824
0
-0.576
0
-0.323
0
-0.744
0
-0.509
0
0.303
0
-0.223
0
0.619
0
-0.889
0
0.233
0
-0.716
0
0.0319999
0
-0.85
0
-0.835
0
0.41
0
-0.037
0
0.224
0
-0.68
0
-0.213
0
0.238
0
0.817
0
-0.919
0
0.972
0
-0.287
0
0.938
0
0
0
0
-0.076
0
0.108
0
-0.771
0
0.763
0
0.563
0
0.931
0
-0.019
0
0.69
0
-0.341
0
0.744
0
0.198
0
0.015
0
-0.643
0
0.601
0
0.654
0
0.863
0
-0.448
0
-0.547
0
-0.282
0
-0.367
0
-0.148
0
-0.462
0
0.956
0
0.505
0
0.533
0
0.442
0
-0.286
0
-0.269
0
0.676
0
0
0
0
-0.487
0
0.492
0
0.353
0
0.069
0
-0.746
0
0.427
0
-0.544
0
0.131
0
-0.869
0
-0.08
0
-0.00800002
0
-0.437
0
-0.063
0
-0.18
0
-0.672
0
-0.65
0
-0.623
0
-0.388
0
-0.983
0
-0.937
0
0.897
0
0.838
0
-0.388
0
0.349
0
0.336
0
-0.271
0
-0.286
0
0.189
0
0.00300002
0
0
0
0
-0.176
0
-0.687
0
-0.907
0
0.79
0
0.233
0
-0.564
0
-0.24
0
0.711
0
-0.247
0
0.321
0
0.27
0
0.731
0
-0.362
0
0.482
0
0.627
0
0.099
0
-0.535
0
0.657
0
-0.165
0
0.554
0
0.648
0
-0.256
0
-0.288
0
0.099
0
0.564
0
-0.649
0
-0.964
0
0.594
0
-0.877
0
0
0
0
-0.866
0
-0.512
0
0.859
0
-0.987
0
-0.251
0
-0.607
0
0.95
0
-0.63
0
0.624
0
-0.439
0
0.316
0
-0.498
0
0.617
0
0.88
0
-0.295
0
0.568
0
0.731
0
-0.56
0
0.808
0
-0.826
0
-0.76
0
-0.559
0
-0.392
0
-0.093
0
0.433
0
0.727
0
-0.409
0
0.987
0
-0.031
0
0
0
0
-0.946
0
0.234
0
-0.457
0
0.625
0
0.564
0
-0.283
0
-0.027
0
0.253
0
-0.224
0
0.9
0
0.33
0
-0.861
0
0.36
0
0.235
0
-0.273
0
0.013
0
-0.924
0
0.35
0
0.545
0
-0.865
0
0.532
0
-0.052
0
-0.214
0
-0.497
0
-0.041
0
0.125
0
0.0319999
0
-0.632
0
-0.087
0
0
0
0
-0.303
0
-0.308
0
0.935
0
0.829
0
-0.182
0
0.315
0
0.415
0
-0.691
0
-0.314
0
0.603
0
-0.678
0
0.436
0
0.624
0
0.915
0
-0.904
0
0.3
0
-0.297
0
-0.242
0
-0.602
0
-0.81
0
-0.021
0
-0.322
0
0.173
0
-0.453
0
-0.131
0
0.579
0
-0.305
0
0.0369999
0
0.962
0
0
0
0
0.319
0
-0.887
0
0.397
0
0.796
0
-0.982
0
-0.387
0
0.162
0
0.953
0
0.257
0
0.252
0
-0.35
0
-0.549
0
-0.609
0
-0.199
0
-0.504
0
0.408
0
0.704
0
-0.577
0
0.558
0
-0.373
0
-0.459
0
0.423
0
-0.437
0
-0.588
0
0.268
0
-0.036
0
0.655
0
-0.256
0
-0.864
0
0
0
0
-0.422
0
-0.42
0
-0.429
0
-0.648
0
0.226
0
-0.922
0
-0.541
0
-0.816
0
-0.627
0
0.586
0
0.998
0
0.59
0
0.926
0
-0.301
0
-0.329
0
0.222
0
-0.46
0
-0.51
0
0.941
0
-0.866
0
0.563
0
-0.328
0
-0.022
0
0.468
0
0.551
0
0.71
0
-0.302
0
0.949
0
0.182
0
0
0
0
0.13
0
-0.074
0
0.476
0
-0.986
0
-0.619
0
0.176
0
-0.887
0
0.772
0
0.557
0
0.179
0
-0.722
0
0.395
0
0.503
0
-0.837
0
-0.231
0
0.274
0
0.702
0
-0.445
0
-0.807
0
0.376
0
0.244
0
-0.648
0
0.182
0
0.731
0
-0.303
0
0.64
0
0.847
0
-0.199
0
0.09
0
0


-23.951
1
-14.051
1
-11.705
1
10.737
0
-5.91
0
-8.238
1
-5.402
0
-2.586
1
2.464
1
-1.902
0
0.518
0
2.694
0
-0.543
1
3.536
0
-11.23
1
-7.651
1
11.979
1
2.079
0
-7.187
1
-39.011
1
6.525
0
-2.604
0
-1.797
1
-1.819
1
-5.017
1
16.125
0
-0.278
1
2.764
0
-8.313
0
0.962
0
-23.951
-16.832
1
12.108
1
-21.334
1
-8.071
0
10.483
0
-15.786
1
-7.513
1
11.243
0
-3.934
1
6.681
1
-12.313
1
-22.029
1
2.643
1
-18.291
0
-13.074
1
-4.036
1
-17.709
0
-25.642
1
-6.237
0
-6.549
1
-2.187
1
-15.453
0
-0.898
0
-4.27
0
-3.086
1
-14.999
1
-26.113
1
-23.806
0
-10.882
1
-9.895
1
-16.832
-6.793
1
-2.176
1
-1.512
0
0.377
1
-12.276
0
-0.165
0
-2.368
1
-5.992
1
-9.324
1
-1.248
1
-2.372
1
-11.991
1
-20.375
0
-17.377
1
4.852
0
-7.25
1
-5.031
1
-22.316
1
-9.316
1
2.006
0
-13.482
0
-12.946
1
-9.315
1
-1.924
0
-17.134
1
-3.767
1
-9.605
0
-0.165
0
-0.955
1
-1.973
1
-6.793
-5.264
1
10.347
0
0.423
0
-2.345
1
-4.037
1
-9.852
1
8.497
0
19.689
0
-3.345
1
-9.34
0
4.157
0
0.893
1
-7.673
1
-1.024
1
-26.806
1
-3.658
0
-0.38
1
-14.194
1
-11.496
0
-8.42
1
-3.178
0
-7.94
0
-13.585
0
-11.696
1
-29.775
0
-9.1
0
-12.245
1
-0.275
0
-0.677
1
-29.601
0
-5.264
-1.962
1
-11.657
0
-0.835
0
1.056
1
-2.353
0
-0.92
1
-5.765
0
7.689
0
-14.267
0
-38.634
0
-7.76
1
2.334
0
-1.088
1
-6.309
0
0.99
1
7.119
0
-0.929
1
6.843
0
-30.206
1
9.75
1
-6.284
0
8.314
1
-10.822
1
-21.579
0
1.323
0
8.524
0
1.753
0
0.401
0
-6.371
0
-12.006
1
-1.962
-18.005
1
4.91
1
-13.539
1
-3.237
1
-22.271
0
-10.018
0
-16.975
1
-12.586
0
0.699
0
8.07
0
-1.002
0
3.255
0
1.908
0
1.62
1
-10.16
0
-2.489
1
12.286
0
-21.208
1
-2.482
0
4.848
1
-13.219
1
9.374
1
-33.817
0
-15.971
1
-1.092
1
-1.597
1
-24.083
1
-1.674
0
-15.808
0
1.537
1
-18.005


-39.322
0
-3.073
0
0.25
1
-22.496
0
-17.349
0
-6.168
1
-2.424
0
1.656
1
-2.963
1
-5.252
0
-17.175
1
2.872
0
0.645
0
-7.274
1
-9.513
1
-2.236
0
8.636
0
2.008
0
3.247
0
4.323
1
-5.2
1
-2.401
0
-23.5
0
-8.955
1
-9.23
0
15.147
1
-2.816
1
-5.062
1
-3.241
1
-11.456
1
-39.322
-26.169
0
1.457
0
-15.365
1
-35.566
0
-0.195
1
5.082
1
7.663
1
-4.275
1
-7.189
1
4.062
1
1.726
1
-4.638
0
-4.981
0
-11.698
1
-2.878
0
-3.191
0
-5.554
0
4.849
0
-3.467
1
0.443
0
-11.415
0
0.00699997
1
-3.414
0
-4.773
0
-5.829
0
-2.382
0
-15.05
0
-6.905
1
-7.511
1
-4.161
0
-26.169
-14.159
0
-13.667
0
-7.025
0
5.459
1
-6.208
1
16.886
1
3.15
1
-8.39
1
4.986
0
10.658
1
-12.599
1
2.325
1
6.236
0
-1.3
0
6.36
0
-8.876
1
13.932
0
-8.443
1
-9.964
1
1.687
0
-12.319
0
-26.419
0
-0.444
1
-9.871
0
-2.701
0
0.496
1
-14.768
0
-17.35
1
-24.514
1
-0.312
1
-14.159
-13.66
1
-4.898
1
-31.223
0
-4.744
1
-17.115
1
-51.542
0
-12.718
1
-13.713
1
-5.331
0
-8.102
0
1.639
0
-8.692
0
-9.664
0
0.271
0
1.732
0
-3.056
1
-27.054
1
0.341
0
-3.479
0
-23.164
1
-28.476
1
1.305
0
-16.159
1
-21.572
1
-1.513
0
-6.817
0
-14.917
1
-37.605
1
16.823
1
-1.209
1
-13.66
1.392
0
-10.032
1
-17.438
1
1.759
0
-3.99
0
-0.139
0
-23.041
0
1.87
1
4.087
1
0.019
0
-7.162
1
-6.449
1
-25.104
1
-2.757
0
-19.009
0
0.916
0
3.839
1
-10.759
0
-5.302
0
-4.311
1
18.793
1
-8.105
1
-20.746
0
-2.765
1
-1.926
1
-8.546
1
-15.799
1
3.403
1
-10.56
1
-36.804
1
1.392
5.566
1
5.396
1
4.793
1
-3.414
1
0.307
1
5.514
0
-18.037
0
-3.312
1
-11.877
1
1.72
1
-9.868
0
-11.62
0
-4.161
0
30.084
0
-10.068
1
3.784
0
-1.852
1
7.092
0
-9.143
0
7.03
0
-11.341
0
4.713
1
4.924
0
0.136
1
3.212
1
-0.743
0
-6.944
0
-20.797
1
-3.106
1
6.203
0
5.566


-9.013
1
-3.883
0
0.853
0
-10.308
0
-19.052
0
-22.065
0
-9.004
0
-17.948
1
3.908
1
3.862
1
-17.076
1
4.53
0
0.318
0
-9.299
1
-9.185
1
0.506
0
-15.548
1
-10.294
1
-0.046
1
12.125
1
-6.557
0
-6.037
0
-12.405
1
-19.729
1
1.368
1
5.308
1
-7.451
1
-8.949
1
-17.636
1
-11.416
1
-9.013
-25.462
0
-2.586
1
-30.173
0
-0.428
1
-6.975
1
2.981
1
-18.525
0
-4.391
0
-3.383
0
-0.595
0
-2.656
0
-12.291
0
0.39
1
0.049
0
-1.479
0
-11.816
1
-6.506
0
-0.132
1
1.292
0
-11.114
0
-0.321
1
2.595
1
-16.843
0
4.374
0
-2.91
1
-27.228
0
-10.6
1
-22.823
0
-22.181
1
6.476
1
-25.462
-24.545
0
3.092
0
-10.426
1
-1.699
1
4.07
1
8.041
1
9.497
0
-5.92
0
4.374
1
-14.42
0
1.638
0
-20.282
1
-0.406
1
-8.63
1
-22.19
1
-7.382
0
-12.046
0
-21.327
0
0.349
1
-31.382
0
-7.026
0
-23.827
0
1.148
1
-13.515
0
-1.922
0
-24.21
1
0.618
1
-6.376
0
-4.785
0
8.363
1
-24.545
-4.608
1
-3.671
1
-0.918
0
-3.761
0
-0.436
0
-0.825
0
-12.019
1
-5.692
0
-21.391
0
-16.344
0
-0.565
0
-15.157
0
-4.93
0
-17.007
0
0.995
0
-37.766
0
-1.84
0
-0.744
1
-19.211
0
4.631
1
-0.265
1
4.671
1
2.257
1
-5.219
0
4.92
1
15.589
0
-9.885
1
0.196
1
-14.185
1
11.394
0
-4.608
-2.263
0
-1.319
1
24.924
0
-5.529
1
-7.133
0
0.051
1
3.485
1
-10.497
0
-2.335
1
8.755
0
-18.535
1
-10.555
0
-19.188
1
-2.972
0
11.875
0
0.25
1
-5.589
0
-6.02
0
4.654
0
0.838
1
6.074
1
-1.838
1
-6.861
1
2.754
0
-16.252
0
-30.976
1
2.678
0
-1.848
1
-12.476
0
-9.205
1
-2.263
-5.103
1
-2.403
0
4.919
1
-14.403
0
-19.221
0
-2.595
0
-4.865
1
-13.303
0
-0.257
0
-0.534
1
-10.297
1
-10.661
1
-1.893
1
7.245
1
-24.781
1
1.491
1
15.023
0
6.034
1
-23.567
0
7.668
1
-26.686
1
4.366
1
-11.295
1
-17.799
0
-1.663
1
-4.739
0
-0.648
1
3.56
0
-2.166
1
-21.522
0
-5.103


0.007
0
-0.299
0
0.742
0
-0.71
0
0.15
0
-0.26
0
-0.05
0
0.142
0
0.059
1
-0.768
0
-0.285
1
-22.196
0
0.0700001
0
-0.732
0
-6.329
0
-0.342
0
0.839
0
0.386
0
0.335
0
-0.323
0
0.495
0
-0.726
0
0.824
0
0.609
0
-0.425
1
-0.029
0
0.041
0
-0.809
0
0.641
0
0.423
0
0.007


0
0
-0.293
0
0.217
0
0.801
0
0.099
0
-0.438
0
0.862
0
-0.395
0
0.23
0
0.752
0
0.716
0
-0.454
0
0.735
0
-0.695
0
-0.238
0
0.081
0
-0.91
0
-0.113
0
0.137
0
-0.934
0
0.679
0
0.389
0
-0.449
0
0.242
0
-0.846
0
0.805
0
-0.19
0
-0.358
0
0.883
0
0.12
0
0
0
0
0
0
0.519
0
-0.85
0
0.791
0
-0.16
0
-0.561
0
0.959
0
-0.623
0
-0.231
0
-0.774
0
0.167
0
-0.449
0
-0.821
0
-0.036
0
0.903
0
-0.00199997
0
0.575
0
-0.709
0
-0.212
0
0.488
0
0.603
0
-0.493
0
0.084
0
-0.094
0
0.951
0
0.393
0
0.864
0
0.00899994
0
0.133
0
0
0
0
0.334
0
0.684
0
0.0700001
0
0.985
0
0.254
0
0.933
0
0.697
0
-0.174
0
0.407
0
0.218
0
-0.166
0
0.305
0
0.072
0
0.364
0
0.00699997
0
0.937
0
0.745
0
-0.924
0
-0.24
0
-0.84
0
-0.597
0
-0.852
0
-0.549
0
0.846
0
-0.607
0
0.366
0
0.934
0
0.704
0
0.911
0
0
0
0
0.6
0
-0.078
0
0.02
0
-0.367
0
-0.673
0
0.56
0
-0.068
0
0.176
0
0.366
0
0.481
0
-0.511
0
-0.505
0
0.721
0
-0.562
0
-0.969
0
0.32
0
0.461
0
0.089
0
0.249
0
0.66
0
0.644
0
0.99
0
0.514
0
-0.189
0
0.022
0
0.184
0
-0.849
0
-0.938
0
0.554
0
0
0
0
-0.702
0
0.222
0
0.031
0
0.815
0
0.368
0
0.891
0
-0.076
0
0.683
0
0.22
0
-0.26
0
-0.458
0
-0.826
0
0.555
0
-0.192
0
0.984
0
-0.939
0
-0.24
0
-0.738
0
-0.506
0
-0.107
0
0.176
0
-0.887
0
0.198
0
0.965
0
-0.316
0
0.516
0
-0.083
0
-0.957
0
0.831
0
0
0
0
0.00300002
0
-0.815
0
-0.109
0
0.974
0
0.631
0
-0.981
0
0.867
0
-0.429
0
0.636
0
-0.86
0
-0.637
0
0.927
0
-0.383
0
-0.756
0
0.437
0
0.895
0
0.398
0
0.687
0
-0.014
0
0.585
0
0.562
0
-0.853
0
-0.994
0
0.061
0
-0.867
0
0.902
0
-0.209
0
-0.069
0
-0.544
0
0
0
0
0.789
0
-0.751
0
0.802
0
-0.688
0
0.454
0
-0.989
0
0.986
0
0.783
0
0.804
0
0.838
0
0.289
0
-0.02
0
-0.03
0
0.379
0
-0.926
0
0.585
0
-0.103
0
0.282
0
0.196
0
0.465
0
-0.551
0
0.487
0
-0.000999987
0
0.94
0
0.154
0
0.483
0
-0.736
0
-0.432
0
-0.745
0
0
0
0
-0.167
0
-0.723
0
0.278
0
0.382
0
0.284
0
-0.128
0
-0.821
0
-0.748
0
-0.424
0
0.239
0
0.401
0
0.219
0
-0.177
0
-0.135
0
-0.07
0
-0.713
0
0.404
0
0.497
0
0.626
0
-0.343
0
0.629
0
0.03
0
-0.116
0
-0.958
0
-0.294
0
0.597
0
-0.227
0
-0.388
0
-0.642
0
0
0
0
-0.299
0
0.894
0
-0.107
0
-0.502
0
0.893
0
-0.672
0
0.323
0
0.807
0
0.69
0
0.358
0
0.269
0
0.804
0
-0.246
0
0.147
0
-0.196
0
-0.505
0
-0.366
0
-0.851
0
-0.724
0
-0.9
0
0.404
0
-0.877
0
-0.96
0
0.185
0
0.942
0
0.433
0
-0.409
0
-0.332
0
-0.784
0
0
0
0
-0.556
0
-0.347
0
-0.331
0
0.646
0
-0.619
0
0.039
0
-0.013
0
-0.937
0
0.32
0
0.525
0
-0.656
0
-0.635
0
0.825
0
0.918
0
0.464
0
-0.398
0
0.747
0
0.058
0
-0.212
0
0.132
0
-0.255
0
0.51
0
-0.075
0
0.584
0
0.503
0
-0.983
0
0.729
0
0.647
0
0.129
0
0


-6.144
0
0.074
1
-26.968
0
18.037
0
2.554
1
-16.331
1
-3.768
0
-8.521
0
-0.502
0
6.784
1
-18.18
0
0.628
1
-7.364
1
-24.66
1
-1.344
0
-0.409
0
-0.987
1
-4.08
0
-3.495
1
1.848
0
-20.457
1
-18.942
1
-14.055
0
-27.748
1
-24.251
1
-0.874
1
11.92
1
0.048
0
6.477
0
-6.828
1
-6.144
7.511
0
0.673
0
-0.929
0
-2.774
1
-4.24
0
0.498
1
-5.549
0
-0.791
1
-3.039
0
-0.027
0
1.898
0
3.685
0
-17.989
0
-3.685
0
-3.711
1
-7.425
0
-14.631
1
18.167
0
-3.268
0
7.862
1
5.328
0
2.609
1
-0.221
1
-8.606
1
-20.171
1
-0.172
1
-8.924
1
-10.602
0
-11.877
0
-0.44
1
7.511
-1.211
0
0.213
1
-16.117
1
-5.181
1
-2.299
1
-0.696
0
-6.749
0
6.488
0
-5.723
1
-17.476
1
-6.085
1
2.344
0
-3.342
1
22.578
1
9.867
0
9.496
0
5.688
1
-7.466
0
-0.428
0
-15.608
1
-18.395
0
-4.413
1
-18.742
0
6.601
1
-23.161
1
-24.839
1
-30.385
0
-1.278
1
-17.126
0
4.256
1
-1.211
12.353
1
-21.304
1
10.516
0
-8.179
1
-11.834
0
3.473
0
-7.003
1
3.857
1
-33.804
1
-16.364
1
-38.969
0
1.68
0
-15.617
0
-7.331
1
6.873
1
-30.577
1
-0.591
0
-2.286
1
3.812
1
-21.943
1
-11.362
1
1.381
1
2.814
0
-10.157
0
-0.475
0
-21.982
1
-17.275
0
-12.956
0
19.721
0
9.778
0
12.353
-29.919
0
4.603
0
12.918
1
-18.244
0
-27.594
1
3.438
1
-5.383
1
-13.654
0
-0.713
0
-0.33
1
-11.361
0
-3.953
0
-21.24
0
-2.954
0
-6.706
0
10.312
1
-8.465
0
-3.886
1
-4.064
0
1.972
1
0.505
1
-11.086
1
3.662
1
3.702
1
8.316
0
0.216
0
10.497
0
2.987
0
1.268
1
-21.045
0
-29.919
-18.12
0
-10.281
1
-5.459
1
4.061
0
-1.901
1
-0.176
1
-34.676
0
-16.472
1
-4.351
0
-11.355
0
-8.668
1
-4.67
0
0.948
0
-2.362
0
0.015
1
-11.792
0
-8.086
0
-13.394
0
0.47
0
-15.568
1
-11.744
1
19.295
1
5.981
0
2.295
0
-12.03
0
-15.95
1
2.905
1
-17.823
0
0.049
1
1.268
0
-18.12


7.802
1
-24.462
0
-1.403
0
15.363
0
-11.022
1
-10.124
0
-8.631
1
-42.233
0
-37.465
0
-11.426
0
-0.863
1
-8.529
0
-20.007
0
-7.135
1
-21.414
0
-7.841
1
-19.298
1
-10.256
1
-0.384
1
-3.44
1
-0.642
1
-24.398
1
-2.839
0
-4.115
0
0.604
0
-0.064
0
-25.575
1
10.805
1
12.1
1
-6.897
1
7.802
-4.298
1
-0.079
0
2.137
1
-6.275
0
-4.613
0
-0.838
1
7.022
0
-1.176
0
9.92
1
-9.305
0
0.929
0
-19.671
1
6.998
0
-9.185
1
-11.919
0
-11.583
1
-23.912
1
8.408
1
18.131
1
34.936
0
1.391
0
2.01
0
0.366
1
9.712
0
7.362
1
0.041
0
1.378
1
-13.956
0
2.098
0
-18.736
1
-4.298
18.463
1
-7.862
0
-0.827
1
3.495
1
19.737
1
0.544
0
-19.184
1
-1.157
0
0.959
1
6.549
0
-19.283
0
-0.784
0
-6.563
0
-10.272
0
-4.78
0
-5.746
1
-12.844
0
-0.034
1
-7.112
1
-11.807
1
-1.934
1
-1.206
0
5.854
0
6.609
1
-24.497
0
-0.762
0
-0.335
1
0.451
1
10.678
0
3.708
1
18.463
-24.046
0
0.258
0
-26.922
1
-17.135
0
3.483
0
1.887
0
-7.035
1
-7.772
0
-2.622
1
-4.061
0
-11.919
1
19.185
0
6.189
0
3.755
1
4.033
0
-2.82
1
2.72
1
-6.531
1
2.185
0
-0.709
0
4.458
1
-35.101
0
-0.722
1
1.335
1
-7.35
0
1.525
1
-9.038
0
-10.871
1
-2.318
0
5.055
1
-24.046
23.16
0
0.891
0
-0.833
0
17.236
0
-7.313
1
-16.719
1
-16.593
0
-7.981
1
-19.469
0
-0.221
0
12.581
1
3.527
0
-24.569
1
-3.163
1
-3.765
1
-1.098
1
-9.984
1
7.163
0
8.593
1
-27.257
0
-8.804
1
-5.926
1
-27.771
1
-1.667
1
-14.006
0
-15.253
0
23.712
0
12.076
1
7.889
0
-5.847
1
23.16
10.131
0
-14.328
0
5.494
0
6.667
1
5.126
1
-11.548
1
2.434
0
6.717
1
11.732
0
-10.908
1
2.626
0
-9.809
0
-3.982
1
6.451
0
1.512
0
0.224
1
2.146
1
7.25
0
0.819
1
-11.759
1
-20.952
1
-20.392
1
7.489
0
11.816
0
-0.684
1
-0.663
0
-5.959
0
-20.773
0
9.784
1
11.964
0
10.131


-21.576
0
-3.883
0
-0.704
1
1.689
0
0.274
0
-3.533
1
-16.523
1
-9.943
0
-9.235
0
7.722
0
-16.686
1
-3.235
0
-0.234
0
-13.398
1
-15.449
0
-6.057
0
-18.678
1
-12.901
1
1.679
1
-4.602
1
-16.29
1
-1.851
0
-9.826
0
3.702
0
4.186
0
-24.284
0
-7.421
0
-6.154
0
-3.335
1
-7.871
0
-21.576
-20.484
1
-1.151
1
-5.771
1
2.708
0
-1.697
0
7.704
1
2.886
0
-31.461
1
-1.501
1
28.353
1
18.935
1
6.996
0
-16.238
0
13.476
1
26.673
0
-7.229
1
19.762
1
-26.021
1
-7.971
1
-15.872
1
-31.397
1
2.18
1
-27.207
1
-11.021
0
-0.687
1
-7.97
0
-9.093
0
-11.426
0
-20.112
1
-44.19
1
-20.484
-23.687
0
-0.635
1
-22.821
1
-28.301
0
-2.986
1
1.972
0
-0.168
1
0.395
1
-6.904
1
-13.163
1
6.958
1
-26.458
0
0.924
0
14.999
0
-0.513
0
-8.304
1
-35.242
1
15.858
1
-14.441
0
-0.12
1
6.204
1
-16.233
0
-0.336
0
2.314
1
9.501
0
-1.196
1
-12.24
0
-0.864
0
9.119
0
2.904
0
-23.687
-4.463
1
-1.388
0
-0.346
1
-5.557
1
-8.217
1
-36.838
0
-6.866
0
-13.579
1
-27.045
1
-0.152
1
-2.68
0
-1.215
0
-18.727
1
1.998
0
-0.727
1
-4.4
0
-4.116
1
-32.101
1
-11.675
1
2.439
0
-4.893
0
-12.269
0
-1.276
1
-10.855
0
6.292
1
-21.08
0
0.071
1
12.914
1
-9.857
0
-10.98
1
-4.463
-24.603
1
-16.35
0
-0.091
0
-11.596
1
-33.45
0
-26.309
0
-20.766
1
-7.496
1
12.988
1
-26.516
1
-19.767
0
-10.096
1
-26.835
0
-0.634
1
2.42
0
3.743
0
-2.116
1
4.809
1
-6.211
1
0.778
0
-0.728
1
-0.714
0
-0.867
1
19.786
1
-0.292
1
0.249
1
-15.474
0
0.829
0
-3.807
0
-6.269
1
-24.603
-31.407
1
-10.08
1
5.985
1
-3.337
0
1.508
1
-1.509
1
-9.093
1
16.939
1
7.725
1
5.241
1
-18.348
0
-5.68
0
-20.541
1
-18.41
1
-30.921
1
-1.673
0
0.307
0
-17.316
0
-18.051
1
4.669
0
-1.625
0
23.765
1
-4.268
0
-1.887
0
-7.004
0
-0.075
0
-0.814
1
-7.859
0
-0.304
0
-10.2
0
-31.407


3.302
0
-0.952
0
0.569
0
-0.424
1
6.109
1
-3.263
0
0.767
0
0.259
0
-0.402
0
0.276
1
-0.333
1
-3.438
1
-4.979
0
-2.581
0
-0.393
1
0.925
0
-0.384
0
-0.461
0
0.572
0
0.856
0
0.395
1
-1.432
0
-0.076
0
0.783
0
-0.269
1
-3.52
0
0.7
0
0.635
0
-0.695
0
-0.483
0
3.302


0
0
0.255
0
0.615
0
0.484
0
0.286
0
-0.979
0
-0.161
0
0.556
0
0.87
0
-0.895
0
-0.171
0
0.266
0
0.0599999
0
-0.711
0
0.537
0
-0.863
0
0.305
0
-0.00700003
0
0.518
0
0.107
0
-0.79
0
-0.919
0
-0.659
0
-0.293
0
0.477
0
0.703
0
-0.878
0
-0.99
0
-0.068
0
0.206
0
0
0
0
-0.941
0
-0.177
0
0.915
0
0.33
0
0.765
0
-0.753
0
-0.786
0
0.995
0
-0.613
0
-0.967
0
-0.694
0
-0.41
0
0.071
0
0.469
0
-0.759
0
-0.606
0
0.934
0
0.178
0
-0.934
0
0.923
0
0.092
0
-0.321
0
-0.082
0
-0.724
0
0.165
0
0.672
0
-0.485
0
0.768
0
0.945
0
0
0
0
0.00300002
0
0.735
0
0.306
0
0.712
0
-0.107
0
0.541
0
-0.852
0
0.554
0
0.095
0
-0.529
0
-0.09
0
0.066
0
-0.871
0
0.0140001
0
0.43
0
-0.43
0
0.891
0
-0.013
0
0.208
0
-0.053
0
-0.109
0
-0.316
0
-0.875
0
-0.496
0
0.854
0
0.702
0
0.218
0
-0.437
0
-0.358
0
0
0
0
-0.768
0
0.195
0
0.343
0
0.126
0
-0.305
0
0.764
0
-0.809
0
0.492
0
-0.323
0
0.601
0
-0.919
0
0.046
0
-0.475
0
-0.709
0
0.857
0
-0.00300002
0
-0.918
0
0.516
0
0.0650001
0
0.013
0
-0.735
0
0.892
0
0.842
0
-0.046
0
-0.243
0
0.13
0
-0.013
0
0.612
0
0.715
0
0
0
0
-0.000999987
0
0.607
0
-0.985
0
-0.732
0
-0.979
0
-0.85
0
-0.423
0
-0.989
0
-0.488
0
-0.386
0
-0.391
0
0.817
0
-0.933
0
-0.533
0
0.452
0
-0.945
0
0.153
0
-0.517
0
-0.491
0
0.871
0
0.368
0
-0.044
0
-0.691
0
0.374
0
0.559
0
-0.916
0
0.376
0
0.553
0
0.598
0
0
0
0
0.731
0
0.604
0
0.523
0
-0.969
0
-0.93
0
-0.265
0
0.431
0
-0.302
0
0.856
0
0.135
0
0.613
0
0.103
0
-0.848
0
0.212
0
0.972
0
0.796
0
0.393
0
0.81
0
-0.772
0
-0.539
0
-0.946
0
-0.942
0
0.556
0
0.496
0
-0.354
0
-0.669
0
0.805
0
0.288
0
-0.885
0
0
0
0
0.855
0
-0.435
0
0.707
0
-0.341
0
-0.374
0
0.716
0
0.626
0
-0.28
0
-0.768
0
0.606
0
0.146
0
-0.166
0
0.955
0
0.27
0
0.194
0
0.72
0
0.938
0
-0.626
0
0.809
0
-0.78
0
-0.146
0
-0.866
0
-0.822
0
-0.335
0
-0.693
0
0.285
0
0.054
0
0.224
0
0.145
0
0
0
0
0.339
0
-0.388
0
0.255
0
-0.00400001
0
0.374
0
-0.391
0
0.279
0
-0.936
0
0.803
0
-0.213
0
-0.369
0
0.096
0
0.725
0
-0.148
0
0.69
0
-0.661
0
-0.241
0
0.999
0
0.599
0
-0.083
0
-0.419
0
-0.714
0
0.27
0
0.672
0
0.251
0
-0.665
0
0.937
0
0.208
0
-0.139
0
0
0
0
0.11
0
0.847
0
-0.204
0
0.761
0
0.317
0
-0.218
0
0.604
0
-0.457
0
0.497
0
-0.474
0
-0.294
0
-0.144
0
0.393
0
0.878
0
-0.86
0
-0.891
0
-0.246
0
0.433
0
0.603
0
-0.149
0
-0.402
0
0.878
0
-0.826
0
0.567
0
-0.74
0
-0.654
0
0.908
0
0.81
0
0.202
0
0
0
0
0.878
0
0.881
0
-0.142
0
0.63
0
-0.702
0
-0.784
0
0.674
0
0.123
0
-0.141
0
0.915
0
0.875
0
0.535
0
0.236
0
0.677
0
-0.131
0
0.745
0
-0.37
0
0.852
0
-0.082
0
0.878
0
0.243
0
-0.524
0
0.895
0
-0.875
0
0.464
0
-0.329
0
0.046
0
-0.142
0
-0.934
0
0


8.359
0
0.609
1
-22.442
1
8.966
1
0.646
0
0.892
0
-0.777
1
-9.187
0
-1.624
1
-13.031
1
1.757
1
-9.741
0
-0.657
0
-0.6
0
-26.998
1
8.527
1
-12.573
0
-4.633
1
-9.264
0
1.104
0
-22.028
0
-0.094
1
-13.908
0
8.482
0
4.987
0
0.609
1
-6.209
1
-21.023
0
-22.85
1
-11.61
0
8.359
-20.596
1
-9.686
0
2.745
1
-6.826
0
-9.516
0
-2.658
0
0.9
1
-21.725
1
-16.53
0
-17.034
1
-20.332
1
4.137
1
-16.016
1
19.901
1
-11.996
1
-17.59
0
3.114
0
-14.388
1
-7.506
1
4.756
1
-10.507
1
-10.582
0
-11.081
1
-4.903
0
-5.726
0
-24.724
1
-4.159
0
-5.875
1
2.419
1
0.709
1
-20.596
1.208
1
-14.106
0
2.871
1
-0.028
1
-21.796
1
-20.238
0
-1.891
1
-26.315
0
-17.071
0
-0.381
1
-11.539
1
-4.922
1
-10.64
1
-27.443
1
3.067
1
-3.59
0
-26.245
1
12.124
0
-0.382
1
12.211
0
-0.089
1
-13.776
0
-0.075
1
-11.496
0
-6.452
0
-2.838
1
-34.571
1
-5.217
0
-19.056
0
-16.46
0
1.208
-9.093
0
-19.032
1
-3.451
1
-10.173
1
-25.356
0
-5.873
1
-30.397
1
-8.3
1
0.884
0
3.642
0
-0.91
1
-11.256
1
1.107
1
8.531
0
-5.022
1
2.622
1
-0.647
0
2.608
1
-7.725
1
-10.315
0
-1.853
1
-9.298
1
-11.661
0
0.969
1
-5.414
0
4.651
1
-25.833
0
-5.34
1
-8.583
0
15.699
0
-9.093
2.134
1
0.826
1
-6.737
1
1.101
1
-5.262
0
-5.059
0
3.568
1
1.752
0
11.019
0
-12.085
0
0.06
0
3.488
1
-12.525
0
-4.155
0
-0.324
0
-15.122
0
11.191
0
-2.428
0
-0.99
0
-15.927
1
1.743
0
0.202
0
0.665
0
8.467
0
-6.422
0
-16.356
0
6.967
1
-16.793
1
9.39
1
3.543
1
2.134
-5.24
0
-14.384
1
-4.939
0
3.567
0
-5.078
1
-29.537
0
2.3
0
-9.126
0
0.686
1
-14.765
0
-15.983
1
3.095
0
-2.468
0
-7.232
0
1.712
1
-12.04
1
-19.849
1
3.82
0
-19.407
0
-9.608
1
-3.991
0
-11.344
1
19.492
0
-7.151
0
0.344
0
-11.895
0
-11.862
0
1.827
0
-20.376
1
-1.263
0
-5.24


0.32
0
0.976
0
-0.893
0
0.61
0
-0.575
1
-6.489
0
0.8
0
0.383
0
0.476
0
-0.703
0
-0.714
1
-12.613
1
-3.121
1
-3.298
1
2.06
1
1.072
0
-0.725
0
-0.761
1
-3.867
1
-15.626
1
14.993
0
-21.988
0
-3.544
1
-26.23
0
-0.924
0
-5.896
1
-4.885
0
-8.173
0
-10.394
1
13.544
1
0.32
-9.699
1
-16.414
1
-19.5
1
-10.934
0
-31.234
0
9.536
0
2.675
1
-7.604
1
0.994
0
-10.115
0
9.869
1
5.793
0
-25.005
1
-1.379
1
-17.784
1
-5.746
0
-9.789
0
9.692
1
-33.363
1
-21.935
1
5.163
0
-3.218
1
-4.962
0
12.478
1
29.67
0
-0.5
0
2.526
0
-8.986
1
-17.609
0
2.825
1
-9.699
0.806
1
-6.566
1
3.008
1
-25.546
1
1.96
0
-8.862
1
0.041
0
-16.522
1
-22.03
1
-5.421
0
-1.451
0
3.427
1
-32.409
0
-0.975
1
-3.659
1
1.684
0
4.101
1
-13.596
0
3.926
1
-3.437
1
-1.974
1
-1.679
1
-2.99
0
5.636
0
-0.136
1
-12.608
1
-14.98
1
-5.671
0
-25.301
1
-10.535
1
0.806
-22.562
0
0.602
1
7.233
0
2.108
1
-2.126
0
-22.124
0
-5.551
1
-18.156
0
-4.213
1
22.539
1
-24.737
0
-0.172
0
-17.123
0
-3.927
1
-16.191
0
-0.52
1
-22.392
0
-0.72
0
3.475
1
-7.127
0
-2.362
0
8.152
1
-9.252
1
-2.87
1
5.18
1
-22.703
0
-5.94
1
-6.49
0
2.615
1
-3.443
0
-22.562
-12.462
0
0.726
1
-14.684
0
4.239
0
-5.522
0
24.112
0
32.133
0
2.463
1
-9.355
0
-0.782
1
-6.979
1
-4.997
0
7.278
0
-14.973
0
-19.58
1
6.284
0
-12.454
1
-9.51
0
-11.224
0
-8.662
1
-6.071
1
-5.867
0
-1.833
0
-0.122
0
-3.116
1
-13.561
1
-20.716
0
6.896
0
-0.203
1
8.341
0
-12.462
24.585
0
-9.979
0
-13.518
1
-0.063
1
-22.415
1
-0.847
0
12.762
1
-3.001
0
-14.443
1
-11.803
1
-22.621
0
3.427
1
9.279
0
-11.424
1
4.188
1
9.658
0
10.767
0
-0.25
0
-0.051
1
-1.16
1
-13.829
1
-13.974
1
-16.385
1
-13.609
1
-6.568
0
23.297
1
-3.078
1
26.78
1
-6.878
0
-0.405
1
24.585


-3.975
0
-42.411
0
2.927
0
-2.758
0
0.133
0
5.381
0
-2.362
0
-6.006
0
10.134
1
1.425
0
10.812
0
4.672
1
-10.715
1
-17.055
1
-14.637
1
-4.406
0
-24.487
0
2.967
1
-15.746
1
1.345
1
-10.771
1
1.152
1
4.746
0
5.815
1
24.336
1
8.443
0
-5.973
1
-5.333
1
-3.726
1
-13.376
1
-3.975
9.911
0
0.979
1
-29.45
0
-4.321
1
2.81
0
-9.125
0
-3.969
1
2.984
0
-12.69
1
-25.227
0
-5.869
0
-15.275
0
29.601
1
-6.141
1
-1.988
0
-19.547
1
-0.519
1
-5.855
0
-24.018
1
9.63
1
-17.408
1
-25.324
0
-4.785
1
9.621
1
0.784
1
-3.42
1
4.604
1
0.734
0
-14.454
1
-9.385
1
9.911
-4.281
1
-14.755
0
-14.583
1
-0.11
1
-9.764
0
-7.437
1
1.27
0
-27.953
1
-20.681
0
-10.899
0
-8.26
1
-12.435
0
-15.067
0
0.344
1
10.423
1
-6.063
0
-12.168
1
-1.335
0
-13.157
0
-11.249
0
-7.791
1
-25.59
0
5.774
0
-3.693
0
9.292
0
1.13
0
-1.738
0
-18.451
0
-7.119
1
-39.064
0
-4.281
-5.756
1
-11.316
0
-6.888
1
2.124
0
-11.858
1
-40.632
1
-19.241
1
-23.709
1
2.32
0
-6.688
0
-5.023
1
-31.285
1
-36.364
0
-3.731
1
12.798
0
-0.64
0
-18.071
1
20.604
1
-18.543
1
-4.766
0
-20.47
0
8.293
1
-2.248
1
6.853
0
-11.056
0
-9.368
0
0.456
1
29.986
0
-7.797
1
6.623
1
-5.756
11.423
1
-11.391
0
0.73
1
-18.819
1
-33.518
0
0.899
0
-21.623
0
-6.272
1
-2.933
1
-7.685
0
-25.225
0
2.836
1
9.76
0
-0.419
1
-2.619
1
-1.976
1
-33.778
0
-0.083
0
7.9
1
-14.819
0
-6.849
1
9.573
0
-7.935
0
-27.422
0
-25.231
1
0.313
1
-20.717
1
17.212
0
-33.39
0
-7.393
1
11.423
-1.782
1
-13.503
1
-3.262
1
-3.699
0
-10.389
0
-8.374
1
8.062
1
-12.631
1
-21.882
1
6.679
0
-0.176
1
0.56
0
2.783
1
-13.144
0
-14.197
1
-1.906
0
-0.343
1
5.086
1
-27.115
0
2.56
1
-2.77
1
-12.773
1
0.496
0
14.703
1
-18.291
1
-12.173
0
-16.811
0
-13.858
1
-12.633
1
-8.244
0
-1.782


-1.264
0
0.081
0
0.57
0
-0.444
0
-0.653
1
-6.047
0
-0.893
0
-0.836
0
0.594
0
-0.434
0
-0.941
0
-6.525
0
-0.871
0
0.392
0
-0.791
1
0.057
0
-0.742
1
-2.128
1
-5.316
0
-0.637
1
0.586
0
0.92
0
-0.089
0
0.872
0
0.168
0
-0.435
0
-0.654
0
-0.216
1
-2.078
1
-0.339
0
-1.264


0
0
-0.548
0
-0.569
0
0.185
0
-0.375
0
0.005
0
-0.135
0
-0.722
0
-0.179
0
0.328
0
0.751
0
0.0700001
0
0.385
0
0.128
0
0.097
0
0.11
0
-0.009
0
-0.049
0
0.653
0
-0.988
0
-0.631
0
-0.737
0
-0.271
0
-0.391
0
0.562
0
0.552
0
-0.522
0
-0.698
0
-0.726
0
-0.779
0
0
0
0
-0.408
0
-0.862
0
0.979
0
0.801
0
-0.509
0
0.137
0
-0.2
0
0.073
0
-0.966
0
-0.867
0
0.416
0
0.161
0
-0.939
0
-0.858
0
0.152
0
-0.287
0
-0.037
0
0.991
0
-0.00300002
0
0.673
0
-0.427
0
-0.036
0
-0.638
0
0.781
0
0.531
0
0.192
0
0.56
0
0.614
0
-0.451
0
0
0
0
-0.518
0
-0.147
0
-0.274
0
-0.495
0
0.357
0
-0.469
0
-0.926
0
-0.203
0
-0.904
0
-0.775
0
-0.631
0
0.669
0
0.905
0
-0.879
0
0.724
0
0.487
0
0.362
0
0.363
0
0.664
0
0.451
0
0.59
0
0.563
0
0.115
0
-0.474
0
-0.279
0
0.651
0
-0.078
0
-0.422
0
-0.824
0
0
0
0
-0.792
0
-0.718
0
-0.269
0
-0.906
0
0.185
0
-0.323
0
0.698
0
0.617
0
-0.279
0
-0.589
0
0.948
0
0.196
0
0.845
0
0.342
0
0.493
0
0.514
0
0.839
0
-0.19
0
-0.031
0
-0.399
0
-0.297
0
0.818
0
0.668
0
0.924
0
0.02
0
-0.314
0
-0.958
0
0.039
0
0.763
0
0
0
0
0.859
0
-0.633
0
-0.981
0
-0.35
0
0.163
0
0.29
0
-0.257
0
0.695
0
0.917
0
-0.693
0
-0.765
0
-0.11
0
-0.955
0
0.841
0
-0.719
0
-0.446
0
0.039
0
-0.417
0
0.816
0
0.852
0
0.244
0
0.768
0
0.805
0
0.663
0
0.718
0
-0.412
0
-0.757
0
-0.576
0
0.343
0
0
0
0
0.991
0
0.719
0
0.0190001
0
-0.736
0
0.866
0
0.589
0
0.277
0
0.773
0
0.137
0
-0.288
0
-0.764
0
0.255
0
-0.198
0
-0.378
0
-0.423
0
-0.847
0
-0.106
0
0.412
0
0.504
0
0.22
0
-0.549
0
0.695
0
0.151
0
0.464
0
-0.693
0
0.179
0
0.544
0
0.272
0
0.349
0
0
0
0
0.005
0
-0.941
0
-0.425
0
-0.733
0
-0.874
0
-0.996
0
0.763
0
0.698
0
0.839
0
-0.838
0
-0.608
0
0.0599999
0
0.543
0
0.038
0
0.829
0
0.228
0
-0.914
0
-0.141
0
0.169
0
0.793
0
-0.593
0
-0.96
0
0.867
0
0.147
0
-0.902
0
-0.958
0
0.641
0
0.141
0
-0.035
0
0
0
0
-0.868
0
0.62
0
0.418
0
-0.245
0
0.623
0
-0.969
0
0.214
0
0.279
0
0.36
0
0.011
0
0.049
0
0.703
0
0.202
0
0.411
0
-0.755
0
-0.925
0
-0.238
0
0.369
0
-0.065
0
-0.106
0
-0.485
0
-0.161
0
-0.278
0
-0.896
0
-0.691
0
-0.757
0
0.291
0
-0.975
0
-0.955
0
0
0
0
0.792
0
0.075
0
0.653
0
-0.682
0
-0.829
0
0.24
0
-0.054
0
0.553
0
-0.697
0
-0.441
0
-0.245
0
-0.17
0
-0.493
0
0.262
0
0.252
0
-0.025
0
-0.496
0
0.172
0
-0.015
0
0.132
0
-0.405
0
0.677
0
0.759
0
-0.799
0
-0.442
0
-0.788
0
0.828
0
0.694
0
0.139
0
0
0
0
0.847
0
0.707
0
-0.918
0
-0.066
0
-0.315
0
0.391
0
-0.322
0
-0.617
0
-0.626
0
-0.332
0
-0.848
0
0.462
0
0.752
0
0.02
0
-0.983
0
-0.231
0
0.54
0
0.763
0
-0.294
0
-0.618
0
0.136
0
0.863
0
0.624
0
0.716
0
0.477
0
0.812
0
-0.00700003
0
-0.06
0
-0.429
0
0


-28.455
1
-15.521
0
-4.089
1
15.251
1
13.77
0
-18.366
0
-38.303
1
8.173
1
-32.376
1
-10.796
1
5.51
1
9.15
1
-5.16
0
-11.003
0
-15.4
1
0.024
1
-9.378
1
13.993
1
3.608
1
-19.234
0
-11.646
1
-10.129
1
-21.515
1
-11.414
1
1.226
0
-6.676
1
5.608
1
6.77
0
13.623
1
-19.56
1
-28.455
-11.929
1
2.695
1
-4.364
0
5.421
0
13.218
0
-0.955
1
0.082
0
-0.789
0
0.621
0
2.627
0
-1.27
1
2.276
1
0.734
0
-16.102
0
-25.594
0
3.573
1
-5.506
0
-18.36
0
-4.778
0
3.934
0
9.042
0
-25.198
0
12.244
0
-4.622
1
-3.322
1
35.208
0
-0.443
1
-2.634
0
-2.271
0
-0.893
0
-11.929
-15.61
0
-1.694
1
-4.323
1
2.258
0
-4.432
1
-21.334
0
-7.167
1
-17.669
0
-12.108
0
0.887
1
3.211
0
13.577
0
-6.411
0
0.234
0
-22.495
0
-0.903
1
-8.498
0
-5.56
0
0.164
1
-3.705
0
-2.839
0
0.75
1
-11.233
1
-11.448
0
-10.462
0
7.058
1
-17.534
1
-20.687
0
-0.863
0
-8.635
1
-15.61
-26.138
1
-35.868
1
-13.693
0
-17.007
0
-4.182
0
-0.434
1
-9.737
1
-19.379
1
-18.149
1
13.595
1
-1.012
0
-0.238
0
3.023
1
2.573
0
-14.545
1
4.172
0
-13.946
0
0.328
1
-14.29
0
-14.412
0
4.877
1
-5.353
1
-20.318
1
-12.464
1
-12.23
1
-15.9
1
-6.878
0
-2.878
1
6.431
1
-6.406
0
-26.138
22.291
1
-3.768
1
-2.073
0
-43.879
1
-12.599
0
-30.408
0
3.2
1
-9.842
1
1.146
1
-22.28
0
-1.624
0
-11.546
0
-0.387
1
-5.078
1
-4.288
0
-5.116
0
-14.33
0
-0.397
1
-13.977
1
-0.136
1
-4.523
1
4.848
1
-10.192
0
-17.91
1
-2.21
0
-2.918
1
-6.199
1
-0.41
0
-4.73
1
-17.645
0
22.291
-21.372
1
-6.856
0
3.477
0
-10.36
0
-17.722
1
-17.391
1
-13.412
0
-33.748
1
-4.966
0
2.99
1
-6.854
0
1.465
1
-2.72
1
-13.939
1
-16.682
0
-0.027
0
-14.257
0
5.634
0
-12.356
0
9.35
0
-5.848
0
41.177
0
0.183
1
-17.579
0
-7.715
0
-7.84
0
-5.838
0
-0.958
1
-17.589
0
9.066
0
-21.372


-0.242
1
-20.723
0
17.005
1
-1.048
1
-11.728
0
8.115
0
-4.666
0
-1.009
0
-16.345
0
0.265
0
-21.593
1
-8.287
0
0.305
1
8.344
0
4.497
0
-3.88
0
0.709
1
-4.241
1
-28.145
0
5.221
1
19.86
0
-2.086
1
-18.605
1
-22.071
1
-1.45
1
-10.902
0
-4.835
1
-10.129
0
-2.531
0
-2.989
1
-0.242
-18.629
0
-10.557
1
6.445
1
2.322
0
-30.143
0
1.744
1
-5.785
0
-0.394
0
-0.216
1
3.713
0
-10.698
1
-19.951
0
-0.443
0
-11.91
1
-4.977
0
0.307
1
-3.527
0
-2.769
0
-22.146
0
-10.156
0
-11.584
1
-8.233
1
-3.219
1
-30.452
1
-8.899
1
3.701
0
-5.466
1
-6.359
0
10.739
0
-20.047
1
-18.629
-30.397
1
-3.277
0
-4.379
0
-4.78
0
2.711
1
-24.451
0
-23.326
0
4.007
0
-0.278
0
-0.342
0
-29.336
1
-0.537
1
-24.444
1
9.133
1
-45.205
0
2.271
0
-9.083
1
-2.296
0
2.8
0
-18.416
1
-4.969
0
-18.928
1
-12.45
1
-4.147
1
-3.197
0
1.575
0
-13.5
1
-15.195
1
-14.018
1
-2.236
0
-30.397
-36.166
1
-12.525
1
0.496
1
-38.88
0
0.19
0
1.707
1
-10.242
1
-4.233
0
-3.508
1
1.839
0
-7.04
0
4.154
1
4.805
1
-26.765
1
-20.385
1
-14.246
1
-2.108
1
-7.968
0
-17.54
1
14.507
1
-1.214
0
-0.381
0
-5.526
0
-1.097
0
-4.935
1
-30.784
1
4.1
0
-9.076
0
1.91
0
-4.346
0
-36.166
-24.425
1
-9.339
1
-3.307
0
12.787
0
8.456
1
-7.094
0
-2.836
1
-27.286
1
7.111
0
-6.463
0
-10.353
1
2.186
1
-14.746
0
1.248
1
1.422
0
-17.849
0
-8.595
1
5.49
0
-6.114
0
-7.555
1
0.997
1
-4.718
1
-12.221
1
4.195
1
-5.378
1
-13.685
1
-3.088
1
-18.888
0
-15.176
1
-5.347
0
-24.425
4.318
0
-0.156
0
-10.437
1
1.833
0
-11.482
1
-1.632
0
-28.517
1
7.955
0
-0.507
0
-6.056
0
0.159
1
-1.696
0
-16.59
1
6.917
0
-11.975
0
5.095
0
7.668
0
-5.814
1
3.001
0
1.678
0
-11.264
0
-24.804
0
-1.308
0
-3.338
0
8.849
1
-14.919
0
4.659
0
0.173
0
4.634
0
2.278
0
4.318


-8.109
0
3.56
1
-15.863
0
-1.826
1
14.331
1
-23.921
1
7.26
1
-4.023
1
-12.01
1
-8.076
1
-2.184
1
8.998
1
13.846
0
-0.758
1
-16.588
0
-11.712
0
-3.537
1
1.598
1
0.345
0
-0.349
1
-35.81
0
-2.034
1
8.457
0
-20.16
1
-2.879
1
-9.316
1
-8.735
0
16.918
0
-0.244
0
0.462
1
-8.109
20.466
1
-32.439
0
10.496
0
-5.143
1
-20.371
1
5.881
0
-19.042
1
1.657
0
-14.309
1
-7.312
0
5.857
0
0.625
0
0.678
1
-32.695
1
-30.198
0
-5.537
1
2.771
0
-12.829
1
-15.292
0
-7.509
1
-0.873
1
0.189
1
3.168
1
-7.021
1
-9.397
0
-0.901
1
2.094
0
2.844
0
-3.766
0
-6.693
0
20.466
3.099
0
-3.271
1
-1.203
0
-0.124
1
-6.84
0
6.045
1
2.134
0
0.345
1
-0.689
1
-1.337
0
-0.625
0
8.748
1
-8.433
0
-36.541
0
0.24
1
-5.452
1
-1.974
1
-10.33
0
5.028
1
5.906
0
-5.701
1
-9.989
1
23.343
0
4.731
0
-13.161
0
-1.797
1
-15.385
0
-11.121
1
-6.201
1
-23.108
0
3.099
-2.768
0
-0.457
0
0.316
0
-0.125
1
-6.797
0
-0.627
0
1.101
1
-0.738
0
0.141
0
0.527
0
-0.307
0
-3.379
1
-0.256
0
-0.794
0
-0.678
0
0.985
1
-2.419
0
0.887
0
-0.543
0
-0.657
0
0.286
0
0.955
0
0.957
0
0.411
1
4.638
1
4.069
1
-2.351
0
1.959
1
13.784
1
-9.808
0
-2.768
10.557
0
-31.244
1
-1.335
1
9.344
1
-2.225
0
-5.241
1
4.765
0
-22.735
1
-50.53
1
-4.975
0
-1.363
1
-4.669
0
3.104
0
-26.41
1
-18.316
1
7.589
0
0.571
0
-1.557
1
-3.033
0
0.71
1
-0.478
1
0.294
0
-14.716
1
0.985
1
-8.14
1
-12.553
0
-13.579
1
-11.963
1
20.063
1
-11.216
0
10.557
-16.165
1
-18.73
1
14.796
1
4.898
1
-0.521
1
-6.028
0
1.756
0
0.706
1
0.001
1
-14.23
0
-2.235
0
-24.248
0
-8.459
0
-0.563
1
3.367
0
0.327
1
-3.295
1
4.835
0
-14.589
0
-1.387
0
-7.1
1
-22.285
1
-13.207
0
9.011
0
0.194
1
5.87
1
4.418
1
-0.863
1
4.102
0
7.367
0
-16.165


1.726
0
0.183
0
0.873
0
0.225
0
-0.703
1
0.457
1
8.039
0
0.798
0
0.368
0
-0.297
0
0.091
1
-7.733
0
-0.981
0
-0.547
0
-0.487
0
-0.884
0
0.347
1
-0.021
0
-2.169
1
0.152
0
0.403
1
-3.915
1
3.086
0
-0.82
1
-4.801
0
-0.304
1
0.312
1
6.203
0
-0.261
1
2.522
1
1.726
