

0
0
0.352
0
-0.735
0
-0.316
0
0.523
0
-0.315
0
-0.522
0
-0.154
0
0.352
0
0.02
0
0.256
0
-0.809
0
0.706
0
-0.766
0
0.237
0
0.411
0
-0.109
0
0.871
0
-0.523
0
-0.469
0
0.441
0
0.37
0
0.605
0
0.2
0
-0.991
0
0.875
0
0.348
0
-0.609
0
-0.076
0
-0.727
0
0
0
0
-0.295
0
-0.795
0
0.771
0
0.021
0
0.22
0
0.927
0
0.13
0
-0.303
0
-0.082
0
-0.304
0
-0.93
0
-0.571
0
-0.244
0
0.704
0
-0.739
0
-0.71
0
-0.124
0
0.0880001
0
-0.669
0
0.665
0
-0.539
0
-0.422
0
-0.45
0
-0.474
0
-0.442
0
-0.32
0
0.911
0
0.367
0
0.522
0
0
0
0
-0.044
0
-0.157
0
-0.467
0
-0.337
0
0.314
0
-0.123
0
0.672
0
0.282
0
0.187
0
0.316
0
0.776
0
-0.201
0
0.161
0
0.16
0
0.239
0
0.491
0
-0.573
0
-0.616
0
-0.688
0
-0.081
0
-0.658
0
-0.307
0
-0.37
0
-0.546
0
-0.329
0
-0.655
0
0.005
0
0.289
0
-0.16
0
0
0
0
-0.839
0
0.825
0
0.244
0
0.51
0
-0.467
0
0.281
0
-0.098
0
0.192
0
0.612
0
-0.531
0
-0.412
0
-0.203
0
-0.203
0
-0.943
0
-0.905
0
0.647
0
-0.307
0
0.637
0
0.0880001
0
-0.139
0
-0.991
0
0.913
0
-0.566
0
-0.171
0
0.9
0
0.452
0
0.488
0
0.611
0
-0.372
0
0
0
0
0.237
0
0.64
0
0.883
0
-0.492
0
0.066
0
0.324
0
-0.789
0
0.48
0
0.056
0
-0.695
0
-0.817
0
0.702
0
0.509
0
-0.466
0
-0.035
0
-0.792
0
0.8
0
0.14
0
0.833
0
0.283
0
0.737
0
0.72
0
-0.789
0
-0.941
0
0.31
0
0.906
0
0.868
0
-0.427
0
-0.528
0
0
0
0
-0.125
0
0.142
0
0.00800002
0
-0.981
0
-0.068
0
-0.656
0
-0.898
0
-0.665
0
-0.126
0
-0.802
0
-0.719
0
0.76
0
-0.912
0
0.345
0
0.299
0
-0.626
0
0.764
0
0.706
0
-0.929
0
-0.586
0
-0.807
0
-0.309
0
-0.17
0
0.867
0
-0.048
0
0.507
0
0.294
0
-0.752
0
-0.656
0
0
0
0
-0.107
0
-0.765
0
0.059
0
0.793
0
-0.856
0
-0.797
0
0.399
0
0.817
0
-0.939
0
0.893
0
-0.149
0
0.963
0
0.657
0
-0.428
0
0.258
0
0.036
0
0.412
0
0.265
0
0.902
0
-0.464
0
0.0369999
0
-0.261
0
0.619
0
-0.071
0
-0.542
0
-0.423
0
0.987
0
0.321
0
-0.592
0
0
0
0
0.73
0
0.584
0
0.705
0
-0.29
0
0.491
0
0.195
0
-0.063
0
-0.727
0
0.774
0
0.367
0
-0.345
0
0.151
0
-0.024
0
0.354
0
-0.558
0
-0.658
0
-0.191
0
-0.386
0
0.602
0
-0.478
0
-0.523
0
0.15
0
-0.233
0
0.472
0
0.034
0
0.736
0
0.711
0
0.382
0
0.515
0
0
0
0
0.825
0
0.372
0
0.275
0
-0.859
0
-0.354
0
-0.666
0
0.131
0
-0.785
0
-0.011
0
-0.603
0
-0.294
0
0.826
0
-0.005
0
-0.247
0
0.818
0
0.608
0
0.215
0
0.266
0
-0.611
0
0.9
0
-0.16
0
0.183
0
0.224
0
0.056
0
0.812
0
0.745
0
-0.444
0
0.673
0
-0.308
0
0
0
0
-0.961
0
-0.282
0
-0.579
0
-0.769
0
-0.521
0
0.787
0
0.594
0
-0.063
0
0.275
0
-0.981
0
0.694
0
-0.591
0
0.382
0
-0.355
0
0.924
0
-0.423
0
-0.248
0
0.404
0
0.71
0
0.32
0
0.369
0
0.886
0
-0.626
0
-0.245
0
0.307
0
0.254
0
-0.219
0
0.951
0
0.096
0
0


0.935
0
-0.671
0
5.585
0
0.211
1
-0.078
0
-0.449
0
0.425
1
5.265
0
-0.548
1
-2.619
0
0.677
0
0.579
0
-0.619
0
0.157
0
0.109
0
0.805
1
-3.551
1
2.397
1
-11.35
0
0.276
0
-4.256
0
0.538
0
-0.508
1
-2.649
0
0.67
0
0.539
1
0.738
1
0.524
0
-0.532
1
2.142
1
0.935
-1.158
1
-7.522
1
-0.237
0
-6.89
0
-0.795
0
-0.08
0
-0.584
1
1.386
0
0.341
1
-0.738
0
0.665
1
-9.682
0
0.942
0
0.969
0
0.707
0
-7.17
0
0.65
0
0.239
1
1.491
0
-0.499
0
0.584
1
-4.358
0
-0.174
0
0.869
0
-0.284
0
-0.528
0
0.704
0
-0.584
1
-2.157
0
-0.055
0
-1.158
-14.938
0
-0.859
0
0.786
1
-10.395
0
-0.264
1
3.427
1
2.331
1
-0.975
1
3.702
0
0.209
0
-0.134
0
-0.328
0
0
1
0.096
1
4.308
0
-4.542
0
0.036
0
8.107
0
-0.69
0
0.708
0
0.899
1
3.19
0
0.335
0
-0.322
0
0.443
1
0.0420001
0
-1.831
0
-0.566
0
-0.55
0
-0.654
0
-14.938
-1.358
1
-3.974
0
-2.359
0
-0.336
0
0.652
0
0.865
1
-5.962
0
-0.22
1
-0.046
0
1.161
1
-1.853
1
-0.496
0
-0.112
0
0.682
0
0.689
1
5.484
1
-2.794
0
-0.521
1
5.125
0
-0.94
0
-0.387
0
-0.712
1
-16.684
0
-0.2
0
0.693
0
0.301
1
4.786
1
-3.017
0
0.433
0
-17.239
1
-1.358
-2.468
1
0.609
1
-4.724
0
0.209
1
0.614
0
0.894
1
5.577
0
0.7
0
0.09
1
0.594
0
-0.925
0
0.803
1
0.951
0
-1
0
-0.895
1
9.335
0
0.914
0
-0.096
0
0.069
0
-0.328
0
-0.951
0
0.841
1
-4.982
0
-0.629
1
-2.741
0
0.129
1
-3.503
0
-0.451
0
-0.789
0
0.141
1
-2.468
1.374
0
-0.303
1
-9.458
0
-0.04
1
-0.037
1
-0.527
0
3.927
1
-1.784
1
-7.175
1
-4.966
0
-0.63
0
0.163
1
-15.863
0
-0.956
1
3.057
0
0.19
0
-7.799
1
1.509
0
2.732
0
0.149
0
0.27
1
-2.396
0
-0.289
0
-0.014
0
0.373
1
4.563
0
-6.266
0
-0.65
1
2.666
0
-0.879
0
1.374


2.713
0
-0.208
1
-7.707
1
-12.288
0
-0.911
1
1.054
1
-4.949
0
-0.323
0
0.672
0
-0.512
0
0.246
1
-2.56
0
0.883
1
8.849
0
0.497
1
7.915
0
-0.424
0
-0.942
0
-0.395
0
-0.371
1
-2.94
0
0.00399995
1
-2.751
1
-5.613
0
-0.826
1
-1.417
0
0.604
0
2.484
1
-2.745
0
-0.279
0
2.713
-6.644
1
-8.991
1
-8.733
0
-0.808
0
0.779
0
0.536
0
0.159
0
-0.797
1
8.159
0
-0.505
0
-0.774
1
4.024
0
0.994
1
1.573
0
0.314
0
-0.356
0
-0.362
0
-1
0
-0.928
0
-0.115
0
-0.698
1
-1.761
0
0.354
1
0.325
0
-0.819
0
-4.315
1
-2.206
0
0.789
0
0.329
0
0.291
0
-6.644
-9.356
0
0.653
0
-1.18
0
0.288
1
-4.089
0
0.82
1
0.328
0
0.364
1
-0.044
0
0.968
0
0.209
0
0.522
0
0.451
0
-0.158
1
8.029
1
-5.213
1
5.571
1
-10.001
0
-0.618
0
-8.901
0
0.72
1
-1.486
1
-5.667
1
1.154
0
-0.701
1
-4.631
0
-0.0750001
1
-3.212
0
0.914
0
0.42
1
-9.356
3.667
1
-6.478
1
-1.149
0
4.997
1
-1.802
0
-1.967
0
-0.157
0
-0.286
1
0.597
0
-0.928
1
-1.677
0
-1.511
0
-0.122
1
0.816
0
-0.098
1
-2.114
1
-4.895
1
4.755
0
-0.634
1
-0.694
0
-7.335
0
-0.348
0
0.309
0
-0.784
0
0.00699997
1
6.869
1
2.933
0
0.255
0
0.486
0
0.348
0
3.667
-4.128
1
-14.715
1
-2.174
0
-0.232
0
0.211
1
-2.516
0
0.164
0
-0.88
1
-6.021
0
-0.852
0
0.274
0
0.51
1
-8.656
0
-0.504
0
-0.545
1
-11.05
0
0.539
0
-0.75
1
1.427
0
0.811
1
2.275
1
-0.712
0
-0.557
0
-0.58
0
0.421
0
-0.242
0
2.744
0
-0.869
0
0.689
1
4.135
0
-4.128
-1.177
0
0.459
0
-0.659
0
0.279
0
-1.264
0
0.833
1
-1.298
1
-2.03
1
-0.98
0
0.39
0
-0.514
1
3.703
1
-5.942
0
0.086
0
-0.264
0
-0.986
0
-0.529
1
1.786
0
0.566
1
-1.539
0
0.49
0
0.175
0
-0.668
0
-0.7
0
0.14
0
0.909
1
-0.211
1
1.447
1
6.328
0
0.323
1
-1.177


-1.879
0
-0.454
0
-0.686
1
-0.741
0
0.603
1
-3.298
0
-0.295
0
-1.777
1
1.985
0
-0.414
0
-3.938
1
-9.431
0
-0.791
0
-5.711
1
-2.136
0
-0.58
0
0.7
1
1.029
0
0.958
0
-0.983
1
-1.906
0
-0.951
1
-4.598
0
-0.361
1
2.673
0
0.926
0
0.895
0
-0.163
0
0.446
1
1.761
0
-1.879
1.495
0
-0.192
1
-7.408
1
2.11
0
-4.983
0
-0.599
1
-4.003
1
-8.185
1
-6.257
1
-1.988
0
0.616
1
-2.603
1
-12.766
1
-0.791
0
0.11
0
0.659
0
0.766
1
0.139
0
-0.331
0
3.849
0
0.146
1
-0.776
0
-0.432
1
-3.723
0
-0.63
1
-0.948
0
0.282
1
-6.104
0
0.181
0
-0.494
0
1.495
0.704
0
0.205
0
-0.902
0
2.055
0
-0.444
0
-0.812
0
0.791
0
-0.856
0
-0.682
0
0.733
0
-0.285
0
-4.995
1
-2.935
0
-0.673
1
-4.838
0
-0.293
0
0.842
0
0.454
0
0.938
1
-1.897
0
0.0599999
0
0.97
0
-3.099
0
0.937
1
-5.634
0
-0.316
0
-0.558
0
0.904
0
-0.7
1
-3.538
0
0.704
0.003
1
3.054
0
-0.262
0
0.471
0
0.627
1
5.287
0
-0.394
0
0.959
0
-0.00400001
0
0.026
1
-2.105
0
-0.154
0
-0.006
0
-0.866
1
-6.996
0
-1.724
1
0.619
1
-2.503
1
-2.049
0
-0.688
0
-0.00599998
0
-0.759
1
2.319
0
0.967
1
-5.487
0
-0.656
1
5.032
0
-0.181
0
0.303
0
0.886
0
0.003
-3.547
1
4.252
0
-0.474
1
4.506
0
-0.943
0
-0.28
0
-0.454
0
0.082
0
-0.313
1
-0.435
0
0.921
0
0.882
0
0.319
0
-0.707
1
3.763
0
1.301
0
-0.373
0
-0.765
0
0.9
1
-0.989
0
-0.697
0
-0.28
0
0.871
1
-0.771
1
-3.689
1
-6.11
1
-2.481
0
0.589
1
-4.814
1
8.578
0
-3.547
-3.15
1
1.484
1
0.178
1
-4.302
0
-0.192
0
0.431
0
-2.786
0
-0.441
1
-0.267
0
-0.407
0
-0.574
0
-0.84
0
-0.063
1
2.847
0
-0.998
0
-0.159
0
2.794
1
7.042
0
-0.627
0
-0.58
1
-8.381
0
-0.522
1
-5.065
0
-0.482
0
-0.426
1
-9.883
0
0.071
0
0.473
0
-0.931
1
0.837
1
-3.15


0
0
-0.556
0
0.926
0
-0.084
0
0.51
0
0.356
0
0.736
0
0.117
1
-0.863
0
0.852
0
0.52
0
0.515
0
0.864
0
-0.326
0
0.841
0
-0.265
0
0.857
0
-0.048
0
0.642
0
0.189
0
0.798
0
0.4
0
-0.473
0
0.83
0
0.738
0
-0.735
0
-0.846
0
-0.442
1
-2.837
0
-0.176
0
0


0
0
0.637
0
-0.938
0
0.786
0
0.966
0
-0.763
0
-0.199
0
0.95
0
0.894
0
-0.647
0
-0.687
0
-0.189
0
-0.962
0
0.63
0
-0.681
0
-0.295
0
-0.508
0
0.925
0
0.041
0
0.974
0
0.445
0
0.406
0
0.542
0
-0.349
0
0.073
0
-0.186
0
0.116
0
-0.473
0
-0.423
0
0.196
0
0
0
0
0.412
0
0.424
0
-0.086
0
-0.252
0
0.763
0
0.133
0
0.485
0
-0.57
0
0.657
0
0.057
0
-0.491
0
0.369
0
-0.321
0
-0.285
0
0.286
0
0.871
0
0.207
0
-0.332
0
-0.184
0
0.719
0
0.00699997
0
-0.791
0
-0.238
0
-0.852
0
-0.928
0
0.248
0
0.805
0
0.8
0
0.264
0
0
0
0
0.973
0
0.325
0
0.998
0
-0.234
0
-0.372
0
0.651
0
-0.106
0
0.099
0
-0.51
0
-0.193
0
0.679
0
-0.443
0
-0.192
0
0.381
0
0.489
0
-0.519
0
-0.23
0
0.471
0
0.739
0
0.755
0
0.522
0
-0.353
0
-0.224
0
-0.773
0
-0.091
0
-0.648
0
-0.214
0
0.261
0
0.766
0
0
0
0
-0.747
0
0.858
0
0.559
0
0.447
0
-0.686
0
-0.7
0
-0.402
0
0.574
0
0.97
0
0.338
0
-0.782
0
-0.44
0
-0.618
0
-0.696
0
0.432
0
0.209
0
0.56
0
0.859
0
0.342
0
-0.608
0
-0.094
0
-0.408
0
-0.529
0
-0.477
0
-0.655
0
0.134
0
0.807
0
0.325
0
-0.55
0
0
0
0
0.0190001
0
0.188
0
-0.71
0
0.58
0
0.267
0
0.262
0
0.771
0
-0.693
0
-0.283
0
0.354
0
0.862
0
0.576
0
-0.314
0
0.69
0
-0.063
0
-0.609
0
-0.845
0
0.874
0
0.579
0
0.994
0
0.596
0
-0.066
0
-0.798
0
0.781
0
-0.343
0
-0.547
0
-0.296
0
0.758
0
0.705
0
0
0
0
-0.567
0
0.296
0
0.634
0
-0.221
0
0.506
0
-0.944
0
-0.837
0
0.113
0
-0.244
0
0.66
0
-0.797
0
-0.065
0
0.53
0
-0.551
0
0.496
0
-0.685
0
0.788
0
0.63
0
-0.833
0
-0.952
0
-0.044
0
-0.346
0
-0.258
0
-0.546
0
-0.846
0
-0.357
0
0.582
0
0.945
0
-0.659
0
0
0
0
0.408
0
-0.406
0
0.195
0
-0.664
0
-0.178
0
0.0420001
0
-0.103
0
0.344
0
0.998
0
-0.649
0
-0.237
0
-0.602
0
-0.357
0
-0.993
0
-0.119
0
-0.103
0
-0.586
0
-0.811
0
0.963
0
0.647
0
-0.396
0
-0.892
0
0.815
0
-0.15
0
0.358
0
-0.331
0
-0.032
0
-0.54
0
0.938
0
0
0
0
0.977
0
-0.646
0
-0.563
0
-0.981
0
-0.035
0
0.132
0
0.78
0
0.668
0
0.982
0
-0.07
0
0.309
0
-0.359
0
0.21
0
0.987
0
0.129
0
-0.58
0
0.996
0
0.274
0
-0.405
0
0.273
0
-0.549
0
0.333
0
-0.246
0
0.198
0
0.555
0
0.913
0
-0.624
0
0.145
0
0.976
0
0
0
0
0.439
0
-0.016
0
0.49
0
-0.055
0
0.169
0
0.353
0
-0.9
0
-0.569
0
0.497
0
-0.277
0
-0.522
0
0.046
0
0.703
0
-0.625
0
0.488
0
0.062
0
-0.083
0
-0.023
0
0.303
0
0.046
0
0.169
0
-0.127
0
0.237
0
0.013
0
-0.668
0
0.696
0
-0.746
0
0.825
0
0.71
0
0
0
0
0.256
0
0.00399995
0
0.958
0
-0.593
0
-0.859
0
0.997
0
-0.739
0
-0.131
0
-0.939
0
0.082
0
-0.862
0
0.576
0
-0.518
0
0.38
0
-0.906
0
0.344
0
0.4
0
0.322
0
0.336
0
-0.794
0
-0.218
0
0.818
0
-0.86
0
-0.47
0
-0.873
0
-0.848
0
-0.807
0
-0.881
0
-0.695
0
0


4.698
0
0.147
0
-0.576
0
0.54
0
-0.03
0
-2.156
0
-5.887
0
-0.32
1
-5.801
0
0.154
0
-0.673
0
-0.891
0
0.178
0
0.383
0
-0.974
1
-1.287
0
0.893
1
-7.745
0
-0.763
0
0.877
0
0.618
0
0.662
0
0.285
0
0.66
0
-0.438
0
-0.886
0
0.304
0
-0.917
1
-8.702
1
-1.918
1
4.698
-2.13
1
-2.236
0
-0.044
0
-0.239
0
0.718
0
0.209
1
0.106
1
-5.167
1
-1.665
0
0.697
0
-0.933
0
-0.689
0
-0.744
0
-0.111
0
0.534
1
2.003
0
-0.402
0
0.208
0
0.146
0
-0.478
1
-2.156
0
-0.548
1
5.224
1
0.226
0
-0.198
0
-0.424
0
-0.322
0
-0.472
1
4.994
1
-5.958
0
-2.13
1.452
0
-0.237
1
-8.793
0
-0.47
0
0.867
1
-1.372
1
-0.148
0
0.946
1
-3.135
0
0.27
1
-1.075
1
7.471
0
8.41
0
-0.931
0
0.524
1
-5.554
0
-0.592
0
-0.107
0
-0.723
0
-0.866
0
-0.414
0
0.41
0
0.388
0
0.965
0
0.233
0
0.693
0
-0.584
0
-1.525
0
-0.066
0
0.71
0
1.452
-4.391
0
-0.015
0
-0.354
1
-14.56
0
0.094
0
-0.019
1
-2.289
0
-0.854
0
0.83
0
-0.326
1
-12.384
1
0.112
1
-2.163
0
0.149
0
-0.021
1
-5.614
0
-0.531
1
0.521
0
-0.633
0
-0.792
1
-6.129
0
0.943
0
2.357
0
0.648
0
-0.32
1
12.61
1
6.142
1
0.369
0
0.017
0
-0.95
1
-4.391
-1.52
0
0.52
1
-1.069
0
0.648
1
-2.757
1
-6.413
0
0.599
0
-0.158
0
-0.941
1
-0.781
1
-2.32
1
-0.108
0
-0.856
1
-1.059
0
0.059
1
-2.242
0
0.768
0
0.141
0
0.394
0
-0.34
1
0.398
0
-0.814
0
-0.912
0
0.535
1
0.096
0
-0.147
1
3.145
0
0.425
0
0.444
0
-0.785
0
-1.52
1.231
0
1.838
1
0.262
1
0.175
0
0.00899994
0
-9.104
1
-0.672
0
0.44
1
-2.008
0
-0.188
0
-8.252
0
-0.754
0
0.386
0
-0.03
0
0.763
0
0.771
0
-0.49
0
-0.23
0
0.245
0
-0.627
0
0.283
1
-5.99
1
-0.228
0
0.429
0
0.882
1
3.979
0
-2.165
1
0.294
0
0.69
0
0.976
0
1.231


1.763
0
0.427
0
-0.993
0
-0.821
0
0.066
1
4.358
0
-0.31
0
-0.279
0
0.906
0
-0.949
0
-0.233
0
-0.053
0
-0.373
0
0.084
0
0.442
0
-0.735
1
0.377
0
-0.478
0
0.943
1
2.574
1
-3.057
0
2.305
0
0.102
0
-3.292
1
-5.409
0
0.402
0
-0.178
0
-1.336
0
-0.482
1
-6.702
1
1.763
-2.604
0
0.338
1
-8.136
1
0.236
0
0.718
0
0.324
0
-0.944
0
-0.57
1
0.378
0
-6.854
1
0.528
1
0.649
0
0.145
1
-5.844
1
-2.8
0
0.664
0
0.566
0
-0.679
1
4.316
0
0.118
0
-0.578
0
-0.662
0
-0.486
0
0.288
0
0.925
0
-1.639
0
0.925
0
-0.667
0
-0.701
1
-4.368
0
-2.604
-2.833
0
0.477
1
-0.949
1
1.683
0
-0.649
1
-0.802
0
0.4
0
0.437
1
-2.617
0
0.067
0
0.926
1
-10.624
1
-2.036
1
7.429
1
3.993
0
0.892
0
-0.237
0
0.243
1
3.013
1
-1.268
1
-1.228
1
6.306
1
-1.314
0
-0.87
0
-0.112
0
0.713
0
0.7
0
-0.755
0
0.031
0
-0.727
1
-2.833
10.63
0
0.0549999
0
-0.119
0
0.825
0
0.388
0
-0.387
0
0.659
0
0.351
0
-0.43
0
0.45
0
0.475
0
0.129
1
1.847
0
0.193
1
0.8
0
5.832
0
0.882
0
-0.876
1
3.177
0
0.792
0
-0.815
0
-0.068
0
11.996
1
4.339
0
0.805
0
0.139
1
-1.385
0
-0.327
0
-0.568
0
-0.25
0
10.63
-1.725
0
0.28
0
-0.495
1
-0.409
0
-0.831
0
-0.195
1
-1.135
1
-8.918
0
-0.63
0
0.445
0
-3.269
0
0.028
1
-0.012
0
0.332
0
-0.651
1
8.892
1
-2.649
0
-0.616
1
-6.971
0
-0.334
0
-0.094
0
0.644
1
-3.365
0
-0.925
0
-0.734
0
-6.758
0
0.841
0
7.809
1
3.016
0
0.215
0
-1.725
4.307
1
-7.956
1
3.541
0
0.845
1
-2.114
1
-18.986
0
0.781
0
-0.139
0
-0.568
0
-0.825
0
-0.513
0
-0.74
0
-0.694
0
0.397
1
0.887
0
0.642
0
-0.456
1
0.128
1
2.771
0
0.358
0
-0.795
1
-6.454
0
-0.847
1
5.022
0
1.16
1
-3.801
0
-0.869
0
0.353
0
0.197
0
-0.568
0
4.307


-1.873
0
3.927
0
-0.836
0
-0.104
0
-0.749
0
-0.101
0
0.58
0
-0.423
0
0.167
1
0.451
0
-0.144
1
4.287
0
-0.421
1
3.533
0
-0.361
1
0.718
0
0.576
0
-0.954
0
0.997
0
-0.074
1
1.851
0
-0.833
0
0.453
0
-0.08
0
-0.567
0
-0.601
1
-7.088
0
-0.826
0
-0.096
0
-0.794
0
-1.873
-2.299
0
0.599
0
0.091
1
3.352
1
-2.382
1
-6.861
1
-7.802
1
0.276
0
0.348
0
0.951
0
-0.497
0
0.332
0
0.359
0
-0.795
0
-0.194
1
5.965
0
-0.977
0
0.294
0
-0.534
0
0.629
0
-0.497
0
0.527
1
8.416
0
0.99
1
-3.636
0
0.935
1
2.236
0
0.185
1
0.278
1
-3.007
0
-2.299
-0.965
0
0.682
0
-0.367
1
4.189
1
-1.091
0
0.603
1
-9.024
0
0.723
0
-0.32
0
0.365
1
-0.0889999
0
-0.415
0
-0.878
0
-0.979
1
-13.717
0
-0.268
0
0.988
0
0.09
0
0.813
0
0.412
1
1.254
0
-0.264
0
0.244
0
-0.471
0
3.381
0
0.659
1
-0.037
0
-0.513
0
-0.396
0
0.02
1
-0.965
8.063
0
0.488
0
-0.775
0
-0.497
1
-2.377
0
0.25
0
0.159
1
-4.168
0
-0.726
1
0.08
1
3.261
1
6.576
0
-0.28
0
0.044
0
1.746
0
-0.757
0
-0.441
0
0.262
0
-0.434
0
-0.676
0
-2.841
1
-1.678
0
2.244
1
-2.588
1
-2.457
0
0.086
0
0.647
0
0.956
0
0.945
0
-0.089
1
8.063
-9.392
1
1.517
1
-8.867
0
-0.27
1
9.333
0
0.44
0
-0.813
0
-0.479
1
-3.062
0
-0.571
0
-0.829
1
-2.34
0
-0.433
0
-0.246
0
-0.719
0
-0.538
0
0.568
0
0.576
0
-0.335
0
-3.544
1
1.569
1
-3.261
0
-0.874
1
-0.764
1
-7.373
1
6.169
0
-0.956
0
7.668
1
-1.738
0
-0.924
1
-9.392
-0.93
0
-0.424
0
-0.361
1
-6.196
1
-4.282
0
0.745
1
-5.659
1
-1.504
1
1.007
1
6.578
0
0.955
0
6.415
0
0.657
0
0.09
1
1.222
0
0.617
1
-0.743
0
0.72
1
1.954
0
-0.332
0
0.571
0
-0.476
0
0.041
0
-0.341
0
-0.183
0
-0.221
0
-2.311
0
0.677
0
-0.00300002
0
-0.661
0
-0.93


-2.455
0
-0.266
0
0.806
0
0.443
1
0.265
0
0.225
0
-0.678
0
0.95
1
-0.856
0
-0.735
0
-0.148
0
0.292
0
-0.272
0
0.225
0
-0.959
0
0.361
0
0.654
0
-0.027
1
0.128
0
-0.7
0
0.114
0
-0.179
0
-0.918
0
-0.123
0
0.937
0
0.414
0
0.99
0
-0.765
0
-0.489
0
-0.461
0
-2.455


0
0
0.4
0
0.706
0
0.333
0
0.583
0
0.538
0
0.202
0
0.052
0
0.372
0
0.0700001
0
0.588
0
-0.47
0
0.687
0
-0.163
0
-0.672
0
-0.137
0
-0.929
0
-0.74
0
-0.966
0
0.988
0
0.319
0
-0.723
0
0.659
0
-0.57
0
0.025
0
0.293
0
-0.476
0
0.147
0
0.149
0
-0.449
0
0
0
0
0.46
0
-0.487
0
-0.112
0
-0.749
0
0.226
0
0.765
0
-0.687
0
0.631
0
-0.204
0
0.244
0
0.334
0
-0.875
0
-0.274
0
-0.00999999
0
0.247
0
-0.279
0
0.928
0
-0.604
0
-0.819
0
0.438
0
-0.222
0
0.601
0
-0.081
0
0.154
0
-0.155
0
-0.146
0
-0.157
0
0.437
0
0.012
0
0
0
0
0.092
0
-0.741
0
0.0420001
0
0.905
0
-0.359
0
-0.721
0
-0.099
0
-0.636
0
0.165
0
-0.818
0
0.194
0
0.844
0
-0.775
0
-0.224
0
-0.779
0
-0.083
0
-0.463
0
-0.018
0
0.423
0
-0.626
0
0.211
0
0.57
0
0.086
0
-0.229
0
0.206
0
-0.081
0
0.876
0
0.659
0
-0.027
0
0
0
0
0.527
0
0.334
0
-0.07
0
-0.471
0
-0.523
0
0.695
0
-0.412
0
0.289
0
-0.484
0
0.905
0
-0.022
0
-0.694
0
-0.768
0
0.991
0
0.317
0
0.658
0
0.68
0
0.00800002
0
-0.896
0
0.685
0
0.00600004
0
0.091
0
0.927
0
-0.165
0
-0.833
0
-0.309
0
-0.496
0
0.392
0
0.764
0
0
0
0
0.978
0
-0.688
0
-0.797
0
-0.767
0
0.656
0
-0.405
0
-0.908
0
-0.533
0
0.721
0
-0.722
0
0.505
0
0.177
0
-0.973
0
-0.192
0
-0.626
0
-0.083
0
0.645
0
0.465
0
0.469
0
0.943
0
-0.337
0
0.205
0
0.727
0
-0.295
0
0.864
0
-0.285
0
-0.952
0
0.863
0
0.264
0
0
0
0
0.0930001
0
0.295
0
0.771
0
-0.797
0
0.00899994
0
0.63
0
0.756
0
0.377
0
-0.613
0
0.741
0
-0.715
0
-0.739
0
-0.918
0
-0.364
0
-0.842
0
0.815
0
-0.087
0
0.438
0
-0.144
0
-0.335
0
0.993
0
0.595
0
-0.469
0
0.719
0
0.993
0
0.941
0
0.302
0
0.43
0
-0.428
0
0
0
0
-0.873
0
-0.494
0
-0.673
0
-0.336
0
-0.683
0
-0.663
0
0.259
0
0.424
0
0.509
0
-0.019
0
0.805
0
-0.248
0
-0.658
0
-0.691
0
-0.985
0
0.6
0
0.314
0
-0.968
0
0.813
0
-0.212
0
0.98
0
0.992
0
0.626
0
-0.649
0
0.458
0
-0.498
0
-0.486
0
0.778
0
-0.908
0
0
0
0
-0.74
0
-0.627
0
0.622
0
-0.08
0
-0.898
0
0.866
0
-0.551
0
-0.514
0
-0.433
0
-0.455
0
0.344
0
0.121
0
-0.914
0
0.628
0
-0.749
0
-0.125
0
0.19
0
-0.874
0
0.163
0
0.227
0
-0.449
0
-0.795
0
-0.94
0
-0.571
0
-0.23
0
0.896
0
-0.823
0
-0.753
0
-0.963
0
0
0
0
-0.409
0
0.344
0
-0.535
0
-0.135
0
-0.093
0
0.551
0
0.577
0
-0.718
0
0.785
0
0.657
0
-0.204
0
0.5
0
0.345
0
-0.256
0
0.102
0
0.146
0
0.992
0
0.722
0
-0.469
0
0.656
0
0.35
0
0.319
0
-0.227
0
0.323
0
-0.19
0
0.092
0
-0.293
0
0.121
0
0.788
0
0
0
0
0.329
0
-0.917
0
0.309
0
-0.27
0
-0.485
0
0.033
0
0.897
0
-0.645
0
-0.614
0
0.227
0
0.133
0
0.599
0
-0.135
0
0.813
0
-0.394
0
-0.611
0
-0.523
0
0.278
0
-0.742
0
-0.397
0
0.025
0
-0.696
0
0.853
0
0.755
0
-0.313
0
0.643
0
0.661
0
0.352
0
0.598
0
0


-4.515
0
0.101
1
-4.748
0
-2.296
1
1.384
1
-10.924
0
-0.00199997
1
2.871
1
-0.566
0
-0.549
0
0.319
1
0.573
1
-1.824
1
6.868
0
0.788
0
-0.56
1
5.751
0
-0.691
1
2.198
0
-0.4
0
0.253
0
0.442
0
-0.458
0
-0.387
0
0.869
1
-0.392
0
0.827
0
-0.66
1
6.654
1
3.286
0
-4.515
-1.927
0
0.228
0
0.376
0
0.149
0
-0.489
0
-0.521
0
0.577
0
0.22
0
-0.386
1
-0.525
0
-0.038
0
-0.488
0
-0.985
1
-4.272
0
0.308
1
-1.034
1
2.426
0
0.338
1
-0.64
0
-3.599
0
-0.551
0
-0.61
0
0.897
1
-1.055
0
0.264
1
-5.871
1
-9.644
0
0.333
0
-0.00300002
0
-0.489
0
-1.927
1.812
0
-0.691
0
-0.487
0
-7
0
-0.57
0
-0.104
0
-0.592
0
0.369
1
-7.736
0
-0.995
1
-2.417
1
0.996
0
-0.261
0
0.913
0
-2.387
0
1.098
1
-8.489
0
-0.292
0
0.215
0
0.116
0
-0.81
0
-0.62
0
0.825
0
-0.564
0
0.623
0
0.655
0
0.202
0
0.232
0
0.317
1
0.52
1
1.812
0.268
0
-0.677
0
-0.897
0
-0.057
1
0.324
0
-0.703
0
-0.049
0
-0.874
0
0.411
0
0.773
0
0.268
0
0.579
0
-0.457
1
0.0190001
0
-1.975
0
0.759
0
-0.13
0
0.272
0
-0.888
1
-0.754
1
-4.393
1
0.178
0
-0.566
0
-0.14
0
1.205
0
0.886
0
0.472
1
-2.701
0
-0.909
1
-7.573
1
0.268
-1.364
0
0.8
0
-0.445
0
-0.185
0
0.388
0
0.35
0
0.427
0
-0.475
0
-0.111
1
0.177
1
1.834
0
0.787
0
-0.171
1
-3.27
0
-0.284
1
8.14
1
4.221
0
-0.997
1
-3.311
1
-8.774
1
-4.918
0
0.793
0
0.31
0
0.194
1
5.318
0
-0.446
1
-2.343
0
0.029
0
0.2
0
0.404
1
-1.364
-1.344
0
-0.00999999
0
-0.854
0
0.678
0
0.508
0
0.474
0
-0.976
0
-0.321
1
-2.985
0
0.248
1
-2.513
0
-0.72
0
0.872
0
-0.92
0
-0.229
1
-2.679
0
-0.479
1
-4.284
1
0.978
1
-4.704
1
-4.143
1
0.7
1
2.047
1
-11.497
0
0.324
1
1.332
0
-0.404
1
1.104
0
-0.363
1
7.94
0
-1.344


-8.701
0
0.588
0
-3.637
0
0.754
0
-0.675
0
-0.986
1
-2.015
1
-5.28
0
-0.685
1
-1.702
0
0.357
1
-5.536
0
-18.311
1
-2.633
1
3.08
0
0.868
0
-0.633
1
-0.324
0
0.562
0
-0.385
1
-6.727
0
0.66
1
1.625
0
0.958
0
0.376
0
-0.967
0
-0.068
0
-0.277
1
-4.803
0
-0.535
1
-8.701
0.653
0
-0.624
0
0.547
0
0.069
0
0.162
0
-0.081
0
-0.978
0
-0.467
0
-0.358
0
-0.529
1
0.495
0
-0.032
0
0.00699997
0
-0.767
0
-0.671
1
1.117
1
3.977
0
-0.152
0
-0.624
1
-1.789
0
-0.604
0
2.06
0
0.565
1
0.498
1
12.78
0
0.815
0
-0.696
0
2.734
0
-0.377
0
-0.895
0
0.653
0.538
0
-0.262
0
-0.59
0
-0.728
0
0.521
0
-0.896
0
1.353
0
-0.549
0
0.299
0
-0.636
0
-0.771
0
-0.356
1
4.892
1
11.455
0
-0.838
1
1.723
0
-3.978
1
-4.528
0
-0.845
1
0.049
1
0.953
0
0.413
1
-8.65
1
-8.683
0
-0.249
1
2.181
0
0.62
0
-0.263
0
-0.306
0
0.024
0
0.538
-0.061
0
0.3
0
-0.398
1
-0.986
0
0.316
1
-8.651
0
-0.411
0
0.39
0
0.613
1
0.239
0
0.356
0
0.00199997
1
-7.847
1
-3.527
1
-1.178
0
0.025
0
-0.233
0
-0.979
1
-2.738
1
6.616
0
-0.88
0
0.668
1
-1.955
0
0.492
1
0.819
0
0.36
1
-3.853
0
-0.171
0
1.698
1
0.00200001
0
-0.061
-6.815
1
9.944
0
0.256
0
0.12
0
0.696
0
0.88
1
-5.323
0
-3.66
1
-8.569
0
0.516
1
-6.65
0
-0.923
0
-0.615
0
-0.459
0
-0.644
0
-0.943
0
-0.331
1
5.236
1
-0.722
1
-10.393
0
-0.886
0
-0.771
1
-5.119
1
-0.842
0
-0.486
0
-0.767
0
-0.211
0
-0.026
1
-7.861
0
-0.397
1
-6.815
1.965
0
0.066
0
0.584
1
-2.309
0
-0.508
1
-3.294
0
-0.648
0
0.76
0
-0.637
1
-15.441
1
0.865
1
-0.613
1
-1.963
0
-0.089
1
1.747
0
-9.898
0
-0.511
0
-0.57
1
-10.433
0
-0.405
0
0.227
1
-3.176
0
-0.686
1
2.027
0
-1.174
0
0.263
0
-0.809
0
0.878
0
0.774
0
-0.948
0
1.965


-2.436
1
-2.482
0
-0.538
0
-0.772
1
-15.641
0
-0.498
0
0.12
0
-10.301
0
0.488
0
0.349
0
0.528
1
0.553
0
0.787
0
0.518
1
1.894
1
-4.197
0
-0.642
0
0.113
0
0.438
1
6.22
0
-0.419
1
-2.443
0
-0.341
1
-1.211
1
-1.087
0
0.172
1
-4.424
0
-0.569
0
-0.781
0
-0.791
0
-2.436
-2.104
1
-3.149
1
0.41
1
3.273
0
0.875
0
0.017
1
-8.646
0
-0.622
0
0.42
0
-0.1
1
2.143
0
-0.912
0
0.515
0
0.921
1
-5.049
0
0.527
1
-14.042
0
-0.322
0
-0.342
1
3.952
0
-0.036
0
-0.286
1
1.897
0
-0.557
0
0.9
1
-1.469
1
-3.151
0
0.656
0
0.824
0
-0.684
0
-2.104
-2.121
0
-0.23
1
-1.527
0
-0.693
1
1.927
1
0.958
1
6.145
0
-0.918
0
-0.381
0
-0.039
0
-0.886
1
2.529
0
-0.909
1
4.781
0
0.671
1
0.358
1
-12.164
0
-0.205
0
-3.36
1
7.057
1
-3.891
1
-0.254
0
0.656
0
-0.917
0
-0.41
1
-2.502
0
0.228
0
-8.1
1
-0.052
0
0.707
0
-2.121
2.04
0
0.838
0
-0.206
1
0.47
0
0.288
0
-0.774
0
0.908
0
0.824
0
-0.178
1
0.066
0
-0.398
0
0.156
0
-0.222
0
-0.382
0
-0.854
0
0.75
1
-0.024
0
0.024
0
0.631
1
1.479
0
0.887
0
0.501
0
-0.246
0
-0.479
0
0.428
0
0.027
0
-0.792
1
3.607
1
1.508
0
0.264
1
2.04
0.696
0
0.17
0
0.994
0
-0.871
0
-0.097
1
-8.687
0
-0.445
0
-2.626
1
0.463
0
0.142
0
0.28
1
-0.617
0
-0.888
0
-0.281
0
-0.46
1
-4.048
0
0.316
0
0.886
1
-5.715
0
-0.44
0
-0.994
1
2.978
1
0.877
0
0.136
0
4.722
0
0.255
0
-10.65
0
-1.996
1
3.017
0
-0.537
0
0.696
2.026
0
3.094
1
-0.681
0
-0.637
1
-0.771
0
-0.88
1
-5.793
0
0.287
0
0.794
0
-0.569
0
0.661
0
-0.932
0
0.129
0
0.136
0
7.88
0
0.754
0
0.726
0
0.05
0
-0.795
0
-0.769
0
0.88
0
0.418
0
0.967
0
0.565
0
0.821
0
0.00800002
0
-0.341
0
-0.85
0
0.414
0
-0.809
0
2.026


-0.043
0
-0.325
0
0.295
0
-0.659
0
-0.565
0
0.449
0
-0.451
0
0.56
1
-0.923
0
-0.792
0
0.091
0
0.253
0
-0.059
0
-0.454
0
-0.912
1
1.365
0
-0.168
0
-0.48
0
0.337
1
0.151
0
0.832
0
0.899
0
0.71
1
-0.039
0
0.105
0
0.399
0
-0.328
1
-1.379
0
-0.979
0
0.09
1
-0.043


0
0
0.957
0
-0.005
0
0.126
0
0.61
0
0.921
0
0.221
0
-0.838
0
0.663
0
-0.216
0
-0.323
0
0.689
0
-0.664
0
-0.405
0
-0.983
0
0.763
0
0.532
0
-0.692
0
0.406
0
-0.905
0
0.074
0
-0.128
0
-0.94
0
0.725
0
-0.501
0
-0.293
0
0.802
0
-0.123
0
-0.891
0
-0.775
0
0
0
0
-0.333
0
-0.358
0
0.436
0
0.582
0
0.703
0
0.013
0
0.952
0
-0.057
0
0.233
0
0.96
0
0.339
0
-0.362
0
-0.963
0
0.535
0
0.749
0
0.378
0
-0.304
0
-0.197
0
-0.633
0
-0.617
0
-0.117
0
0.949
0
-0.486
0
0.526
0
-0.869
0
0.731
0
0.912
0
-0.032
0
0.135
0
0
0
0
-0.552
0
0.436
0
0.486
0
0.383
0
0.121
0
0.903
0
0.717
0
-0.628
0
0.549
0
0.425
0
-0.926
0
0.715
0
-0.607
0
-0.929
0
0.217
0
0.862
0
-0.667
0
0.026
0
0.798
0
0.67
0
-0.12
0
0.747
0
0.731
0
0.863
0
-0.597
0
0.108
0
0.153
0
-0.395
0
-0.251
0
0
0
0
-0.761
0
-0.817
0
-0.359
0
-0.647
0
0.74
0
0.993
0
0.194
0
0.723
0
-0.013
0
0.269
0
-0.131
0
-0.042
0
-0.497
0
-0.247
0
-0.697
0
0.473
0
0.979
0
0.179
0
-0.566
0
-0.02
0
-0.702
0
0.289
0
-0.092
0
-0.775
0
-0.886
0
-0.17
0
-0.186
0
-0.451
0
0.346
0
0
0
0
-0.731
0
-0.351
0
0.478
0
-0.44
0
-0.868
0
-0.663
0
-0.572
0
0.842
0
0.052
0
-0.459
0
-0.779
0
-0.834
0
-0.301
0
-0.138
0
0.664
0
-0.051
0
0.08
0
0.34
0
-0.772
0
0.57
0
-0.866
0
-0.069
0
0.297
0
-0.275
0
-0.456
0
0.82
0
0.038
0
0.832
0
0.749
0
0
0
0
0.249
0
-0.209
0
-0.868
0
-0.021
0
0.442
0
0.198
0
-0.6
0
0.108
0
0.997
0
0.443
0
0.392
0
0.823
0
-0.812
0
0.177
0
-0.119
0
-0.411
0
-0.12
0
-0.618
0
-0.342
0
0.696
0
0.048
0
-0.469
0
-0.126
0
0.346
0
0.141
0
0.208
0
-0.157
0
0.931
0
0.0190001
0
0
0
0
-0.592
0
-0.733
0
0.107
0
0.126
0
-0.832
0
-0.425
0
0.721
0
-0.616
0
0.624
0
-0.531
0
-0.035
0
-0.858
0
0.857
0
-0.457
0
0.762
0
-0.193
0
-0.792
0
0.786
0
-0.03
0
0.491
0
-0.673
0
0.758
0
0.236
0
-0.802
0
-0.213
0
0.525
0
-0.088
0
-0.638
0
-0.826
0
0
0
0
0.355
0
-0.099
0
-0.21
0
0.209
0
0.545
0
0.356
0
0.678
0
-0.11
0
-0.094
0
-0.376
0
0.648
0
-0.363
0
0.775
0
-0.523
0
-0.961
0
0.147
0
-0.416
0
0.345
0
-0.991
0
-0.227
0
0.481
0
0.233
0
0.322
0
-0.664
0
-0.937
0
-0.812
0
-0.939
0
-0.775
0
-0.442
0
0
0
0
0.993
0
0.197
0
-0.628
0
0.339
0
-0.502
0
-0.547
0
0.686
0
-0.255
0
-0.077
0
-0.259
0
-0.868
0
-0.722
0
-0.423
0
-0.255
0
-0.174
0
-0.477
0
-0.249
0
0.084
0
0.881
0
-0.754
0
0.126
0
-0.492
0
0.127
0
-0.9
0
-0.36
0
0.629
0
0.333
0
0.589
0
-0.646
0
0
0
0
-0.43
0
-0.727
0
-0.05
0
0.469
0
0.554
0
-0.754
0
0.616
0
0.904
0
0.27
0
0.0599999
0
0.129
0
0.692
0
-0.00700003
0
-0.383
0
0.894
0
0.487
0
-0.42
0
0.316
0
-0.892
0
0.0700001
0
-0.687
0
-0.994
0
0.299
0
-0.985
0
0.19
0
0.82
0
-0.783
0
0.99
0
-0.468
0
0


2.526
0
-3.43
0
1.675
0
-0.832
1
-2.572
0
-0.826
1
-6.165
1
-5.512
0
-0.219
1
3.18
0
-0.167
1
-0.362
1
1.437
0
-0.907
0
-0.688
0
0.57
0
0.384
1
-5.531
1
-11.44
0
-0.339
0
0.442
0
0.565
1
-10.768
0
-0.968
0
0.362
1
-0.508
1
-11.932
1
-1.84
0
0.094
0
-0.463
0
2.526
1.042
1
-4.162
1
5.32
1
-9.289
0
-0.383
1
-0.943
0
0.725
0
3.447
0
-0.054
0
-1.318
0
0.813
1
-6.735
1
-0.473
1
5.858
0
-0.747
0
-0.3
1
-7.475
1
1.536
0
0.307
0
0.399
0
0.533
0
-0.924
0
0.00699997
1
-1.739
0
-0.084
1
-1.803
1
5.555
1
5.873
0
0.54
1
-12.402
0
1.042
1.55
0
-0.726
0
-0.987
1
3.86
0
-0.292
0
-0.254
0
0.413
0
0.812
1
3.606
0
0.712
0
-0.618
1
6.019
0
0.502
1
-4.942
0
0.747
0
-0.097
0
0.332
0
-0.47
1
-4.122
1
-9.824
0
-0.407
0
-0.559
0
-0.257
1
0.392
0
0.391
0
-0.442
0
-0.032
0
0.529
0
0.839
0
0.537
0
1.55
0
0
-0.99
0
-0.871
0
0.785
1
-0.571
0
-0.99
0
-0.164
1
6.503
0
0.177
0
-0.254
1
0.116
0
0.247
1
4.145
0
0.899
0
0.05
1
-0.429
1
0.154
0
0.992
0
0.272
0
2.307
0
0.249
1
-0.00799995
0
-0.582
0
-5.188
0
0.34
0
-0.853
0
-0.626
0
0.864
0
-0.843
0
-0.858
0
0
3.274
1
-2.021
1
12.135
0
0.855
0
-0.419
1
-1.374
0
-0.643
0
-0.33
1
5.36
0
-2.503
0
-0.049
1
4.036
0
-0.302
1
-1.085
0
-0.113
0
-0.504
0
-0.624
0
0.814
0
-0.247
0
0.105
1
-0.923
0
-0.324
0
0.584
1
-6.623
1
0.34
0
0.576
0
0.236
0
-0.868
1
-8.166
1
-5.374
0
3.274
-7.447
1
3.106
1
-7.019
1
-1.761
0
0.366
1
0.987
1
-3.288
0
-0.796
0
0.538
1
0.668
0
0.059
0
-0.257
0
-0.082
0
-0.209
0
0.818
0
0.802
0
-0.679
1
6.307
1
3.932
0
0.829
0
-0.034
1
-1.607
0
0.393
0
-0.402
1
-4.66
1
0.734
0
0.223
1
4.397
1
-0.296
0
0.678
1
-7.447


1.539
0
4.394
1
-2.043
0
0.665
0
0.918
1
-1.046
0
-8.831
0
-0.846
0
-0.623
0
0.832
1
1.779
0
0.702
0
0.265
0
0.483
0
0.759
1
-0.34
1
3.486
0
-0.323
0
0.243
0
-0.302
0
-0.043
1
-8.962
1
1.052
0
-0.103
1
-0.445
0
0.803
0
0.827
1
6.43
1
-3.033
0
0.377
1
1.539
6.91
1
3.537
1
5.404
0
-6.926
1
-2.288
0
0.408
0
0.306
0
0.454
0
-0.674
0
-0.005
0
-0.405
0
-0.621
1
-0.729
0
0.34
0
-0.307
0
0.242
1
7.233
0
-0.546
0
0.988
1
-3.019
0
0.178
0
4.138
1
-4.35
0
-0.397
0
-0.542
1
-5.775
1
-1.736
0
-0.474
0
0.807
0
0.966
0
6.91
4.931
0
0.0650001
0
0.275
0
-0.873
1
4.27
0
0.216
0
0.377
0
-0.608
0
0.421
0
0.952
1
0.249
0
-0.423
1
-3.355
0
-0.629
0
0.00999999
1
-4.603
0
-0.249
0
4.59
0
0.79
0
-0.064
0
-0.172
1
-9.555
1
-4.417
1
-0.785
1
0.818
0
-0.802
0
-0.668
0
0.625
0
-0.413
1
-0.768
0
4.931
-0.538
1
-8.448
0
0.699
1
-3.907
0
-0.603
0
-0.109
1
-6.143
1
-1.47
0
-0.367
1
3.703
0
-0.344
1
0.886
0
-7.592
0
-0.122
0
-2.033
0
-0.702
0
0.478
1
-0.724
0
-0.212
1
7.843
1
4.896
0
0.288
1
-17.963
0
-0.249
1
0.202
0
-0.356
1
8.817
0
-1.668
0
-0.129
0
-0.519
0
-0.538
-2.617
0
-8.874
0
-0.929
1
8.608
0
-0.628
1
-1.816
0
0.926
1
-2.434
1
-8.204
0
-0.229
1
7.347
0
-0.394
1
-6.403
0
-0.393
0
0.48
1
-6.118
0
-2.42
0
-0.677
1
-2.832
0
0.476
0
0.644
0
0.856
1
-8.604
1
-1.044
0
0.8
1
4.036
0
-0.948
0
-0.195
0
-0.784
1
-4.319
0
-2.617
6.582
0
0.253
1
-0.776
0
0.141
0
3.881
1
-0.388
0
-0.187
1
-14.55
0
-1.33
0
0.11
0
-0.328
0
0.869
0
-0.949
0
-0.539
0
0.632
0
0.831
0
0.278
0
-0.00800002
1
-6.885
0
0.679
0
0.563
0
0.521
0
0.946
1
4.798
0
-0.177
0
0.837
0
0.743
0
0.903
0
0.4
1
-7.957
1
6.582


-1.394
0
0.91
0
0.225
0
0.175
0
-0.862
0
-0.525
1
-5.16
0
-0.537
0
0.238
0
-0.674
0
-0.512
0
0.118
0
-0.298
0
0.782
0
-0.2
1
-1.083
0
0.428
0
-0.995
0
-0.00999999
0
-0.566
0
-0.73
0
-0.885
0
-0.418
1
0.012
1
-7.891
1
1.91
0
-9.35
1
3.345
0
-0.168
1
-0.906
1
-1.394
0
0
-0.827
0
0.5
0
0.579
0
-0.309
1
1.482
0
-0.466
0
0.845
0
0.304
1
-2.531
0
0.189
0
-0.982
0
-0.325
0
-0.272
0
-0.632
1
-2.839
0
-0.189
0
0.095
1
-5.625
0
-0.282
0
-0.148
1
0.689
0
-0.725
0
0.122
0
0.15
1
2.951
0
0.653
1
-0.0940001
0
-0.926
1
-7.093
0
0
-3.018
1
-8.848
1
3.769
0
0.654
0
0.508
0
0.085
0
-0.735
0
-0.523
0
-0.509
1
3.407
1
-0.028
0
-0.928
1
-2.871
1
-3.977
0
0.074
1
2.274
0
-0.179
0
0.126
0
0.911
1
1.366
0
10.176
0
0.992
0
-0.987
0
0.732
0
0.965
0
0.752
1
-4.983
1
2.67
0
0.091
0
0.394
1
-3.018
-4.412
1
1.065
0
-0.306
1
6.312
1
-0.216
0
-0.046
0
0.325
0
0.474
0
-0.351
0
0.508
1
-0.764
1
-7.079
0
0.145
1
-11.938
1
-3.944
0
0.973
0
1.454
1
-2.661
1
2.333
0
0.213
0
-0.896
1
0.783
0
0.462
0
0.884
1
-1.623
0
-0.394
0
0.341
0
0.446
0
-0.399
1
-4.177
1
-4.412
-0.168
1
0.699
0
0.524
0
0.257
0
0.518
1
-6.319
1
-2.414
0
-0.573
0
-0.999
0
-0.295
0
-0.112
0
0.164
0
-0.359
0
0.039
1
0.155
1
0.753
1
2.144
1
-0.228
0
0.471
1
6.501
0
-0.872
0
0.161
0
-0.797
1
-4.032
0
0.814
0
0.0779999
0
0.535
0
0.733
0
-0.857
0
-0.475
0
-0.168
1.991
0
-0.185
0
-0.398
1
2.851
0
0.393
0
-0.897
0
0.67
0
-0.728
0
-0.634
0
0.023
1
0.748
0
-0.776
1
-1.303
0
0.317
0
-0.453
0
-0.03
1
2.572
0
0.397
0
-0.035
1
-7.941
0
0.531
1
7.512
1
-7.904
0
0.315
1
3.482
0
0.682
0
-0.864
0
2.493
1
6.016
0
0.688
0
1.991


-0.136
0
-0.614
0
0.089
0
0.789
0
-0.121
0
0.128
0
-0.341
1
-0.552
0
0.188
0
-0.183
0
-0.282
0
0.565
0
0.471
0
-0.472
0
-0.688
0
0.694
0
0.533
0
0.574
0
0.53
0
0.538
0
-0.617
0
-0.079
0
0.145
0
-0.667
1
-3.705
1
-1.465
0
0.191
0
0.499
0
-0.462
0
0.607
1
-0.136
