

0
0
0.197
0
-0.194
0
-0.114
0
-0.197
0
-0.279
0
-0.02
0
0.098
0
0.19
0
-0.115
0
-0.494
0
0.45
0
-0.366
0
0.1
0
-0.319
0
-0.247
0
0.367
0
-0.239
0
0.37
0
-0.192
0
-0.066
0
0.224
0
0
0
0
0.353
0
0.265
0
0.382
0
-0.49
0
0.415
0
0.349
0
-0.431
0
-0.055
0
0.026
0
0.492
0
0.026
0
0.455
0
-0.475
0
0.07
0
0.367
0
0.448
0
-0.168
0
0.336
0
-0.424
0
-0.409
0
0.198
0
0
0
0
0.409
0
-0.279
0
0.334
0
0.155
0
-0.053
0
0.388
0
-0.012
0
0.482
0
-0.478
0
0.352
0
-0.076
0
-0.171
0
0.054
0
-0.229
0
-0.269
0
-0.479
0
0.226
0
-0.073
0
0.249
0
-0.446
0
-0.131
0
0
0
0
0.298
0
0.172
0
-0.353
0
0.381
0
-0.005
0
-0.076
0
0.468
0
-0.343
0
-0.206
0
-0.453
0
0.442
0
-0.458
0
-0.172
0
-0.098
0
0.485
0
-0.325
0
-0.379
0
-0.28
0
0.313
0
-0.012
0
0.286
0
0
0
0
-0.37
0
-0.449
0
0.462
0
0.326
0
-0.042
0
0.19
0
0.152
0
0.337
0
0.374
0
-0.41
0
0.087
0
0.148
0
-0.022
0
-0.084
0
0.416
0
0.429
0
0.115
0
-0.002
0
-0.444
0
0.385
0
0.241
0
0
0
0
-0.27
0
-0.338
0
-0.444
0
-0.415
0
0.163
0
0.4
0
0.417
0
0.04
0
-0.266
0
-0.16
0
0.243
0
-0.297
0
-0.119
0
0.305
0
-0.243
0
-0.439
0
-0.493
0
-0.454
0
-0.069
0
-0.448
0
0.141
0
0
0
0
0.267
0
0.207
0
0.43
0
0.245
0
0.07
0
0.00800002
0
0.254
0
0.109
0
0.45
0
0.379
0
0.445
0
-0.472
0
-0.02
0
0.43
0
0.074
0
-0.323
0
0.114
0
0.133
0
0.271
0
0.287
0
0.00400001
0
0
0
0
0.336
0
-0.257
0
-0.37
0
-0.49
0
-0.352
0
0.00700003
0
-0.428
0
-0.329
0
-0.00999999
0
-0.162
0
-0.084
0
-0.005
0
0.462
0
-0.2
0
-0.401
0
0.143
0
0.412
0
-0.126
0
0.368
0
-0.432
0
-0.048
0
0
0
0
-0.344
0
0.243
0
0.264
0
-0.047
0
-0.044
0
0.312
0
-0.035
0
-0.457
0
0.491
0
-0.434
0
0.274
0
0.4
0
0.138
0
0.246
0
-0.099
0
-0.321
0
0.366
0
0.032
0
-0.352
0
-0.35
0
0.482
0
0
0
0
0.276
0
-0.03
0
0.227
0
-0.293
0
-0.151
0
-0.466
0
-0.115
0
0.218
0
0.343
0
0.067
0
-0.15
0
0.24
0
0.132
0
0.278
0
-0.175
0
0.266
0
-0.342
0
-0.309
0
-0.192
0
-0.341
0
-0.27
0
0


-3.205
0
0.2
0
-0.1
0
2.731
0
-0.215
0
-0.018
0
-0.367
1
-1.602
0
-0.383
0
6.272
0
-0.037
0
0.494
0
-0.328
0
0.363
0
-0.454
1
5.144
1
-1.464
0
-0.326
0
0.392
0
-0.397
0
-0.087
1
7.178
0
-3.205
0.553
0
0.095
1
-12.032
0
-0.04
0
0.309
1
-0.0549998
1
-0.0530002
1
-2.207
0
-0.453
1
-10.067
0
-0.243
0
-0.365
1
3.772
0
0.446
0
-0.201
0
-0.211
0
-0.417
1
0.218
0
0.354
1
-1.113
1
-0.392
0
0.066
1
0.553
1.088
0
-0.382
0
-0.343
0
0.014
0
-0.188
0
0.421
0
-0.396
0
0.406
0
-0.194
0
-0.386
0
0.457
0
-0.353
0
-0.129
0
0.413
1
2.431
0
-0.431
1
-5.923
0
-0.032
0
0.321
0
0.457
0
-0.451
0
-0.104
0
1.088
3.46
0
0.167
1
1.244
0
2.941
0
0.169
0
-0.039
0
0.228
1
6.112
0
-0.267
0
0.414
0
-0.269
0
-0.079
0
0.106
1
-0.164
0
-0.11
1
5.138
1
-2.515
0
-0.338
0
-0.189
1
1.028
1
3.114
0
0.31
0
3.46
11.168
0
0.111
0
0.316
0
-3.991
0
-0.493
1
-5.418
0
-0.196
0
-0.472
0
0.069
0
0.188
1
-4.408
0
0.052
1
4.133
1
-0.925
0
0.112
0
-0.155
1
0.451
1
-4.297
0
-0.224
0
0.202
1
-1.178
1
-4.262
1
11.168


0.73
0
0.076
0
-0.432
0
-0.308
0
-0.011
0
0.44
0
0.106
1
-2.877
0
-0.303
0
-0.245
0
0.43
0
3.3
0
0.092
0
-0.413
0
-0.211
0
0.335
0
0.195
0
-0.177
0
-3.419
1
-5.976
0
-0.457
0
0.00400001
0
0.73
0.613
0
-0.097
1
-1.896
1
-12.53
0
0.182
0
0.181
0
0.297
1
4.883
0
-0.192
1
0.606
0
0.152
0
-0.131
1
0.89
1
-5.03
0
-0.451
0
-0.246
0
-0.455
0
0.181
1
5.123
1
0.24
0
-0.126
0
-0.262
0
0.613
-1.446
0
0.159
0
0.345
1
-4.183
0
0.167
0
0.103
0
-0.15
0
-0.114
0
0.429
0
-0.035
0
-0.098
0
-0.213
0
0.334
0
-0.405
0
-0.15
0
0.068
0
-0.37
0
0.229
0
-0.00299999
0
0.134
0
0.121
0
-0.209
0
-1.446
1.935
0
-0.025
0
0.289
0
-0.263
0
0.167
0
-0.287
0
0.098
0
-0.104
1
0.621999
1
-3.57
1
-12.145
0
0.49
0
-0.33
0
-0.247
0
-0.131
0
0.324
0
-0.128
1
2.739
0
-0.083
0
-0.494
0
-0.343
0
0.164
0
1.935
-5.307
0
-0.094
0
0.071
0
0.026
0
0.251
0
-0.256
1
-4.002
0
0.258
0
-0.282
0
-0.172
0
0.321
0
-0.245
1
-11.317
0
0.489
0
0.403
1
10.72
0
0.459
1
0.473999
0
0.031
0
0.395
0
-0.026
0
-0.26
0
-5.307


-0.65
1
-0.239
0
-0.392
0
-0.257
0
-0.345
1
-0.127
0
0.0169999
0
0.218
0
-0.351
0
-0.379
0
-0.24
0
-0.464
0
-0.422
0
-0.395
0
-0.273
0
-0.104
0
-0.441
0
-0.116
0
0.438
0
0.195
0
0.491
0
0.492
0
-0.65


0
0
-0.141
0
0.213
0
0.454
0
-0.351
0
0.041
0
-0.329
0
-0.067
0
0.226
0
-0.119
0
-0.179
0
-0.213
0
-0.487
0
-0.035
0
-0.104
0
0.335
0
0.277
0
-0.345
0
0.199
0
0.125
0
0.037
0
0.049
0
0
0
0
-0.368
0
-0.233
0
-0.335
0
0.226
0
0.452
0
-0.129
0
0.138
0
0.062
0
0.15
0
0.309
0
-0.427
0
-0.404
0
0.218
0
-0.352
0
0.04
0
-0.202
0
-0.454
0
-0.495
0
-0.254
0
-0.416
0
0.212
0
0
0
0
0.365
0
0.439
0
0.433
0
0.082
0
0.184
0
-0.145
0
0.141
0
-0.387
0
0.077
0
-0.438
0
-0.236
0
0.25
0
0.322
0
-0.279
0
-0.078
0
0.392
0
-0.064
0
-0.309
0
0.143
0
0.262
0
0.382
0
0
0
0
0.436
0
-0.328
0
-0.337
0
0.499
0
0.05
0
-0.38
0
0.444
0
0.084
0
0.126
0
0.269
0
-0.111
0
0.005
0
0.074
0
0.411
0
-0.264
0
-0.286
0
0.285
0
-0.493
0
0.092
0
0.277
0
0.179
0
0
0
0
0.48
0
0.407
0
-0.167
0
0.018
0
0.44
0
-0.232
0
-0.068
0
-0.274
0
0.38
0
0.097
0
0.099
0
0.137
0
0.143
0
0.318
0
-0.435
0
0.083
0
0.498
0
0.268
0
0.089
0
0.233
0
0.045
0
0
0
0
-0.071
0
0.303
0
0.067
0
0.053
0
-0.233
0
-0.131
0
-0.5
0
0.118
0
-0.4
0
-0.089
0
0.198
0
0.129
0
0.341
0
0.000999987
0
0.275
0
0.119
0
0.00199997
0
0.113
0
0.042
0
0.455
0
0.495
0
0
0
0
-0.46
0
-0.041
0
0.054
0
-0.066
0
-0.305
0
-0.488
0
-0.447
0
-0.413
0
-0.358
0
-0.126
0
0.389
0
0.015
0
-0.491
0
0.403
0
0.122
0
0.419
0
-0.404
0
-0.198
0
-0.238
0
-0.139
0
0.192
0
0
0
0
0.432
0
0.261
0
0.306
0
-0.158
0
-0.172
0
0.484
0
-0.461
0
-0.149
0
0.255
0
-0.118
0
-0.047
0
-0.303
0
0.34
0
-0.207
0
-0.195
0
0.249
0
-0.133
0
-0.483
0
-0.174
0
0.324
0
0.194
0
0
0
0
0.108
0
0.146
0
0.468
0
-0.019
0
0.215
0
0.036
0
0.294
0
-0.358
0
-0.318
0
-0.49
0
-0.337
0
0.453
0
-0.224
0
0.329
0
0.458
0
0.035
0
0.363
0
-0.267
0
-0.09
0
-0.167
0
-0.15
0
0
0
0
-0.07
0
0.18
0
-0.295
0
0.376
0
-0.069
0
-0.365
0
0.283
0
0.011
0
0.357
0
-0.308
0
-0.023
0
0.429
0
-0.381
0
0.327
0
0.444
0
-0.229
0
0.021
0
-0.174
0
0.014
0
-0.458
0
-0.084
0
0


2.014
0
-0.188
0
-0.208
0
0.355
1
-3.439
0
-0.162
0
-0.368
1
-1.231
0
-0.086
0
-0.175
0
0.17
1
-1.852
0
-2.659
1
2.825
0
0.079
1
-1.796
0
0.136
0
-0.175
0
-0.304
0
0.079
0
0.076
1
-4.209
0
2.014
0.747
0
0.395
1
-2.646
0
0.134
1
-9.326
0
-0.00299999
0
0.291
0
0.271
0
0.34
0
0.397
0
-0.283
0
0.123
0
0.299
1
4.727
0
0.344
0
-0.418
1
-6.324
1
-5.308
0
-0.411
1
-7.943
1
-1.208
1
-4.677
0
0.747
1.538
1
0.267
0
7.373
0
0.273
0
6.243
1
3.739
1
-4.252
0
0.434
0
-0.445
0
0.091
1
4.672
0
0.363
1
-2.038
0
-0.182
0
0.334
1
2.972
0
-0.218
0
-0.321
0
-0.491
0
0.277
1
-11.078
0
-0.217
0
1.538
0.485999
0
0.025
0
-0.407
0
3.044
0
0.139
1
-22.015
0
0.171
0
-0.068
0
0.285
1
-18.776
0
0.234
1
0.742001
0
-0.244
0
0.031
0
0.28
0
0.355
1
-3.501
0
-0.106
1
-3.225
0
-0.306
1
0.237
0
0.381
1
0.485999
-0.589
0
-0.045
0
0.112
0
0.452
0
-0.418
0
0.158
0
-0.353
0
-0.067
0
0.412
0
0.104
1
-8.788
0
3.304
0
0.322
0
0.139
1
1.047
0
0.107
0
-0.5
0
0.235
0
0.098
0
0.216
0
-0.381
1
7.934
0
-0.589


0
0
0.144
0
-0.187
0
-0.046
1
-0.221
0
0.0170004
0
0.35
1
-0.216
1
3.326
0
0.104
0
0.318
0
-0.5
0
0.203
1
4.947
0
-0.432
0
0.303
0
0.382
1
-0.346
0
0.182
0
0.458
0
-0.334
0
-0.149
0
0
4.768
0
0.00800002
0
0.318
0
-0.228
0
0.25
0
0.393
1
1.879
0
0.425
0
-0.39
0
-0.068
0
-0.024
0
0.291
0
0.486
0
0.034
0
-4.198
0
-0.051
0
0.104
0
0.383
0
0.298
1
-0.0180001
0
-0.134
0
0.059
0
4.768
-4.506
0
-0.105
1
7.997
0
0.159
0
-0.411
0
0.257
0
-0.295
0
0.265
0
-0.205
0
-0.413
0
0.098
1
6.21
0
-6.001
1
-0.376
0
0.377
1
-12.317
0
0.418
0
0.468
0
-0.24
0
0.3
1
0.674
0
-0.00600001
0
-4.506
-8.478
0
-0.174
0
0.133
0
0.00199997
1
5.962
0
0.017
0
-0.422
0
-0.195
0
-0.405
0
0.203
0
-0.115
0
-0.24
0
0.204
1
-0.677001
0
0.164
1
1.788
1
0.593
0
-0.198
0
-0.286
0
0.336
0
0.038
0
0.369
0
-8.478
-5.912
0
-0.088
0
0.148
0
0.255
1
3
1
-8.536
1
5.009
0
0.458
1
0.695
0
-0.113
0
-0.408
1
-0.018
1
-3.972
0
-0.215
1
3.847
0
-0.324
1
3.322
0
0.394
0
-0.273
1
-1.408
0
0.325
0
-0.221
1
-5.912


-1.149
0
0.017
0
0.024
0
-0.115
0
0.326
0
0.159
0
0.486
0
0.274
0
0.406
0
-0.491
0
-0.331
1
1.249
1
-7.946
1
-2.569
0
-0.317
0
-0.277
0
-0.262
1
2.36
1
-0.602
0
-0.238
0
0.206
1
-4.618
1
-1.149


0
0
-0.37
0
-0.259
0
-0.427
0
-0.126
0
-0.417
0
0.074
0
0.424
0
-0.377
0
0.13
0
-0.305
0
0.415
0
-0.393
0
0.179
0
-0.452
0
-0.315
0
-0.313
0
0.447
0
-0.251
0
0.232
0
-0.154
0
0.15
0
0
0
0
0.349
0
0.39
0
-0.00299999
0
0.045
0
0.057
0
0.096
0
0.491
0
0.181
0
0.271
0
-0.433
0
0.297
0
-0.461
0
0.367
0
0.286
0
0.428
0
0.135
0
-0.1
0
-0.216
0
-0.297
0
-0.183
0
-0.197
0
0
0
0
-0.009
0
-0.078
0
0.149
0
0.08
0
0.265
0
0.339
0
-0.209
0
-0.273
0
0.331
0
0.352
0
0.347
0
0.425
0
-0.493
0
0.489
0
-0.209
0
-0.244
0
-0.428
0
0.485
0
0.012
0
0.213
0
-0.239
0
0
0
0
0.41
0
0.03
0
0.247
0
0.43
0
0.441
0
-0.012
0
-0.047
0
0.434
0
-0.095
0
0.38
0
-0.268
0
-0.204
0
-0.209
0
-0.098
0
0.18
0
0.297
0
-0.413
0
-0.47
0
-0.019
0
-0.124
0
-0.292
0
0
0
0
-0.351
0
-0.303
0
0.041
0
0.00599998
0
0.455
0
-0.246
0
0.407
0
-0.228
0
-0.323
0
-0.402
0
0.038
0
-0.161
0
0.268
0
0.038
0
-0.335
0
-0.19
0
-0.45
0
0.194
0
-0.093
0
0.07
0
-0.043
0
0
0
0
-0.086
0
-0.161
0
0.424
0
-0.227
0
0.387
0
0.104
0
0.348
0
-0.009
0
-0.363
0
-0.272
0
-0.432
0
0.085
0
-0.317
0
0.311
0
0.094
0
-0.00299999
0
0.467
0
0.399
0
0.166
0
0.055
0
0.341
0
0
0
0
0.168
0
-0.466
0
0.426
0
0.354
0
-0.098
0
-0.088
0
-0.105
0
0.057
0
0.02
0
0.188
0
-0.178
0
0.062
0
-0.059
0
-0.181
0
-0.145
0
-0.165
0
-0.274
0
-0.095
0
-0.373
0
-0.309
0
-0.369
0
0
0
0
-0.302
0
-0.061
0
-0.254
0
-0.322
0
-0.108
0
0.249
0
-0.255
0
0.277
0
0.005
0
0.473
0
-0.076
0
0.086
0
-0.263
0
-0.341
0
0.025
0
0.266
0
0.469
0
-0.22
0
-0.173
0
0.272
0
0.461
0
0
0
0
-0.118
0
0.103
0
-0.173
0
-0.061
0
0.027
0
0.216
0
0.345
0
0.175
0
-0.041
0
-0.289
0
-0.00799999
0
-0.013
0
0.276
0
-0.385
0
-0.477
0
-0.47
0
0.488
0
0.248
0
0.14
0
-0.044
0
-0.365
0
0
0
0
0.434
0
0.19
0
-0.028
0
0.24
0
-0.474
0
-0.244
0
-0.123
0
0.468
0
-0.417
0
-0.136
0
-0.23
0
0.333
0
0.116
0
-0.081
0
0.433
0
0.161
0
-0.194
0
-0.009
0
-0.045
0
-0.194
0
-0.493
0
0


-7.15
1
2.596
1
-0.687
0
0.457
0
-0.156
1
-0.143
0
-0.389
0
0.197
0
-0.133
0
-0.429
0
0.075
0
0.148
1
-0.311
0
-0.021
1
2.359
0
-0.323
0
-0.146
0
-0.416
0
-0.632
1
-4.814
0
-0.021
0
0.111
1
-7.15
-4.877
0
0.283
0
-0.055
0
0.23
1
-0.475001
0
-0.41
1
-5.815
0
-0.356
0
-0.183
0
0.332
0
-0.428
0
-0.242
0
-0.44
1
1.181
1
-1.912
0
0.064
0
0.423
0
-0.06
0
-0.051
0
0.375
1
-8.749
0
0.39
0
-4.877
0.573
0
0.285
0
0.219
1
-5.499
0
0.179
0
0.265
0
-0.045
0
0.027
0
-0.106
0
0.372
0
-0.282
0
-0.428
0
0.239
0
0.241
0
0.333
0
-0.154
0
-0.176
0
0.134
0
0.093
0
-0.306
0
0.091
0
0.106
0
0.573
-13.334
0
-0.132
0
-0.343
0
-5.277
0
0.308
0
0.269
0
-0.09
0
0.238
0
-0.209
0
0.025
0
0.072
0
-0.207
0
-0.45
0
0.222
0
-0.424
0
1.054
0
-0.102
0
-0.248
0
-0.102
0
0.203
1
-2.678
0
-0.5
1
-13.334
-1.197
0
-0.199
0
-0.374
0
-0.055
0
0.29
0
0.371
0
0.399
0
0.112
0
-0.236
0
-0.435
0
-0.383
0
0.012
0
0.145
0
0.184
0
-0.124
0
-0.213
0
0.142
0
-0.804
0
-0.148
0
-0.018
0
-0.064
0
0.28
0
-1.197


-2.098
0
0.463
0
-0.362
0
0.479
1
1.186
0
0.331
0
-0.458
0
0.35
0
0.429
0
-0.385
0
0.314
0
0.385
0
-0.333
1
-5.851
1
1.756
0
-0.167
1
-0.151
1
-3.085
0
-0.054
0
0.325
0
0.00800002
0
-0.308
1
-2.098
-7.312
1
1.364
0
-0.347
0
-0.405
1
-3.111
0
-0.402
0
-0.45
0
-0.488
0
0.229
1
3.364
0
1.144
0
0.142
0
-0.189
0
-0.141
0
0.469
1
-4.862
0
0.165
0
0.305
1
-0.428
0
-0.239
0
-0.441
0
-0.413
1
-7.312
2.998
0
-0.022
0
-0.386
0
-0.129
0
0.111
0
2.414
0
0.108
0
0.31
0
0.487
0
0.083
1
-7.604
0
0.252
0
-0.00400001
0
0.313
1
-4.452
1
3.225
0
0.328
0
-0.031
0
0.394
0
-0.039
0
-0.246
0
-0.094
0
2.998
-2.26
0
-0.052
1
-1.649
0
0.087
0
0.366
0
-0.498
0
0.258
1
1.815
0
0.307
0
0.46
0
-0.00600001
0
0.263
0
0.076
0
-0.372
0
0.229
0
0.112
0
-0.281
0
-0.086
0
0.372
0
0.219
1
-0.465
0
0.383
0
-2.26
3.112
0
-0.468
0
-0.129
0
-0.081
0
-0.32
1
-4.091
1
-3.263
0
0.044
0
0.238
0
-0.12
1
-6.219
0
-0.04
0
0.19
0
-0.113
1
3.433
1
2.694
1
-5.415
0
0.082
0
-0.451
0
0.473
1
-6.877
1
-4.333
0
3.112


-2.403
0
-0.25
0
-0.031
0
0.362
0
0.092
0
0.152
0
-0.057
1
-2.098
1
0.714
0
0.469
0
0.186
0
0.18
0
-0.08
0
-0.391
0
0.159
0
-0.382
1
-0.369
0
0.339
0
0.227
0
0.177
0
0.203
0
0.102
0
-2.403


0
0
-0.387
0
0.03
0
0.308
0
0.084
0
-0.022
0
-0.224
0
-0.175
0
-0.319
0
0.00999999
0
-0.305
0
-0.226
0
-0.389
0
0.305
0
0.243
0
0.301
0
-0.212
0
0.051
0
0.224
0
-0.022
0
-0.042
0
0.162
0
0
0
0
-0.473
0
-0.388
0
0.481
0
-0.332
0
-0.3
0
0.157
0
-0.325
0
0.397
0
-0.203
0
-0.422
0
-0.5
0
-0.198
0
0.018
0
0.246
0
-0.241
0
0.077
0
0.108
0
-0.081
0
-0.183
0
-0.233
0
-0.009
0
0
0
0
0.164
0
0.27
0
-0.488
0
0.219
0
0.297
0
0.056
0
-0.447
0
0.328
0
0.361
0
-0.062
0
-0.36
0
-0.111
0
-0.349
0
-0.131
0
0.064
0
-0.211
0
0.192
0
0.401
0
0.074
0
-0.274
0
-0.044
0
0
0
0
0.114
0
-0.069
0
-0.055
0
0.163
0
0.377
0
0.342
0
-0.153
0
0.473
0
0.264
0
0.406
0
0.302
0
-0.363
0
0.214
0
0.104
0
-0.384
0
0.00599998
0
-0.435
0
-0.342
0
-0.428
0
0.197
0
-0.141
0
0
0
0
-0.262
0
-0.046
0
-0.453
0
0.03
0
-0.33
0
0.052
0
-0.069
0
-0.396
0
-0.199
0
0.371
0
0.154
0
-0.062
0
0.092
0
0.135
0
-0.428
0
0.387
0
-0.303
0
-0.263
0
-0.044
0
-0.317
0
-0.246
0
0
0
0
-0.074
0
0.08
0
0.395
0
0.417
0
-0.362
0
0.245
0
0.095
0
0.241
0
0.263
0
0.083
0
-0.119
0
-0.482
0
0.029
0
0.222
0
-0.058
0
-0.00999999
0
-0.4
0
0.208
0
0.096
0
-0.389
0
0.063
0
0
0
0
-0.063
0
-0.173
0
-0.299
0
0.433
0
-0.163
0
-0.395
0
-0.057
0
0.475
0
0.209
0
-0.181
0
-0.37
0
-0.166
0
0.477
0
-0.193
0
0.262
0
0.189
0
-0.424
0
0.456
0
0.371
0
0.251
0
0.256
0
0
0
0
-0.253
0
-0.426
0
0.047
0
0.12
0
0.058
0
-0.115
0
-0.314
0
0.177
0
0.261
0
0.324
0
0.231
0
0.483
0
0.168
0
-0.438
0
-0.275
0
0.197
0
-0.09
0
0.386
0
-0.258
0
0.418
0
-0.063
0
0
0
0
-0.358
0
0.085
0
0.234
0
0.426
0
0.402
0
0.248
0
0.17
0
0.366
0
0.251
0
0.405
0
-0.238
0
0.36
0
-0.287
0
-0.239
0
0.353
0
-0.127
0
-0.115
0
0.285
0
0.262
0
0.44
0
-0.051
0
0
0
0
0.09
0
0.258
0
0.448
0
-0.188
0
-0.385
0
-0.037
0
0.194
0
0.215
0
0.479
0
-0.24
0
-0.386
0
0.446
0
-0.1
0
-0.119
0
0.024
0
0.155
0
-0.431
0
-0.321
0
-0.03
0
-0.189
0
-0.429
0
0


4.895
0
0.00199997
1
-7.74
1
-11.2
0
-0.545
0
0.155
1
0.304
0
-0.808
0
-0.337
0
-0.307
0
0.261
1
-4.647
0
0.319
0
-0.243
0
-0.362
0
0.263
0
-0.366
0
-0.268
0
-0.026
1
-4.579
0
0.485
0
-0.348
0
4.895
2.233
0
-0.453
0
0.245
1
1.272
0
-0.244
1
-6.359
0
0.43
0
0.198
0
-0.095
0
0.242
0
0.344
0
0.492
0
-0.23
0
0.212
0
0.255
0
0.107
1
3.034
1
-1.027
0
13.192
0
-0.426
0
-0.002
0
0.356
0
2.233
3.584
0
-0.419
1
-11.033
0
0.27
0
-0.094
0
-0.047
0
-0.085
0
-0.322
0
0.093
0
-0.287
1
-1.128
0
-0.000999987
0
-0.153
1
-5.432
0
0.469
1
6.544
1
-6.976
0
-0.012
0
-0.074
0
-0.056
1
-4.821
0
-0.495
0
3.584
2.918
0
-0.166
0
0.34
1
3.384
0
-0.068
1
3.072
0
-0.434
1
-7.735
0
0.357
1
-0.89
1
-0.342
0
0.251
1
8.728
0
0.368
1
-0.312
0
-0.088
1
-11.089
1
-0.411
0
-0.349
0
0.312
0
0.435
0
-0.299
1
2.918
6.457
1
-9.894
0
0.096
0
-0.089
1
12.664
0
0.435
1
15.638
1
-6.681
0
-0.286
1
-5.269
1
-6.591
0
-0.248
0
-0.321
0
0.163
0
0.276
1
0.402
0
-0.07
1
-3.849
1
7.383
0
-0.066
0
-0.172
1
-7.992
0
6.457


-2.482
0
0.297
0
-0.14
1
-2.092
0
-0.491
0
0.143
0
-0.00600001
0
-0.261
0
0.263
0
0.012
0
0.147
0
-0.38
0
0.028
0
0.129
0
-0.081
0
-0.1
0
-0.314
0
0.013
0
1.028
0
0.282
0
0.363
0
0.288
0
-2.482
15.212
0
-0.327
0
-0.462
0
-0.1
1
-0.995
0
0.00800002
0
-0.088
0
0.324
0
0.465
0
0.456
0
-0.092
0
-0.406
0
-0.238
0
-0.165
0
-0.199
1
-5.002
0
-0.302
0
-0.498
1
-3.612
0
0.429
0
0.325
0
0.135
1
15.212
8.689
1
-2.304
0
-0.067
0
-0.049
0
-0.135
0
0.113
1
-4.837
0
0.455
0
-0.032
0
-0.184
0
0.171
0
0.072
0
-0.068
0
-0.045
0
-0.104
0
-0.000999987
0
0.425
0
0.25
0
0.234
0
0.13
0
0.363
0
0.056
0
8.689
0.724
0
0.082
0
-0.304
0
0.281
0
-0.031
0
-0.341
1
-1.493
0
0.411
1
-9.898
0
0.061
0
-2.415
0
-0.439
0
-0.36
1
5.291
0
0.346
0
-0.172
0
-3.78
0
-0.035
0
0.016
0
0.152
0
0.188
0
-0.182
0
0.724
3.202
1
6.348
0
0.245
1
-22.106
0
-0.198
0
0.296
0
0.291
0
-0.034
0
0.428
0
-0.289
0
-0.215
0
-0.052
1
-0.948001
0
0.263
0
0.051
0
-0.317
0
-0.288
0
0.353
0
0.371
0
0.229
0
0.022
0
0.005
1
3.202


0.379
1
0.274
0
0.08
0
0.455
0
-0.182
0
-0.081
0
0.142
0
0.066
0
0.393
0
0.175
0
-0.02
0
-0.448
0
-0.062
0
-0.474
1
0.107
0
-0.312
0
0.131
0
0.46
0
-0.034
0
0.207
0
-0.039
0
0.085
0
0.379
