

0
0
-0.748
0
-0.494
0
-0.135
0
0.492
0
0.987
0
-0.939
0
0.021
0
-0.5
0
-0.88
0
-0.936
0
-0.652
0
-0.747
0
0.502
0
0.257
0
-0.488
0
0.397
0
-0.914
0
0.414
0
0.693
0
0.589
0
-0.424
0
-0.915
0
0.062
0
0.283
0
0.937
0
0.194
0
-0.963
0
0.534
0
0.589
0
0.373
0
0.487
0
0.641
0
0.846
0
-0.934
0
0.095
0
0.228
0
0
0
0
-0.31
0
-0.577
0
-0.223
0
0.029
0
-0.956
0
-0.064
0
-0.682
0
0.224
0
0.576
0
0.663
0
0.136
0
0.311
0
-0.683
0
-0.936
0
-0.936
0
0.204
0
0.375
0
0.289
0
0.526
0
-0.887
0
-0.62
0
0.813
0
0.776
0
0.979
0
-0.479
0
-0.216
0
-0.335
0
-0.473
0
-0.589
0
-0.524
0
-0.475
0
-0.988
0
0.786
0
0.491
0
-0.508
0
-0.439
0
0
0
0
0.438
0
-0.976
0
0.965
0
-0.227
0
-0.882
0
0.091
0
-0.426
0
-0.576
0
0.082
0
0.573
0
0.199
0
-0.33
0
-0.647
0
-0.691
0
0.293
0
-0.445
0
0.422
0
-0.873
0
0.00999999
0
0.015
0
0.244
0
0.099
0
-0.229
0
0.549
0
0.563
0
-0.71
0
0.819
0
0.825
0
0.402
0
0.214
0
-0.304
0
0.958
0
0.429
0
-0.695
0
0.781
0
-0.697
0
0
0
0
-0.16
0
0.732
0
-0.531
0
0.475
0
0.42
0
-0.048
0
-0.509
0
-0.779
0
0.346
0
-0.896
0
0.224
0
-0.152
0
-0.949
0
-0.53
0
0.064
0
0.838
0
-0.495
0
-0.273
0
0.758
0
-0.624
0
0.0549999
0
-0.639
0
-0.717
0
-0.917
0
0.398
0
-0.782
0
0.883
0
-0.284
0
0.113
0
-0.515
0
0.624
0
-0.254
0
0.091
0
0.486
0
0.018
0
0.347
0
0
0
0
0.42
0
-0.167
0
-0.455
0
-0.996
0
-0.563
0
-0.898
0
-0.276
0
-0.291
0
-0.755
0
-0.89
0
0.236
0
0.026
0
-0.282
0
-0.595
0
0.436
0
0.459
0
-0.45
0
-0.959
0
0.874
0
-0.952
0
-0.814
0
0.296
0
-0.039
0
0.134
0
0.62
0
0.052
0
0.367
0
-0.012
0
-0.616
0
0.326
0
-0.151
0
0.469
0
0.26
0
-0.558
0
0.428
0
-0.93
0
0
0
0
0.79
0
0.339
0
-0.222
0
-0.707
0
0.419
0
0.733
0
-0.692
0
0.745
0
0.356
0
0.831
0
-0.437
0
-0.962
0
-0.00300002
0
0.633
0
0.511
0
0.781
0
0.846
0
0.956
0
-0.507
0
0.178
0
0.308
0
-0.257
0
-0.36
0
-0.523
0
0.145
0
-0.639
0
0.073
0
0.423
0
-0.406
0
0.624
0
-0.062
0
-0.309
0
-0.545
0
0.393
0
-0.168
0
-0.158
0
0
0
0
-0.816
0
-0.611
0
0.958
0
0.00399995
0
0.0190001
0
0.108
0
-0.833
0
-0.34
0
0.756
0
-0.164
0
-0.266
0
-0.459
0
0.498
0
0.081
0
0.387
0
0.526
0
-0.279
0
0.256
0
0.711
0
0.466
0
0.494
0
0.16
0
-0.454
0
-0.584
0
0.09
0
0.353
0
0.912
0
-0.745
0
0.214
0
0.062
0
0.506
0
0.206
0
-0.279
0
0.56
0
-0.167
0
-0.3
0
0
0
0
0.152
0
-0.981
0
0.377
0
0.284
0
-0.725
0
0.298
0
0.763
0
0.571
0
-0.558
0
-0.917
0
-0.716
0
-0.883
0
0.514
0
0.913
0
-0.135
0
0.118
0
0.55
0
-0.993
0
-0.922
0
-0.563
0
-0.43
0
-0.107
0
0.373
0
-0.504
0
-0.983
0
0.46
0
0.624
0
-0.358
0
-0.513
0
-0.779
0
0.227
0
0.17
0
-0.447
0
-0.132
0
0.854
0
-0.587
0
0
0
0
0.057
0
0.999
0
0.074
0
0.428
0
0.545
0
0.374
0
-0.564
0
0.182
0
-0.83
0
-0.928
0
0.773
0
0.925
0
0.813
0
-0.458
0
0.284
0
-0.837
0
-0.067
0
-0.232
0
-0.267
0
-0.365
0
0.62
0
0.179
0
0.711
0
0.992
0
0.411
0
-0.519
0
0.8
0
0.105
0
0.69
0
0.672
0
0.52
0
0.935
0
0.324
0
0.493
0
-0.444
0
0.778
0
0
0
0
-0.66
0
-0.359
0
0.034
0
-0.89
0
-0.321
0
-0.567
0
0.392
0
-0.268
0
0.357
0
0.577
0
-0.379
0
-0.185
0
0.806
0
0.235
0
-0.842
0
-0.588
0
-0.791
0
-0.98
0
0.205
0
-0.104
0
-0.609
0
-0.104
0
0.645
0
-0.332
0
-0.863
0
0.768
0
-0.621
0
-0.97
0
-0.314
0
0.621
0
0.766
0
0.41
0
-0.694
0
-0.99
0
-0.047
0
-0.672
0
0


-9.998
1
4.592
1
-2.449
0
0.45
1
4.358
1
-2.314
0
-0.443
1
3.994
0
-0.728
0
0.121
1
-0.0810002
1
0.309
0
0.0880001
0
-0.85
0
0.508
0
0.16
0
0.318
0
-0.137
0
-0.814
0
-0.318
1
2.069
0
-0.016
1
-6.399
0
-0.182
0
-0.142
1
4.563
0
-2.769
1
-2.415
0
-0.449
0
-0.301
0
0.096
1
3.068
0
0.223
0
1.425
0
0.926
0
-0.475
0
-0.557
1
-9.998
2.238
0
0.132
0
2.495
1
0.454
0
-0.811
0
0.493
0
-2.845
0
0.451
0
-0.448
0
-0.211
0
0.51
1
-6.6
1
-2.156
1
5.211
0
2.982
0
3.41
1
9.814
1
-4.194
0
-0.31
0
0.602
0
-0.832
1
1.586
0
0.995
0
-0.819
0
-2.751
1
-1.362
1
2.356
0
0.972
1
-9.891
1
-0.217
1
-3.733
0
-0.347
0
0.865
0
0.753
0
-0.568
0
-4.375
0
0.848
1
2.238
-7.344
1
1.576
0
0.359
1
0.358
0
-0.144
0
0.859
0
-0.183
0
-3.1
0
-0.935
1
-3.988
0
-0.194
1
-4.562
1
-14.483
0
0.671
1
-0.545
0
2.698
0
-0.077
0
-0.449
1
-3.476
1
2.993
1
-5.237
1
-3.856
1
3.571
0
-0.533
0
-0.114
0
0.641
1
-1.092
0
0.064
0
0.481
1
-0.430999
1
-1.065
1
-0.798
0
0.795
0
-0.399
1
0.85
0
-0.148
0
0.588
1
-7.344
0.214
0
0.996
1
-0.475
1
1.239
0
-0.116
0
-0.819
1
7.527
0
-0.861
0
0.348
1
-4.654
1
0.625
0
0.641
0
2.748
0
0.592
0
-0.054
0
0.822
0
0.137
1
-4.202
0
0.211
0
2.094
0
-2.538
1
-5.593
0
-0.102
1
0.251
0
0.301
1
-0.0370001
1
2.924
1
-0.00599998
1
-3.727
0
0.335
0
0.25
0
-5.081
1
-2.123
1
-1.383
1
3.35
1
2.157
0
0.176
1
0.214
4.312
0
-0.485
1
2.351
1
1.341
1
0.0389999
1
-2.811
0
0.514
1
1.73
1
2.903
0
-0.406
0
-3.486
1
-4.38
1
-0.569
0
-6.309
0
0.744
0
0.982
0
-0.228
0
0.09
0
0.303
1
-6.523
1
-8.094
0
-0.897
0
-0.587
1
-4.509
0
0.163
0
-0.554
0
0.201
1
-0.794
0
-0.325
0
0.406
0
-4.713
0
-0.544
0
0.018
0
0.685
0
-0.989
0
2.111
0
2.062
0
4.312


-3.663
0
0.041
0
-0.274
0
-0.732
1
-0.518
0
-0.131
0
0.398
1
-4.422
0
0.227
1
-1.198
0
-0.962
1
0.827
1
-1.085
1
5.026
0
-0.717
0
0.216
0
-0.523
1
-1.929
0
0.494
1
2.772
0
0.146
0
-0.828
0
0.349
1
1.275
1
-1.322
0
-0.285
0
0.863
1
-0.433
1
-5.319
0
-0.383
0
2.617
0
0.023
0
0.0509999
0
-0.626
1
5.797
0
-0.214
0
0.043
1
-3.663
-5.323
0
-0.633
1
0.0559999
0
3.154
0
-0.36
0
-0.417
1
-0.45
1
-2.871
0
0.994
0
-0.77
0
-3.752
0
-0.846
1
0.42
0
-0.371
0
0.312
1
0.139
0
0.835
0
-0.567
1
-0.239
1
-4.726
0
0.65
1
-7.424
0
0.518
1
-7.129
0
2.265
1
-6.591
0
-0.147
0
1.024
0
3.237
1
0.436
0
0.211
0
0.035
1
2.649
1
-7.598
1
-0.259
1
-3.844
1
3.759
0
-5.323
-7.001
1
-5.436
0
0.156
1
-0.802
0
-0.747
0
-11.861
0
-0.036
0
0.466
1
2.955
1
2.39
1
1.157
0
-0.949
0
6.91
1
5.555
0
0.342
0
0.455
1
0.645
0
-0.823
1
-5.292
1
-2.714
1
-2.122
0
-0.83
1
-0.694999
0
-0.546
1
-2.062
1
3.103
0
-0.385
1
1.59
0
-0.448
0
-0.175
1
-2.912
0
-2.801
0
-0.138
0
0.911
0
12.643
1
-2.562
0
-4.044
0
-7.001
-2.653
0
-0.6
1
-2.124
1
2.102
1
1.745
1
5.4
1
10.733
1
-7.277
1
-1.602
0
-3.489
1
-2.793
1
-3.079
0
-0.466
0
0.0639999
1
0.126
1
2.647
0
-0.463
1
0.582
0
-1.639
0
0.11
0
0.617
0
0.977
1
0.562
1
-6.13
0
0.264
1
1.764
0
-0.201
0
-0.179
0
-0.678
1
-1.46
0
-0.466
0
-2.022
1
-0.552
1
1.213
0
0.408
1
-4.246
1
-5.277
1
-2.653
-0.781
0
-0.863
0
0.638
0
-4.867
1
-8.411
1
-2.736
0
0.473
0
0.193
0
0.991
1
-0.979
1
-1.395
0
0.183
0
0.431
1
-3.76
0
0.369
1
-0.187
1
13.359
1
3.608
0
-0.732
1
-9.103
1
-9.556
0
-0.245
1
8.211
0
0.507
1
0.114
0
0.0650001
0
0.561
0
-5.266
0
-0.591
0
-0.808
0
-0.00700003
0
0.119
0
0.827
0
3.088
0
-2.753
1
3.522
1
-5.909
0
-0.781


0.418
1
-0.748
1
-6.239
0
-0.784
1
-0.301
1
1.368
1
-0.784
1
1.77
0
0.064
0
-0.139
0
0.3
0
0.884
0
-0.993
0
-4.569
0
-1.861
0
0.273
0
-0.195
0
0.709
1
-2.573
0
-0.088
1
-2.355
1
-12.052
0
0.592
0
-0.898
0
0.215
0
-0.734
1
2.562
0
0.248
0
0.216
0
0.084
0
-0.904
0
4.556
0
0.792
0
0.414
1
-1.376
0
-0.448
1
-6.077
0
0.418
-8.768
1
-3.917
0
-0.369
0
-0.883
0
-0.62
0
-0.315
1
-1.93
0
0.152
1
1.817
0
-0.97
0
-0.484
0
0.891
1
4.987
0
-0.724
0
-0.803
1
-4.575
1
8.329
0
-0.611
0
1.221
1
0.339
0
0.652
0
-0.671
0
1.374
0
0.559
0
-0.383
0
-0.28
0
-0.236
0
-0.184
1
2.636
0
0.753
0
0.393
0
0.406
0
-0.702
1
-0.064
0
0.692
1
-0.657
0
0.542
1
-8.768
-1.845
0
-0.281
0
0.63
0
-0.366
1
5.557
1
-1.06
0
-0.435
0
0.356
1
2.43
1
1.981
1
0.21
1
3.142
1
5.993
0
-0.43
0
0.866
0
-0.744
1
-10.847
0
-5.342
1
-0.837
0
-1.007
1
8.91
1
-2.335
1
-0.072
0
1.767
1
1.48
0
0.917
1
-0.229
1
0.496
0
0.266
1
3.308
0
0.066
0
0.43
1
0.49
1
-0.77
0
-0.803
0
-0.21
0
-0.624
0
-1.845
-5.014
0
-0.00700003
1
1.565
0
-0.548
0
0.44
0
3.074
0
0.836
0
0.103
0
3.244
0
0.551
1
3.426
1
0.507
0
0.401
1
-10.894
0
0.354
1
-1.501
1
-3.629
1
6.414
1
-0.602
0
0.441
1
6.052
1
6.319
1
-4.037
1
1.454
0
0.119
0
0.951
0
-0.335
1
-3.995
1
-0.942
0
0.489
1
3.936
0
0.964
1
-7.45
1
-4.453
0
-0.451
1
-5.111
1
1.257
1
-5.014
-3.543
0
-0.47
0
0.479
1
-0.365
0
-0.242
0
-0.862
1
1.683
0
-0.653
1
-0.218
1
-3.184
0
-0.923
0
-0.376
1
-0.422
1
2.425
0
-0.236
0
-0.365
1
-3.593
1
0.927
0
-0.314
1
-2.583
0
0.903
0
-0.08
0
2.468
1
1.462
0
10.955
1
-3.711
1
11.063
1
-5.744
1
-2.822
1
0.574
1
1.409
1
-0.789
1
10.8
1
-4.031
0
0.15
0
-0.569
0
11.498
1
-3.543


-1.591
0
0.923
0
0.638
0
-0.268
0
0.647
1
3.812
0
0.694
0
-0.976
1
-1.56
1
-3.889
0
0.869
1
-2.79
0
-0.825
0
-2.07
0
-0.532
0
0.556
1
-0.158
1
-0.866
1
-0.176
1
-9.926
0
-0.376
1
2.418
0
0.793
1
-0.179
0
-1.206
0
-1.19
0
-0.904
1
3.2
0
0.291
1
0.59
0
2.968
0
-0.284
0
0.215
0
0.904
0
0.099
0
-4.229
0
0.465
0
-1.591
12.648
0
-0.588
1
-3.624
0
-0.39
1
3.09
1
-2.037
1
-3.636
0
-0.48
1
-3.618
0
-0.257
0
1.472
0
-9.983
0
-0.186
0
-0.598
1
-2.282
0
-0.886
1
-0.646
0
4.618
1
-0.0449997
1
0.816
1
-0.026
1
2.064
0
-0.931
1
-2.344
0
-0.455
1
-0.124
0
-0.286
0
0.33
1
0.566
1
0.812
0
0.074
0
-0.045
0
0.827
1
-0.456001
0
-2.349
0
2.292
1
-0.677
1
12.648
3.588
1
-1.405
0
-0.872
1
-1.21
0
-0.183
1
-1.665
0
-0.801
0
0.756
0
-0.963
1
-4.195
1
-4.318
1
-0.0420001
1
0.636
1
0.37
0
-11.411
1
-8.32
1
-8.863
0
0.104
0
0.826
1
-0.306
0
0.579
1
1.718
1
-5.275
1
-2.298
1
2.333
0
0.328
1
1.164
0
-0.447
0
0.424
0
-0.76
0
2.674
0
-0.835
0
-0.539
0
-0.536
0
-0.609
1
0.189
0
-0.167
1
3.588
4.123
0
-0.87
1
-3.616
0
-0.786
1
-9.62
0
2.074
0
2.377
1
1.031
0
0.057
1
0.686
1
-2.007
0
0.134
1
0.776
1
-3.341
1
-1.47
0
-0.729
0
-0.011
1
-5.093
1
-1.08
0
0.701
0
-0.088
0
0.396
0
0.099
1
-0.253
1
2.84
1
8.342
0
0.525
0
0.504
0
-2.051
0
-0.686
0
0.619
1
-1.949
1
0.592
1
-1.928
0
0.321
0
0.571
0
-0.581
0
4.123
-5.112
0
-0.005
1
-3.784
1
-3.403
0
0.624
0
-0.478
0
-0.63
1
6.563
0
-3.675
0
0.69
1
3.386
1
-6.418
0
0.501
0
-0.981
1
-5.176
0
-0.445
0
0.279
1
0.0609999
0
0.314
1
-3.579
1
-7.353
1
-4.983
0
0.469
0
0.337
0
0.888
1
-0.918
1
0.0860001
1
-1.825
1
-6.882
0
-0.86
0
-0.122
0
0.603
0
-0.341
0
-0.302
0
-0.838
1
-3.623
1
6.527
1
-5.112


-7.374
1
3.055
0
-0.992
0
0.898
1
1.959
0
-3.962
1
-13.223
1
2.1
0
4.62
0
0.656
0
0.753
0
0.911
0
-0.639
0
-0.889
1
-3.139
1
-3.309
0
-0.748
0
-0.193
1
0.88
1
-0.465
1
0.709
0
-0.219
0
-0.988
0
-0.638
0
-0.061
0
-0.779
0
-0.333
1
-2.62
1
-0.482
1
2.332
1
-0.225
1
2.971
0
-3.59
0
-0.014
1
2.379
0
-0.595
1
2.367
1
-7.374
-8.639
0
0.609
1
0.557
1
11.436
1
-6.026
0
2.508
0
-0.985
0
0.025
0
-4.564
0
0.503
0
-0.612
1
-0.0780001
1
-7.693
0
-0.561
0
3.294
1
5.364
0
0.372
0
0.317
0
-0.982
0
-0.996
0
0.712
1
1.303
1
-11.077
0
0.231
0
0.079
1
7.284
1
0.0319999
0
-0.862
1
1.43
0
0.747
1
-5.815
0
-0.019
1
-6.548
0
0.142
1
2.501
1
14.831
1
1.611
0
-8.639
-5.569
0
2.379
0
-0.416
1
-8.81
0
-0.396
0
0.27
0
0.609
0
-0.746
0
-0.377
1
3.942
0
0.263
0
-0.276
0
-0.621
0
0.252
0
0.802
1
-3.082
1
-3.033
0
-5.869
0
3.752
0
-0.444
0
-0.226
0
-0.94
1
0.0470003
1
2.341
0
-0.335
0
-0.127
1
0.210001
0
0.809
0
0.549
1
-0.382
1
1.744
1
2.553
1
-6.352
0
-0.158
0
0.105
0
0.429
1
-0.962
0
-5.569
0.592
0
0.205
0
-1.082
0
-0.524
0
0.63
0
0.247
0
-0.473
0
-0.962
1
1.812
1
0.00400031
0
-0.331
0
2.831
1
6.826
1
-0.452
1
2.432
1
-2.667
0
-0.069
1
1.734
0
-0.777
1
-7.242
1
2.332
1
-5.518
0
0.681
0
0.965
0
0.023
0
0.721
0
-4.051
1
-6.122
0
-0.204
0
1.749
0
0.357
0
0.25
1
0.118
1
-0.766
0
-0.892
0
0.503
1
-1.568
1
0.592
6.278
0
-4.732
1
16.834
0
0.683
0
7.959
1
0.944
0
2.236
1
0.045
0
-0.256
0
-0.445
0
0.098
0
0.044
0
2.517
1
-2.445
0
-1.691
0
-0.588
1
3.232
1
-5.174
1
2.497
0
-0.865
1
0.959
1
-6.302
1
-0.426
0
-0.433
0
-0.322
0
-0.257
0
1.414
0
0.921
1
1.258
0
0.149
0
0.167
0
0.82
0
-3.306
0
-0.637
1
4.358
1
-2.862
1
3.188
0
6.278


4.367
0
0.238
0
0.464
0
-0.153
1
0.462
1
-3.275
1
6.361
0
-0.012
0
-0.037
1
2.503
0
0.276
0
-0.099
1
0.913
0
-0.19
1
0.00899994
0
-0.812
0
-0.159
0
0.504
0
0.473
0
0.693
0
-0.556
0
0.447
0
-0.871
0
-0.134
0
-0.051
1
0.498
0
-0.475
0
0.094
1
0.36
0
-0.634
0
0.903
0
0.324
0
0.495
0
0.264
0
-0.879
0
-0.279
1
0.679
1
4.367


0
0
-0.836
0
0.88
0
-0.722
0
0.147
0
0.091
0
-0.005
0
-0.562
0
-0.913
0
-0.495
0
-0.865
0
-0.614
0
0.986
0
0.022
0
-0.772
0
0.796
0
-0.991
0
0.421
0
-0.14
0
-0.892
0
-0.407
0
-0.323
0
-0.997
0
-0.059
0
-0.186
0
0.82
0
0.699
0
0.751
0
-0.469
0
-0.625
0
0.539
0
-0.867
0
-0.286
0
0.928
0
0.353
0
-0.4
0
-0.321
0
0
0
0
-0.98
0
0.32
0
0.973
0
0.697
0
0.224
0
-0.536
0
-0.795
0
0.422
0
0.604
0
-0.66
0
0.883
0
0.584
0
-0.818
0
0.285
0
0.985
0
-0.42
0
0.846
0
0.247
0
0.095
0
0.92
0
-0.325
0
-0.438
0
0.011
0
0.573
0
0.517
0
0.263
0
0.978
0
-0.407
0
-0.788
0
0.189
0
-0.21
0
0.768
0
-0.472
0
0.66
0
0.369
0
-0.66
0
0
0
0
-0.696
0
-0.494
0
-0.715
0
-0.436
0
0.115
0
0.262
0
0.614
0
-0.073
0
0.692
0
-0.462
0
-0.407
0
0.448
0
-0.89
0
-0.269
0
0.335
0
0.8
0
0.24
0
0.949
0
0.745
0
0.197
0
0.65
0
-0.751
0
-0.102
0
0.053
0
0.255
0
0.323
0
0.156
0
0.419
0
0.34
0
-0.688
0
0.914
0
-0.009
0
-0.36
0
0.712
0
-0.433
0
-0.919
0
0
0
0
-0.203
0
-0.929
0
-0.667
0
-0.7
0
0.175
0
-0.6
0
0.64
0
-0.237
0
-0.669
0
0.407
0
0.469
0
0.171
0
0.498
0
-0.333
0
-0.161
0
-0.337
0
-0.877
0
-0.00199997
0
0.011
0
-0.746
0
0.159
0
0.485
0
-0.977
0
0.094
0
-0.339
0
-0.104
0
-0.291
0
0.048
0
0.545
0
0.331
0
0.983
0
-0.906
0
-0.431
0
0.924
0
-0.683
0
-0.166
0
0
0
0
-0.282
0
-0.959
0
0.943
0
0.965
0
0.211
0
0.056
0
0.521
0
0.634
0
-0.838
0
-0.963
0
0.333
0
0.641
0
0.169
0
-0.046
0
0.697
0
-0.59
0
-0.887
0
-0.675
0
-0.651
0
0.101
0
-0.658
0
0.371
0
0.149
0
-0.742
0
-0.612
0
-0.281
0
-0.013
0
-0.489
0
-0.308
0
-0.115
0
0.973
0
0.099
0
0.703
0
0.052
0
-0.565
0
-0.125
0
0
0
0
0.388
0
0.258
0
-0.67
0
0.339
0
0.193
0
-0.281
0
0.018
0
-0.179
0
0.69
0
-0.446
0
0.331
0
0.806
0
0.928
0
-0.202
0
0.084
0
-0.92
0
0.37
0
-0.995
0
-0.83
0
0.547
0
0.02
0
-0.024
0
0.913
0
-0.492
0
0.869
0
-0.969
0
-0.092
0
0.212
0
0.287
0
-0.343
0
0.233
0
-0.204
0
0.813
0
-0.797
0
0.24
0
-0.841
0
0
0
0
-0.818
0
-0.43
0
-0.574
0
-0.292
0
-0.115
0
0.799
0
0.103
0
0.835
0
-0.186
0
0.12
0
0.8
0
-0.242
0
0.274
0
-0.366
0
-0.31
0
0.119
0
-0.387
0
0.071
0
0.887
0
-0.758
0
0.204
0
-0.903
0
-0.572
0
0.718
0
0.577
0
0.308
0
0.266
0
-0.363
0
-0.116
0
0.787
0
0.76
0
-0.889
0
0.228
0
-0.778
0
0.561
0
0.937
0
0
0
0
-0.206
0
0.947
0
0.125
0
0.746
0
0.632
0
-0.333
0
-0.029
0
0.733
0
0.399
0
-0.676
0
0.759
0
-0.977
0
0.253
0
-0.301
0
0.256
0
-0.02
0
0.464
0
-0.18
0
0.865
0
-0.742
0
0.357
0
0.927
0
-0.259
0
-0.561
0
-0.661
0
-0.271
0
0.364
0
-0.653
0
0.279
0
-0.959
0
-0.673
0
0.183
0
-0.63
0
-0.08
0
-0.287
0
0.758
0
0
0
0
0.718
0
-0.71
0
-0.47
0
0.863
0
-0.2
0
-0.413
0
0.414
0
0.571
0
0.679
0
0.292
0
0.524
0
0.377
0
0.113
0
-0.514
0
-0.475
0
0.251
0
-0.148
0
0.257
0
0.776
0
-0.146
0
-0.561
0
0.592
0
-0.867
0
0.092
0
-0.945
0
-0.028
0
0.645
0
-0.272
0
-0.551
0
-0.732
0
-0.879
0
0.475
0
-0.934
0
0.916
0
-0.782
0
-0.409
0
0
0
0
0.257
0
-0.005
0
0.955
0
-0.071
0
-0.815
0
-0.146
0
-0.485
0
-0.855
0
-0.958
0
-0.017
0
0.976
0
0.0829999
0
-0.953
0
-0.716
0
-0.059
0
0.613
0
0.505
0
0.593
0
-0.737
0
-0.461
0
0.189
0
-0.068
0
-0.691
0
-0.531
0
-0.445
0
-0.337
0
-0.944
0
0.144
0
-0.255
0
-0.211
0
-0.195
0
-0.832
0
0.432
0
-0.087
0
-0.719
0
0.18
0
0


-7.305
1
-5.559
1
-4.716
0
-0.712
1
-1.207
0
0.807
1
-1.731
1
-8.453
0
0.549
0
0.752
0
0.295
0
3.949
0
4.296
1
6.016
0
-0.308
1
-0.262
0
0.963
0
-0.575
0
-0.669
1
4.545
0
-0.994
1
2.182
0
0.545
0
-0.455
1
-4.478
1
2.849
1
0.237
1
2.276
1
-2.486
0
0.582
0
-0.96
0
-0.322
0
-1.88
0
-0.961
1
2.892
0
0.614
1
2.327
1
-7.305
-5.985
0
0.931
0
-0.184
0
-2.121
0
-0.057
0
-5.496
1
-1.289
1
5.445
0
-3.228
0
0.15
1
-8.71
1
5.303
1
1.419
1
1.353
1
-3.373
0
-0.433
0
-0.709
0
-0.998
1
-2.641
0
0.724
0
-0.452
1
2.384
1
-0.341
1
2.021
1
0.1
0
-0.776
0
0.916
1
-3.845
0
-0.753
1
1.932
1
-0.746
0
-0.335
1
-5.451
0
-8.672
0
-0.723
1
0.777
0
-0.878
0
-5.985
-6.808
1
-0.947
0
0.829
1
0.216
0
-0.796
1
-1.545
0
0.304
0
-0.761
0
0.803
1
-1.575
0
-0.172
1
-4.045
0
0.0349999
0
-0.152
0
0.276
0
0.082
0
0.289
1
-10.217
1
0.579
1
2.751
0
0.41
0
-0.425
0
0.0140001
1
-16.031
1
-1.895
0
0.425
0
0.663
1
-3.216
1
-0.621
0
-1.709
1
3.116
0
14.471
1
-6.44
1
4.114
0
-1.378
0
-0.538
1
1.144
0
-6.808
-8.38
0
-0.874
0
-0.409
1
-1.028
0
1.37
1
4.104
1
-11.478
1
2.781
0
-0.544
0
-0.442
0
-0.771
1
3.061
0
-0.703
0
-0.594
0
-0.864
0
-2.485
0
-0.056
0
0.269
1
-3.793
0
-0.217
1
-2.073
1
1.211
1
-3.452
0
-0.041
1
0.06
0
-0.911
0
-1.857
1
0.969
1
-2.278
1
-3.714
0
1.796
1
5.572
1
-0.217
0
-2.472
0
0.462
0
-2.37
0
5.534
0
-8.38
-25.947
1
3.064
1
-11.115
0
-0.404
1
-6.324
0
0.034
1
-9.825
1
4.825
1
-1.809
0
-0.169
1
-6.276
1
-6.039
0
0.868
0
0.021
1
0.63
0
-0.511
0
2.686
1
-7.046
0
-0.486
0
-2.765
0
-0.469
1
1.34
0
-0.834
1
-0.538
1
-0.94
0
-0.222
0
-0.561
1
-8.519
0
5.171
1
-9.221
0
-0.199
0
0.035
0
0.819
1
-4.563
0
0.704
1
-2
0
0.00100005
1
-25.947


-1.712
1
-10.958
1
-0.81
1
-2.787
0
-0.105
1
0.52
0
-0.02
1
4.104
1
-0.573
0
0.222
1
3.753
0
0.603
0
-0.219
0
3.45
0
-0.106
0
-0.516
1
-8.109
0
0.889
1
-1.815
1
-0.714
1
-12.21
0
0.474
1
-2.577
1
-2.165
0
-0.131
0
-0.858
0
-0.2
0
-0.9
0
-0.493
0
-0.751
0
0.284
0
3.673
0
0.917
0
-0.552
0
-0.067
0
2.681
1
0.207999
1
-1.712
2.228
0
4.509
0
-2.478
0
0.162
0
-0.483
1
0.0469999
1
0.479
0
0.884
1
-8.661
0
0.704
1
0.507
0
-0.531
1
-4.368
1
1.434
1
-9.726
0
-0.365
0
0.379
1
-6.178
1
2.541
1
-2.114
0
0.731
0
-0.359
1
-7.19
1
1.038
1
6.394
0
0.496
0
-0.563
0
-0.772
0
-0.543
0
-5.126
0
0.286
0
-0.133
0
-0.076
1
-0.11
0
0.571
0
0.828
0
0.322
0
2.228
5.664
0
-0.786
0
-1.829
0
0.213
0
-0.462
1
0.914
0
-0.108
0
0.13
0
0.051
0
-0.174
0
2.489
1
11.068
0
0.499
0
-0.466
1
-0.96
0
-1.135
0
-0.903
1
2.813
1
-5.027
1
-10.142
1
5.474
1
-1.681
1
3.036
0
-1.914
0
-0.96
0
-0.00300002
1
6.003
0
-0.221
0
2.596
0
-0.528
0
-0.185
0
-0.565
0
-0.181
1
1.646
1
-11.882
1
2.16
0
0.451
0
5.664
-8.074
1
-1.702
0
-3.106
0
-0.112
1
5.478
1
-3.339
0
-0.524
0
0.0369999
1
-1.708
1
-2.84
0
0.572
0
0.55
0
-0.62
1
-4.092
1
-2.347
1
-8.114
0
0.357
0
0.952
0
0.22
0
-0.111
0
0.296
0
0.084
1
2.87
0
0.539
0
-3.575
1
0.186
1
4.494
0
-0.056
1
-7.572
0
-0.0889996
1
-7.055
1
0.21
1
-0.167999
0
0.123
1
0.588
0
0.069
0
0.999
1
-8.074
-5.451
0
-0.57
1
3.69
1
-1.897
1
-0.478
0
0.327
0
0.889
1
-0.262
1
-4.719
1
-8.127
1
5.809
0
-0.102
1
-3.854
0
1.582
0
-0.024
1
3.76
1
2.928
0
-0.563
1
0.991
0
0.8
1
-2.945
0
-1.735
0
0.385
0
-0.07
0
4.485
0
0.14
0
0.025
0
-0.223
0
0.0779999
1
-1.449
1
-2.759
0
0.488
0
-0.918
1
-0.954
1
-3.294
0
-0.134
0
0.537
0
-5.451


0.137
0
0.992
0
-0.618
0
0.099
1
-5.473
0
-0.77
0
0.418
0
0.642
0
-0.326
1
0.779
0
0.526
0
0.111
0
0.751
0
-0.76
1
0.084
1
-0.776
0
-0.622
0
0.98
0
0.609
0
0.864
0
-0.596
0
-0.899
0
0.75
0
0.37
1
-15.799
0
-0.95
0
-3.976
1
7.206
0
12.127
0
4.609
0
-0.333
0
0.938
0
-0.259
0
-0.932
1
-2.017
0
-1.471
1
4.046
0
0.137
-9.172
1
0.219
0
-0.772
0
0.673
0
0.246
1
-1.586
0
0.37
1
-3.4
1
9.243
1
1.553
0
0.853
0
-0.41
0
-1.605
1
-0.607
0
-3.197
1
-0.0169998
0
2.154
0
0.955
0
0.409
1
2.474
0
-0.037
1
-11.386
0
-0.735
0
-1.763
0
-0.555
1
1.024
0
0.076
1
-4.495
0
-0.689
1
-4.292
0
-0.78
1
5.712
1
-4.997
1
2.617
0
0.982
1
1.104
0
-0.519
1
-9.172
0.788
0
-0.456
0
-0.366
1
-2.752
0
0.851
1
-2.515
1
-6.03
1
0.753
0
-0.58
0
-0.234
0
0.0700001
1
-6.151
0
0.291
1
-3.721
1
4.496
0
-0.065
0
-2.644
0
0.311
1
-10.1
1
3.177
0
-1.731
1
-5.101
0
0.993
0
0.13
1
1.066
0
-0.619
0
0.036
1
3.894
1
-0.806
0
0.555
0
-12.098
0
-0.527
0
-0.621
0
-1.909
1
0.189
0
-0.571
0
-0.509
0
0.788
-4.8
0
-2.273
1
2.671
0
0.724
1
0.283
0
-0.361
0
0.257
0
0.049
1
7.985
0
-0.693
1
-2.13
0
0.244
0
-0.687
0
1.447
1
4.425
0
-0.782
0
0.396
1
0.00200033
0
0.752
0
-0.127
0
-0.669
0
0.386
1
1.526
0
-0.658
1
2.465
1
0.683
0
-0.03
1
-0.227
1
-5.809
0
0.756
0
0.669
0
0.451
0
0.589
0
0.447
0
-0.935
0
-0.488
1
6.859
0
-4.8
-6.09
1
-12.158
0
0.057
1
-16.199
0
-0.864
0
0.77
0
-0.533
0
-0.505
1
-12
0
-3.83
0
0.487
0
0.16
0
0.517
1
-4.259
0
0.643
1
-1.305
0
-0.473
0
-6.486
0
-0.751
1
-7.406
0
-1.798
0
1.17
1
-2.059
0
-0.831
1
2.687
1
1.758
1
5.641
0
0.315
0
0.309
1
0.605001
0
0.803
1
7.645
0
0.729
1
-4.669
0
-0.32
1
-2.309
0
0.423
1
-6.09


-8.576
1
-4.062
0
0.794
1
-1.236
0
4.174
0
-0.684
0
0.809
0
-0.625
0
-2.377
0
0.209
1
0.723
1
1.8
1
-1.502
1
2.821
1
9.312
0
-0.904
1
3.629
0
0.295
1
0.219
0
-0.575
1
-2.721
0
-0.032
0
0.723
1
0.701
0
-0.419
0
-0.489
1
1.024
1
2.209
0
0.582
0
-0.59
0
-0.843
0
0.429
1
-4.231
0
4.317
1
5.848
0
0.848
1
-0.28
1
-8.576
-4.873
1
-4.505
0
-0.742
1
1.594
1
0.626
0
-0.781
1
-6.143
1
-0.78
0
0.294
0
0.357
0
0.792
0
0.364
1
4.216
1
3.532
1
-2.732
0
0.951
1
-1.641
1
0.885
0
-0.706
0
-0.513
1
-4.704
0
-0.628
1
-8.934
1
-1.481
1
-2.306
1
5.481
0
1.438
1
1.556
1
-1.4
0
0.596
1
1.47
1
-12.422
1
-2.518
0
-0.427
0
-4.951
0
0.427
1
0.565
1
-4.873
7.551
1
0.438
1
-3.909
0
0.158
1
4.042
0
0.525
1
2.312
1
4.546
1
-8.467
0
-0.169
0
0.144
1
-3.505
0
0.252
1
-9.089
1
0.605
1
7.317
0
1.389
0
-0.475
0
-0.29
1
-1.397
0
-0.897
0
-0.148
0
-0.726
1
-7.208
0
-0.115
0
0.799
1
-1.919
1
-1.985
1
0.69
1
-3.158
0
-1
1
0.017
0
-0.839
0
0.594
0
0.327
0
0.427
0
2.639
0
7.551
7.193
0
7.199
0
-0.336
1
2.991
0
2.389
0
-0.082
1
-10.199
0
0.058
0
-0.977
0
2.329
1
-0.882
0
-0.319
0
-0.361
0
-0.817
1
0.642
1
-4.575
1
-6.114
1
-0.7
1
-6.544
0
-0.279
1
2.891
1
3.479
0
-1.906
1
-1.727
0
1.475
1
-4.488
1
0.386
0
-0.44
0
-4.888
0
-0.764
1
10.899
0
0.484
0
0.436
1
-1.427
0
1.469
0
-0.091
0
0.752
0
7.193
-18.333
0
0.0140001
0
-0.725
1
-0.00299984
0
0.659
0
-0.627
0
0.109
1
-3.911
0
-0.16
0
0.346
1
-1.854
0
0.783
1
-0.959
0
-6.227
0
0.412
0
0.461
1
0.0699999
1
-0.969
0
-0.878
1
-5.236
1
0.974
0
0.997
1
0.701
1
3.778
1
0.616001
1
5.498
0
0.407
1
-4.875
1
-4.076
1
6.221
0
-0.713
0
0.157
0
-1.033
0
-0.176
1
-1.099
0
0.263
1
0.702
1
-18.333


2.547
0
0.067
0
0.687
1
-3.709
1
0.48
1
-2.51
1
3.428
0
-0.099
0
0.132
0
-0.358
1
12.569
0
-1.097
1
-3.291
0
-9.687
0
-1.714
1
5.205
0
-0.874
1
-0.91
0
0.309
1
1.484
0
-0.669
0
-0.635
0
0.475
0
0.92
0
-6.601
0
-0.415
1
0.27
1
3.318
1
-1.229
1
-0.902
0
0.547
0
-0.88
0
0.978
1
-3.595
0
-0.352
1
3.71
0
0.28
0
2.547
-3.35
0
-0.28
1
-2.438
0
0.512
1
0.598
0
-4.844
1
-1.123
0
0.579
0
-0.37
0
0.0910001
0
0.056
0
-0.982
0
0.384
0
-0.00999999
1
2.546
0
0.467
0
0.985
1
-0.685
0
-0.248
0
0.82
1
-6.257
0
-0.784
0
0.377
0
-0.377
0
-0.945
1
-1.156
0
0.236
1
-3.35
1
-0.814
1
2.055
1
2.562
0
0.255
0
-0.42
1
-3.973
1
-1.116
1
1.688
1
-11.829
0
-3.35
-17.583
1
-0.923
0
3.324
0
0.073
0
-0.244
1
8.583
1
1.226
1
-5.266
1
-3.747
0
-0.364
1
-5.114
1
0.689
0
-0.367
0
-0.42
0
0.098
0
-0.419
0
0.0700001
0
-0.741
0
-0.291
0
-0.259
0
0.859
0
0.782
0
0.815
0
-0.114
0
-0.339
0
0.751
0
1.495
1
1.578
0
-0.696
1
0.987
0
-0.978
0
2.918
1
-1.78
1
-8.535
0
0.666
0
-0.78
0
2.609
1
-17.583
0.365001
0
-0.029
0
0.0880001
0
-0.115
0
0.45
1
8.716
1
-8.182
0
-0.429
0
0.273
0
-0.79
1
2.715
1
-4.723
1
-0.895
0
-2.098
0
0.12
0
-0.308
0
-0.889
0
0.752
0
5.334
0
0.828
0
-0.916
0
1.022
0
-0.675
1
-1.067
0
-0.237
1
0.488
1
-1.038
1
-5.842
0
0.396
0
-0.514
0
-0.68
0
-0.041
0
-1
1
2.274
1
6.752
0
-0.649
1
4.684
0
0.365001
3.827
0
1.32
0
0.509
1
-5.014
1
1.361
0
2.218
1
3.147
0
0.672
0
0.682
1
-7.748
1
-1.04
1
-4.717
1
-8.54
1
0.743
1
4.625
1
1.486
0
-1.733
1
-8.361
1
-1.336
0
-0.435
0
0.295
1
-2.383
0
-0.928
1
-2.604
0
-0.417
1
0.053
1
0.666
0
0.819
1
-0.782
1
-1.995
0
0.43
1
9.822
0
-0.783
0
1.83
1
-14.403
0
-1.385
1
-0.895
1
3.827


2.995
0
0.901
0
0.93
0
0.243
0
-0.764
1
-1.24
1
-0.447
1
-0.193
0
-0.292
0
-0.699
0
0.683
0
0.97
0
0.858
0
0.582
1
-0.155
0
-0.52
0
0.444
0
0.214
1
0.496
0
-0.289
0
0.279
0
-0.248
1
-3.605
1
0.336
0
-0.215
0
0.098
1
-0.73
1
2.093
0
-0.531
0
0.883
1
-2.022
0
-0.222
0
0.704
0
0.743
0
0.081
0
0.834
0
-0.607
0
2.995


0
0
0.092
0
-0.433
0
0.118
0
0.239
0
-0.555
0
0.35
0
0.005
0
-0.425
0
-0.388
0
-0.643
0
0.667
0
0.525
0
0.613
0
-0.705
0
-0.705
0
-0.038
0
-0.214
0
-0.088
0
0.223
0
0.833
0
0.058
0
-0.665
0
0.869
0
-0.263
0
-0.989
0
-0.013
0
-0.249
0
0.574
0
-0.125
0
-0.523
0
-0.21
0
-0.555
0
-0.309
0
-0.505
0
-0.311
0
-0.561
0
0
0
0
0.915
0
-0.735
0
0.12
0
0.463
0
-0.462
0
-0.735
0
0.89
0
-0.241
0
0.914
0
0.803
0
-0.459
0
-0.452
0
0.769
0
-0.235
0
-0.723
0
-0.276
0
-0.548
0
0.311
0
-0.543
0
-0.655
0
-0.79
0
-0.944
0
0.879
0
0.67
0
0.327
0
-0.099
0
0.877
0
0.024
0
-0.924
0
-0.262
0
0.486
0
0.329
0
0.845
0
0.326
0
0.129
0
-0.565
0
0
0
0
-0.072
0
0.00300002
0
0.683
0
-0.517
0
-0.777
0
0.476
0
-0.242
0
-0.536
0
0.5
0
0.87
0
-0.541
0
0.757
0
0.159
0
-0.755
0
0.338
0
-0.126
0
-0.999
0
0.751
0
-0.822
0
-0.89
0
-0.358
0
-0.631
0
-0.178
0
-0.072
0
-0.883
0
0.609
0
0.139
0
-0.385
0
-0.881
0
-0.279
0
-0.227
0
0.664
0
0.888
0
0.434
0
0.962
0
-0.888
0
0
0
0
0.767
0
0.018
0
-0.954
0
-0.995
0
0.689
0
0.027
0
-0.315
0
-0.592
0
0.935
0
0.893
0
0.681
0
0.895
0
0.847
0
0.825
0
0.617
0
-0.942
0
-0.93
0
0.464
0
0.692
0
-0.502
0
-0.412
0
-0.588
0
-0.488
0
-0.222
0
0.431
0
-0.022
0
0.721
0
0.693
0
-0.673
0
0.851
0
-0.672
0
0.4
0
-0.262
0
0.555
0
0.028
0
0.217
0
0
0
0
0.013
0
0.097
0
0.098
0
-0.823
0
-0.154
0
0.902
0
0.75
0
0.686
0
-0.158
0
-0.837
0
0.334
0
-0.388
0
-0.317
0
-0.532
0
0.738
0
-0.884
0
0.839
0
0.445
0
-0.661
0
-0.175
0
-0.132
0
-0.957
0
0.57
0
-0.716
0
-0.17
0
-0.459
0
-0.552
0
0.939
0
0.814
0
-0.637
0
0.247
0
0.751
0
0.524
0
-0.344
0
0.521
0
-0.707
0
0
0
0
0.288
0
0.685
0
0.766
0
0.301
0
0.421
0
0.066
0
-0.878
0
-0.848
0
0.812
0
0.945
0
0.802
0
-0.43
0
0.84
0
-0.011
0
-0.671
0
0.516
0
-0.069
0
-0.654
0
0.418
0
-0.042
0
-0.495
0
-0.999
0
-0.205
0
-0.846
0
-0.21
0
0.94
0
0.477
0
-0.563
0
0.0369999
0
-0.685
0
0.841
0
0.33
0
-0.693
0
0.701
0
-0.523
0
-0.368
0
0
0
0
-0.473
0
-0.82
0
0.25
0
0.537
0
-0.254
0
-0.454
0
0.414
0
0.83
0
0.359
0
-0.768
0
0.635
0
0.327
0
-0.115
0
-0.229
0
-0.114
0
-0.69
0
-0.844
0
0.767
0
0.99
0
0.193
0
0.534
0
0.409
0
0.239
0
0.049
0
-0.049
0
0.295
0
0.872
0
0.968
0
-0.529
0
0.394
0
0.76
0
-0.194
0
-0.787
0
0.506
0
0.709
0
0.349
0
0
0
0
0.837
0
-0.396
0
-0.762
0
0.544
0
0.352
0
0.169
0
0.431
0
-0.659
0
-0.907
0
0.243
0
-0.664
0
-0.927
0
-0.275
0
-0.938
0
0.767
0
-0.685
0
0.621
0
0.272
0
0.338
0
0.283
0
0.0319999
0
0.836
0
-0.654
0
-0.859
0
-0.908
0
0.773
0
-0.486
0
-0.382
0
-0.477
0
0.261
0
-0.849
0
0.48
0
0.485
0
0.606
0
0.04
0
-0.037
0
0
0
0
-0.641
0
-0.893
0
-0.464
0
-0.163
0
-0.2
0
0.336
0
-0.14
0
0.451
0
-0.111
0
0.675
0
0.441
0
-0.968
0
-0.181
0
-0.497
0
0.281
0
0.00999999
0
0.649
0
0.2
0
0.871
0
0.102
0
0.022
0
0.859
0
-0.451
0
-0.263
0
-0.196
0
0.782
0
0.102
0
0.405
0
0.322
0
-0.071
0
0.829
0
-0.633
0
0.918
0
0.821
0
-0.619
0
-0.825
0
0
0
0
0.171
0
-0.848
0
0.02
0
-0.91
0
-0.375
0
0.88
0
0.00199997
0
0.394
0
0.797
0
0.082
0
0.33
0
-0.788
0
-0.631
0
0.778
0
0.891
0
-0.963
0
0.555
0
-0.176
0
0.286
0
-0.609
0
-0.272
0
0.00199997
0
0.207
0
0.579
0
0.245
0
-0.093
0
-0.005
0
0.78
0
0.702
0
0.072
0
0.09
0
0.038
0
0.187
0
0.772
0
-0.849
0
-0.761
0
0


-5.675
1
-3.966
1
-3.864
0
0.058
0
0.077
0
0.964
1
-2.266
0
-0.769
1
3.086
0
1.134
1
0.775
1
-4.582
0
0.37
0
0.734
0
0.54
0
0.689
0
0.637
0
1.537
1
-3.344
1
-0.63
0
0.689
0
-0.783
0
0.02
1
-0.972
0
-0.893
0
0.857
1
5.033
0
0.519
0
-4.939
0
-0.844
0
0.564
0
-0.916
0
0.808
0
0.698
0
-0.131
0
0.708
0
-0.805
1
-5.675
-10.826
0
3.271
0
0.543
0
0.453
0
-0.957
1
-6.492
1
1.29
1
-0.869
1
1.13
0
0.818
1
-6.917
1
1.223
1
-8.616
1
1.247
1
-0.26
1
-5.775
1
-4.086
1
-10.249
0
7.142
0
-0.0780001
0
-0.165
0
-0.381
0
0.923
0
0.496
0
0.707
0
-0.00800002
0
-0.036
1
-1.862
0
-0.009
0
0.727
1
5.01
0
-2.934
0
0.853
0
0.499
1
-2.813
1
-3.552
0
-0.254
1
-10.826
6.87
1
-2.07
0
0.54
0
1.839
0
-0.623
0
-0.513
0
-0.818
0
1.302
1
0.713
0
-0.487
0
-7.98
1
-0.388
1
8.84
0
0.928
1
2.13
0
0.982
1
4.613
1
-1.374
1
-4.424
0
0.405
1
-15.176
0
-0.639
0
-0.655
0
-0.919
0
0.923
0
0.808
0
0.727
1
-2.556
0
-0.883
0
0.819
0
-4.963
1
0.286
0
0.421
0
0.00600004
0
0.221
0
-0.413
0
0.693
1
6.87
3.119
1
-5.663
1
-2.278
1
2.692
0
1.167
0
3.955
0
-0.41
0
0.823
0
0.533
0
0.822
1
6.263
0
-4.852
0
0.759
0
-0.882
1
-7.315
0
0.962
0
0.07
1
0.0820003
0
0.408
0
-1.675
0
1.401
1
-3.144
0
-0.78
1
-2.005
1
-3.63
0
-3.422
1
0.869
0
-0.294
1
10.853
1
-1.877
1
-1.606
0
0.098
0
0.314
0
0.358
0
0.168
1
-1.155
1
-2.348
0
3.119
0.986
0
0.427
0
0.372
0
-0.085
0
-0.268
1
-0.791
0
0.875
0
-0.135
0
0.444
1
1.505
0
-0.73
1
-0.96
0
0.0180002
0
-0.655
1
-0.792
0
-3.45
1
-4.138
0
0.549
1
2.74
0
3.277
0
-0.493
1
-0.432
0
-0.581
0
-3.138
0
-0.029
1
7.198
1
-2.952
1
-0.165
1
-5.413
0
-0.0250001
0
-0.674
0
0.717
1
-2.802
1
-6.359
0
0.515
1
-0.644
0
-0.439
0
0.986


-9.936
0
-0.978
0
0.21
0
-2.783
1
4.344
0
-0.98
1
-4.319
0
0.528
0
2.709
0
-0.815
1
-4.432
0
-0.537
0
-0.673
0
-0.727
0
-1.001
1
-3.78
1
-2.488
1
1.144
0
-0.116
0
6.018
1
3.036
0
-0.862
0
-0.685
0
-0.568
1
0.656
0
-0.371
0
0.897
0
0.091
0
-0.325
0
-4.747
0
-2.185
0
-0.918
1
-2.516
1
0.861
0
-0.559
1
0.443
0
0.838
1
-9.936
1.968
0
0.251
1
2.972
0
-0.716
1
-0.105
1
-1.603
1
8.786
1
2.417
0
-0.53
1
-1.127
0
1.37
0
-0.974
0
0.689
1
-0.98
1
-1.895
0
0.657
1
-4.423
0
-0.866
0
0.26
1
3.479
1
0.399
0
-0.186
0
0.532
1
-3.199
1
-2.821
0
-0.95
0
-2.119
0
0.505
0
-0.0119998
0
0.155
0
0.35
0
-1.069
0
3.038
0
0.906
1
1.611
0
-0.756
1
-3.834
0
1.968
-8.387
0
-0.305
0
-0.015
0
0.198
0
-0.936
0
0.423
1
0.961
0
-0.115
1
-1.808
0
0.667
0
-0.67
1
-4.341
0
0.894
0
-0.17
1
-3.468
1
-0.194
1
-0.031
0
-0.088
1
-0.454
1
0.74
1
0.246
0
-0.45
0
0.198
1
-0.821
1
2.664
1
-4.432
1
-0.72
1
0.825
1
-0.247
1
1.797
1
0.816
1
-1.045
1
-1.607
0
-0.851
1
3.324
1
-9.165
0
-0.316
0
-8.387
4.047
0
0.503
0
0.895
1
3.239
0
-0.297
1
-2.035
0
-1.216
1
3.948
0
0.0140001
1
2.724
0
0.184
0
6.863
0
0.456
0
-0.088
0
-0.52
0
-0.018
0
1.042
0
-0.759
1
1.42
1
-6.431
1
1.583
0
-0.108
1
-5.059
1
-3.569
1
-1.927
1
-4.127
0
0.314
1
-2.686
1
-3.862
0
0.477
1
0.469
1
-4.96
0
-0.612
0
0.053
1
-3.88
0
-0.477
1
-1.915
0
4.047
11.519
0
-0.623
1
3.558
0
0.774
0
-0.909
0
-0.624
0
-0.054
1
-3.181
1
3.153
1
0.0270001
1
-5.549
1
-2.931
1
-0.584
0
-0.471
0
0.463
1
2.201
1
9.978
0
-3.493
1
-1.538
1
3.667
1
-14.558
1
-8.079
0
-0.979
1
-3.463
1
-0.803
1
-7.315
0
0.482
0
0.957
1
-7.837
1
6.419
0
7.399
0
0.68
1
-3.756
0
-0.092
1
-0.323
0
-0.395
0
0.479
1
11.519


1.318
1
1.183
0
-0.69
0
0.717
0
-0.227
1
3.067
1
1.738
0
0.415
1
-0.72
1
-1.731
0
-0.55
0
-0.0109999
1
-4.216
0
-0.202
0
-0.684
1
4.245
0
0.733
1
5.705
1
-4.484
1
-1.336
0
4.104
0
-0.984
0
-0.246
0
0.665
1
5.834
1
0.641
1
-1.125
0
0.447
0
0.387
1
4.923
0
-0.828
1
-2.908
0
0.22
0
0.474
1
8.46
0
-0.531
0
-0.379
1
1.318
-12.585
1
-5.724
0
-0.135
0
3.63
0
0.811
0
-0.466
0
9.187
0
0.6
0
-0.184
0
-0.734
1
-1.905
1
-1.695
1
3.315
0
0.846
0
0.485
0
0.383
0
-1.901
0
0.287
0
-0.198
1
-3.096
1
-0.0549999
1
-2.205
0
0.71
0
-0.156
0
7.982
1
4.148
1
-0.576
1
-1.41
0
-0.634
1
-8.409
1
-11.269
0
3.89
0
-0.534
0
0.449
0
0.912
1
0.618
1
-0.913
0
-12.585
-1.989
1
-0.557
1
1.765
0
-2.756
0
3.802
0
0.567
0
0.213
1
0.294
0
0.208
0
-0.855
1
-2.571
0
1.842
0
10.992
0
-4.888
0
-1.516
1
-1.897
1
0.105
1
-4.899
0
0.072
0
-0.189
0
-0.069
1
-1.261
0
-0.348
0
-0.827
1
7.462
0
0.566
0
-0.81
1
-6.241
1
-0.00700003
0
0.708
0
-0.4
0
3.155
0
-0.554
1
-5.113
0
0.503
0
0.358
1
-2.309
0
-1.989
-5.72
1
-4.218
0
-0.904
0
-0.722
0
-0.197
1
2.102
1
1.245
1
-7.619
1
-5.805
1
-2.293
0
0.392
1
-3.63
1
0.756
0
0.422
0
-0.19
0
-1.84
0
-0.331
1
-0.982
1
4.633
0
-0.817
0
-0.491
1
4.173
0
1.972
0
-0.188
0
0.788
0
-0.948
0
-0.664
0
3.46
0
0.738
1
-6.252
0
3.747
1
-6.986
0
-0.584
0
-0.78
0
-0.316
0
0.598
1
6.675
0
-5.72
0.427
0
-14.251
1
-3.188
1
-6.405
1
0.356
1
-1.019
1
0.413
1
0.269
1
1.2
1
2.374
0
-0.017
1
-5.726
0
-0.967
0
0.127
0
0.835
0
-0.874
0
-0.627
1
-4.565
0
0.212
0
-0.571
1
2.526
1
-1.262
0
4.841
0
-0.415
0
0.815
1
2.71
0
0.418
1
-1.47
0
0.589
0
0.521
0
0.227
0
0.891
0
-0.168
0
-0.326
1
-2.778
1
0.359
0
-0.38
0
0.427


-4.39
0
-0.124
0
-0.027
1
0.811
0
0.283
0
4.634
1
1.486
0
0.079
0
0.059
1
-0.91
1
-7.341
0
1.555
0
-0.68
1
-4.704
0
-3.445
0
0.906
1
0.899
1
-19.332
1
-9.24
1
-1.011
1
-6.325
1
-2.36
0
-0.923
1
3.969
0
0.953
0
-0.063
0
0.052
1
6.17
0
-0.106
1
-6.347
0
-0.665
1
-1.283
0
-0.118
0
-0.385
0
1.127
0
0.00399995
1
4.717
0
-4.39
-8.183
1
-4.667
1
2.681
1
0.269
1
2.907
1
2.241
1
-6.856
0
0.172
1
-0.226
0
0.29
0
0.287
1
-3.432
1
2.916
0
0.413
1
2.031
1
-3.959
0
-1.912
1
-2.917
0
1.661
1
-1.614
0
0.713
0
3.883
1
-0.384
0
2.915
1
-4.088
0
-0.088
0
0.365
0
-0.232
1
12.631
0
0.269
0
-2.347
0
-0.607
1
1.781
0
0.331
1
-4.064
0
-0.193
1
4.267
1
-8.183
7.144
1
1.287
0
-1.866
1
-1.506
0
2.404
0
-9.669
1
0.51
0
-12.802
0
-0.78
0
-0.044
0
0.464
0
0.067
0
-0.209
0
-0.032
0
0.644
0
0.244
0
0.43
0
3.099
0
-2.174
1
-1.91
0
-0.00800002
0
0.423
1
-4.373
0
0.904
0
0.026
1
-3.679
1
-2.952
0
0.759
1
3.345
1
-2.259
1
-2.237
0
0.598
0
0.666
0
-2.702
1
12.696
0
0.735
0
0.775
0
7.144
-11.863
1
3.414
0
0.997
0
-12.401
1
-4.241
0
-0.813
0
-2.28
0
-0.247
0
-0.233
0
0.557
0
0.471
0
-0.303
0
-0.595
1
0.493
0
-0.876
0
-0.237
1
-6.111
0
-0.339
1
-0.24
0
-0.269
0
-4.561
0
0.451
0
-1.853
1
1.461
0
-0.984
0
0.294
1
7.006
1
-8.275
1
2.085
1
0.6
0
-0.441
0
0.106
0
-7.945
0
-0.202
0
0.684
1
-2.166
0
-0.237
0
-11.863
4.619
0
0.237
0
-1.469
1
-0.29
1
-4.485
0
0.772
1
-2.474
0
-0.402
0
0.089
0
-0.54
0
2.312
1
4.592
1
-0.417
0
0.628
0
-0.192
0
-0.219
1
5.649
0
0.148
1
7.815
0
0.146
0
-0.724
0
0.608
0
0.186
0
0.647
1
10.87
0
0.262
1
-0.604
0
0.149
0
-0.255
0
0.644
0
-0.531
1
4.286
0
0.499
1
-3.189
0
-0.545
0
-0.977
1
2.753
0
4.619


-0.513
1
-1.683
0
2.58
0
0.211
0
-0.178
0
-0.603
0
0.746
0
-0.56
1
-2.281
0
0.263
1
0.685
0
-0.955
1
-5.62
1
-19.281
0
0.431
0
-3.467
0
0.303
0
-0.091
0
0.837
1
-6.972
0
-0.704
1
1.696
0
4.143
0
-0.916
1
0.215
1
0.364
0
0.0930001
0
-0.395
0
0.195
0
-0.808
1
-2.881
1
3.283
0
0.0970002
0
-0.381
0
0.813
1
-9.686
0
4.767
0
-0.513
-4.386
0
-0.386
0
0.175
1
-4.714
1
-3.186
0
-0.619
0
-4.381
1
-1.198
0
0.013
0
0.567
0
0.846
1
5.227
1
6.165
0
0.601
1
-3.393
0
0.997
0
0.0290002
0
0.89
1
-1.049
1
-0.331
0
0.341
1
-3.736
0
0.988
0
-0.031
0
-0.395
1
0.651
1
-4.055
1
-5.059
0
-0.787
1
-1.548
0
0.022
1
-0.186
0
0.045
0
0.471
1
-0.0930002
1
0.744
1
-3.119
0
-4.386
-12.249
1
10.65
1
-5.284
0
0.32
1
0.721
1
0.611
1
0.514
0
0.273
0
3.758
1
-4.613
1
-0.707
0
0.856
1
0.179
1
-12.936
1
-7.726
1
3.398
0
0.243
1
0.461
0
0.356
0
0.077
1
0.134
1
-1.045
1
-4.649
0
-2.105
0
-12.042
0
-0.747
1
-7.091
1
-0.0549999
0
-0.432
1
0.0220004
1
13.337
1
-15.153
1
-4.465
1
2.326
0
0.605
0
1.235
0
0.396
0
-12.249
-1.131
0
-0.253
0
0.011
0
-0.642
1
3.722
1
-6.238
0
-14.421
0
9.216
1
0.578
0
0.553
1
-5.142
1
-0.274
0
-0.589
0
-3.923
1
5.227
1
-0.867
1
7.355
0
-0.345
1
5.529
1
8.943
1
-1.997
1
2.926
1
1.226
0
-0.747
0
-1.089
0
2.482
0
-0.923
0
-0.038
0
-1.217
0
-5.29
1
-5.172
1
-4.846
0
-0.119
0
-0.442
1
-9.842
1
-1.696
0
-0.798
0
-1.131
8.854
0
1.567
0
-0.249
0
0.442
0
0.712
1
-17.361
0
0.906
0
2.757
1
-7.404
0
0.043
1
9.474
0
-0.974
1
-3.337
0
-0.47
1
4.39
0
-1.18
0
0.546
1
-4.623
1
-3.577
0
-0.366
0
-0.456
0
-0.986
1
0.861
0
-4.103
1
1.017
1
0.568
0
-0.344
1
-6.772
0
-0.82
1
2.601
0
-0.302
0
-0.938
0
-0.94
1
-0.434
0
0.107
1
-6.832
0
0.918
0
8.854


-1.236
0
0.75
0
0.788
0
0.738
0
-0.237
1
2.535
0
-0.105
0
-0.078
0
0.217
0
-0.242
0
0.656
0
0.294
0
-0.236
0
0.444
0
0.954
0
0.235
1
-0.488
0
-0.7
0
-0.256
0
-0.782
0
-0.628
0
0.119
1
-0.177
0
0.098
0
-0.457
1
-0.035
0
0.413
0
0.65
0
-0.888
0
-0.549
0
-0.422
0
-0.022
0
-0.876
0
0.951
0
0.214
0
-0.75
0
-0.649
0
-1.236


0
0
-0.405
0
-0.488
0
0.132
0
-0.531
0
0.281
0
0.33
0
0.377
0
0.043
0
0.706
0
-0.075
0
0.902
0
0.596
0
-0.472
0
-0.445
0
-0.429
0
-0.353
0
0.325
0
-0.063
0
0.37
0
-0.364
0
0.818
0
0.411
0
0.676
0
-0.257
0
-0.874
0
-0.167
0
-0.307
0
0.154
0
-0.132
0
-0.279
0
0.549
0
-0.538
0
-0.616
0
0.88
0
-0.128
0
-0.182
0
0
0
0
-0.496
0
-0.96
0
-0.091
0
-0.709
0
-0.15
0
-0.965
0
0.347
0
0.128
0
0.455
0
-0.21
0
0.617
0
0.069
0
-0.693
0
0.857
0
-0.583
0
-0.052
0
0.299
0
0.853
0
0.421
0
-0.069
0
-0.278
0
0.275
0
-0.839
0
0.92
0
0.485
0
-0.337
0
-0.467
0
-0.047
0
-0.943
0
-0.613
0
0.721
0
0.223
0
0.289
0
-0.343
0
-0.455
0
0.844
0
0
0
0
0.22
0
0.338
0
-0.899
0
-0.908
0
-0.376
0
0.246
0
-0.771
0
-0.073
0
0.536
0
-0.267
0
-0.561
0
-0.284
0
0.777
0
0.509
0
-0.518
0
-0.906
0
0.089
0
-0.577
0
0.045
0
0.084
0
-0.224
0
-0.588
0
0.301
0
0.0549999
0
-0.892
0
-0.45
0
0.466
0
0.111
0
0.0880001
0
-0.64
0
0.515
0
-0.605
0
0.00399995
0
0.272
0
-0.257
0
-0.184
0
0
0
0
0.207
0
-0.411
0
0.904
0
-0.069
0
0.248
0
0.836
0
-0.821
0
-0.426
0
-0.556
0
0.154
0
-0.253
0
0.438
0
-0.973
0
0.123
0
0.876
0
0.4
0
-0.098
0
0.36
0
0.635
0
-0.674
0
-0.163
0
0.89
0
0.263
0
-0.225
0
0.409
0
-0.364
0
-0.037
0
-0.973
0
0.676
0
0.964
0
0.105
0
-0.385
0
0.76
0
0.938
0
0.193
0
0.792
0
0
0
0
0.402
0
0.526
0
-0.704
0
0.121
0
0.336
0
-0.746
0
0.529
0
-0.084
0
-0.617
0
0.221
0
-0.629
0
-0.508
0
0.063
0
0.537
0
-0.664
0
-0.014
0
0.592
0
-0.51
0
0.821
0
-0.158
0
0.536
0
-0.686
0
-0.203
0
-0.194
0
-0.853
0
0.184
0
-0.606
0
-0.577
0
-0.822
0
0.339
0
0.105
0
-0.299
0
-0.057
0
-0.771
0
0.406
0
0.00899994
0
0
0
0
0.477
0
0.337
0
0.106
0
-0.893
0
-0.564
0
0.692
0
-0.745
0
-0.985
0
0.429
0
0.591
0
-0.613
0
0.832
0
0.496
0
-0.793
0
0.036
0
0.853
0
-0.168
0
-0.417
0
-0.424
0
0.783
0
-0.94
0
-0.852
0
0.812
0
0.677
0
-0.847
0
0.903
0
0.626
0
-0.292
0
0.894
0
-0.813
0
0.45
0
0.926
0
-0.367
0
0.992
0
0.876
0
0.987
0
0
0
0
0.716
0
0.366
0
0.947
0
0.936
0
0.448
0
-0.478
0
-0.608
0
0.041
0
-0.586
0
-0.556
0
-0.89
0
-0.961
0
0.889
0
-0.582
0
-0.842
0
-0.967
0
0.222
0
-0.316
0
0.334
0
0.202
0
-0.47
0
-0.318
0
0.561
0
0.447
0
-0.586
0
-0.153
0
-0.876
0
0.227
0
0.086
0
0.716
0
-0.263
0
0
0
-0.874
0
-0.952
0
0.321
0
0.454
0
0
0
0
-0.85
0
0.08
0
-0.201
0
0.664
0
0.023
0
0.885
0
-0.698
0
-0.205
0
-0.928
0
0.653
0
0.873
0
-0.678
0
0.729
0
-0.682
0
-0.00800002
0
0.264
0
-0.811
0
-0.603
0
-0.578
0
0.232
0
0.91
0
-0.576
0
0.847
0
0.543
0
0.742
0
0.491
0
-0.196
0
0.988
0
0.513
0
0.849
0
-0.779
0
0.607
0
0.93
0
0.342
0
0.191
0
0.936
0
0
0
0
-0.41
0
0.545
0
0.634
0
-0.062
0
0.404
0
0.863
0
-0.52
0
-0.83
0
-0.861
0
-0.204
0
-0.525
0
-0.467
0
-0.289
0
0.393
0
0.246
0
-0.832
0
0.832
0
0.715
0
-0.425
0
-0.95
0
-0.521
0
-0.733
0
0.154
0
-0.975
0
-0.81
0
0.618
0
-0.427
0
-0.734
0
-0.235
0
-0.308
0
0.787
0
0.887
0
0.322
0
0.925
0
0.892
0
0.702
0
0
0
0
0.1
0
0.183
0
-0.876
0
0.016
0
0.403
0
-0.53
0
-0.14
0
-0.349
0
0.758
0
0.778
0
-0.032
0
0.568
0
-0.955
0
0.053
0
0.75
0
-0.796
0
-0.364
0
0.462
0
-0.831
0
0.281
0
0.829
0
-0.357
0
-0.431
0
-0.787
0
0.653
0
-0.014
0
-0.447
0
0.189
0
0.11
0
0.346
0
0.477
0
-0.078
0
-0.298
0
-0.179
0
-0.414
0
-0.412
0
0


5.511
0
-0.317
0
0.655
0
-0.174
0
0.196
0
-0.773
1
-17.299
1
-4.216
1
0.417001
0
-0.208
1
0.759
0
-0.13
0
-0.685
0
0.26
1
-0.812
0
-0.07
1
-2.425
0
-0.509
0
-0.991
1
10.023
1
-1.159
0
0.312
1
0.766
0
-0.393
1
1.288
0
0.241
1
5.74
0
0.624
1
-5.583
1
0.833
1
5.339
0
-0.769
0
2.67
0
0.244
0
0.0530003
1
-3.762
0
0.452
0
5.511
-8.667
1
-0.0159997
0
9.847
1
0.762
0
0.682
1
4.408
0
-0.055
0
-0.225
0
2.91
1
-0.156
0
-0.048
1
-0.196
1
-7.571
0
-0.397
1
-7.944
0
0.937
0
-0.876
0
-1.137
0
0.794
0
0.554
1
-0.602
0
-0.657
1
-0.948
1
4.08
1
-8.343
1
4.818
1
-1.303
0
-9.933
1
-3.138
1
-14.7
1
0.766
0
0.185
1
-7.612
0
-0.613
0
0.533
0
0.443
0
-0.342
0
-8.667
-5.545
0
-0.586
1
11.47
0
-2.488
1
-0.260001
0
0.295
1
-3.934
1
-1.23
0
-0.65
0
-0.529
0
0.958
0
0.483
1
-5.406
1
-2.719
0
-0.736
1
-1.56
1
-0.722
0
0.632
1
-3.035
1
2.767
1
-1.567
0
-0.077
0
1.792
0
0.15
0
0.251
1
2.952
0
-0.603
0
0.605
0
0.844
0
0.026
0
0.545
0
-0.389
1
-3.577
0
0.992
0
-0.096
0
-0.117
0
-2.011
0
-5.545
-1.877
0
0.388
0
0.414
0
0.721
1
-1.619
0
0.349
0
-0.15
1
-6.598
1
0.096
1
-3.691
0
0.106
0
0.73
1
-2.618
0
-0.518
1
-1.639
1
-4.813
0
0.592
1
-4.712
0
0.097
0
-0.634
0
-2.279
1
-1.032
0
0.567
1
-1.611
0
-0.81
0
0.135
1
-4.592
0
-0.539
1
-6.732
0
-0.313
0
0.514
0
0.428
0
0.478
1
5.816
1
11.202
1
0.725
0
0.833001
0
-1.877
-4.271
1
1.881
1
-3.959
1
-5.141
0
0.0140001
0
-2.574
1
-5.401
0
0.0549999
0
0.888
0
0.91
0
-0.482
0
-0.948
1
1.07
0
-0.248
0
-0.707
0
-4.992
0
-2.578
0
-0.911
1
-0.956
1
0.196
0
-3.141
1
1.049
0
0.063
1
-1.625
0
-0.392
0
0.255
0
0.00899994
0
-0.692
0
0.562
0
0.782
0
-2.355
1
-9.614
1
1.366
0
-0.271
0
-0.806
0
0.227
0
-0.118
1
-4.271


-3.91
0
0.836
1
-2.757
0
0.107
1
-0.537
1
-1.589
0
0.99
0
-0.806
0
0.976
0
1.909
1
2.997
0
-0.454
0
0.311
0
0.354
1
5.074
0
-0.337
0
-8.407
0
0.987
0
-0.637
1
2.184
0
-0.525
0
-0.427
0
0.67
0
-0.936
0
-0.821
1
-2.686
1
5.159
0
-0.756
0
-0.996
0
0.95
1
-7.055
0
-0.18
0
-0.999
0
-0.263
0
0.897
0
-0.798
0
-0.74
0
-3.91
-26.994
1
0.73
0
0.376
1
3.088
1
-3.593
0
-0.911
0
-0.22
1
-0.062
0
0.837
1
-2.565
1
0.706
0
-0.462
0
0.619
0
-0.9
1
-0.988
0
6.936
0
-0.384
1
-8.4
0
0.144
0
-0.146
1
-5.366
1
-3.022
0
0.392
0
-0.18
1
-2.156
0
0.25
0
4.963
0
-0.611
0
-0.38
1
-0.315
1
-0.581
0
1.981
0
0.627
1
-6.902
1
0.808
1
-2.314
1
-9.257
0
-26.994
4.414
1
1.175
0
-0.839
0
0.135
1
-4.504
1
7.686
0
-0.087
1
0.21
0
0.952
1
-1.429
0
-0.192
0
0.971
0
-0.986
0
-0.164
0
-3.027
1
3.174
0
0.757
0
0.0599999
1
-2.338
0
-0.456
1
-3.764
1
-0.711
0
-0.465
0
-0.815
0
-0.389
1
-0.033
0
0.598
0
0.936
0
-0.81
1
-1.543
0
-2.229
0
0.457
0
0.785
1
-2.57
0
-0.031
0
-0.597
1
-2.981
1
4.414
-16.747
0
-0.822
0
0.977
0
0.051
1
0.189
1
-5.613
1
-3.635
1
0.419
0
0.107
0
-0.759
0
0.62
0
-0.928
1
-0.875
1
-3.218
1
1.008
0
2.042
1
2.667
1
0.095
1
-8.152
0
-0.392
1
4.359
0
-0.626
0
0.797
0
-0.214
0
0.796
1
-3.612
1
-11.03
1
-0.682
0
-0.859
0
-0.326
0
-0.965
0
-1.536
0
-0.443
1
0.0200005
1
-5.13
1
16.219
1
5.897
1
-16.747
5.656
1
1.841
0
0.886
0
0.54
0
0.853
0
-0.339
0
0.139
1
-3.755
0
-0.635
1
-1.686
0
0.818
1
-3.282
0
-0.543
0
0.603
0
-0.431
1
3.569
0
0.968
0
-0.327
0
0.557
0
-1.771
1
-8.095
0
-3.538
0
-0.594
0
0.956
1
-0.581
1
-7.905
0
-1.445
1
-0.879
0
0.269
0
-0.158
0
-0.218
1
-0.648
0
-0.45
1
-0.450001
0
-0.543
1
7.287
0
1.443
1
5.656


-8.421
0
-2.218
1
4.004
0
-0.231
0
0.633
0
0.863
1
5.69
0
0.41
1
0.646
0
-0.225
0
-0.976
0
0.241
1
-5.16
1
0.412
1
6.524
1
-7.545
0
0.035
1
4.316
0
0.657
0
-0.148
1
-3.832
1
2.603
0
-0.334
1
-1.374
1
-5.449
0
-0.658
1
2.461
0
-8.792
1
-11.489
0
0.433
0
-0.18
0
0.936
0
0.647
0
0.981
0
0.828
0
0.959
1
-0.681
0
-8.421
-2.736
0
-3.096
1
-6.772
0
-0.439
1
-0.979
0
-0.0560002
0
-0.045
0
-0.126
0
-0.08
0
0.546
0
0.381
1
-0.456
1
-0.737
1
-7.051
1
-5.646
0
-0.506
0
-7.973
1
-0.259
0
-0.809
1
-2.828
1
-3.224
0
6.449
0
0.9
0
-6.885
0
-0.101
1
-2.027
1
-4.681
0
0.214
1
-3.686
0
-1.792
1
-0.516
1
0.881
1
-0.392
1
-2.35
0
0.7
0
-0.38
0
1.268
0
-2.736
-9.409
0
-0.572
1
12.719
0
0.072
0
0.802
0
0.485
1
0.803
0
-0.00700003
1
0.529
0
-0.647
1
-0.769
0
-0.095
1
-1.47
1
3.629
0
-0.996
1
0.0479999
1
1.105
0
0.349
1
-1.415
1
-14.369
1
-1.927
0
0.262
1
-0.334999
1
-11.677
1
0.684
0
-0.015
1
-0.183
0
-0.349
0
1.554
1
-2.991
1
2.265
0
-2.461
1
3.738
0
-9.741
1
2.89
0
-0.692
0
2.838
0
-9.409
7.007
1
9.051
1
-3.672
0
-0.459
0
0.401
0
-0.169
0
0.081
0
0.062
0
-0.888
0
-0.646
0
0.644
1
-1.404
0
-0.763
0
-0.616
0
-0.789
1
2.87
0
-0.396
1
3.358
0
0.148
1
-2.009
0
0.657
0
0.388
1
-1.564
0
-2.994
1
-4.906
0
-0.653
1
-1.818
0
-0.559
0
-0.404
1
-1.646
1
-1.219
1
4.841
1
-12.037
1
4.387
0
-0.2
1
-1.027
0
0.578
0
7.007
-0.932
1
-5.264
0
-0.427
0
-0.772
0
-0.621
0
0.162
0
-0.671
0
0.253
0
-0.781
1
-7.502
0
0.524
0
0.454
0
0.251
1
-5.397
1
0.84
0
-1.082
1
-16.191
0
-0.949
0
-0.72
0
0.179
1
1.401
0
0.652
1
-4.641
0
0.24
0
0.253
0
-0.806
1
-1.784
1
2.835
1
2.257
0
-0.333
1
1.06
0
-0.00300002
1
-8.835
1
1.823
1
-0.499
0
-0.668
0
-0.255
0
-0.932


-5.322
1
0.417
1
6.843
0
-0.288
0
-0.779
1
-2.548
0
1.452
0
0.112
0
0.00399995
0
0.492
1
1.778
0
-0.182
0
0.333
0
-0.643
1
-1.276
1
0.27
0
0.473
0
-2.722
1
-4.929
1
4.101
0
-0.681
0
-0.994
1
-6.693
0
-0.425
1
3.14
0
0.397
1
-2.509
0
-2.414
1
0.156
1
-1.553
0
-1.874
0
0.288
1
-4.425
1
-0.891
0
-0.829
1
-5.124
0
1.051
1
-5.322
12.263
0
0.419
0
-0.961
0
-0.573
0
-0.9
0
0.595
0
-5.945
1
0.28
0
-0.253
1
-6.094
0
0.029
1
1.311
1
-9.655
1
7.326
0
-0.335
0
-0.688
0
-0.527
1
-0.695
0
-0.173
1
-2.476
0
0.754
0
-1.311
1
-4.195
0
0.853
1
6.008
0
0.149
1
-3.324
0
0.235
0
0.187
0
-0.56
1
-8.842
1
1.021
0
-1.039
0
1.986
0
-0.234
1
0.0730001
1
-0.384
0
12.263
0.459
1
-0.336
0
-0.59
1
-6.749
1
-7.688
0
-0.829
1
-0.713
0
0.771
1
0.414
1
-2.077
0
-0.343
0
-0.194
1
2.28
0
-0.594
0
0.222
0
0.983
0
-0.256
0
1.553
0
0.552
1
2.867
0
0.274
1
-0.713
1
-1.957
1
-2.121
0
-4.144
0
-0.11
0
0.256
1
-4.015
0
-0.751
0
-0.529
1
11.324
1
-4.749
0
-1.93
1
-2.528
1
-5.732
0
0.407
0
0.245
0
0.459
-4.15
0
-7.474
0
-0.599
0
-0.553
0
0.489
0
0.625
0
-0.176
0
0.319
1
-3.416
0
-3.288
1
-5.9
0
0.076
0
-0.765
1
-0.81
0
0.143
1
0.234
0
0.133
1
-2.219
0
0.086
1
0.987
1
-3.964
1
-5.249
1
-2.282
1
-0.967
0
-3.701
1
-6.974
1
0.326
0
0.116
0
-7.043
1
2.561
1
-6.711
0
1.9
0
-0.357
1
-4.876
0
0.584
1
-5.491
0
0.41
0
-4.15
2.375
0
-0.047
1
0.00999975
1
3.031
0
-4.113
0
-0.768
0
0.47
0
-2.16
0
-7.15
1
-4.674
0
-0.314
1
2.677
0
-0.025
1
-0.186
0
0.866
1
-3.614
0
0.498
1
0.109
1
4.732
0
0.478
1
0.369
0
-0.267
0
0.405
0
4.861
0
0.884
1
-2.118
0
-0.105
1
-4.482
0
-0.835
0
-0.5
0
4.149
1
-4.909
0
0.385
0
-3.896
1
6.647
0
-0.128
0
0.676
0
2.375


-10.492
0
-0.479
0
-1.773
1
9.586
0
0.384
1
4.15
1
1.455
0
0.195
0
0.922
0
-2.242
1
-0.535001
0
0.147
0
-0.883
1
-9.049
0
-0.185
0
0.689
1
0.674
0
-0.457
0
-0.291
0
-0.775
0
-10.95
1
-5.821
1
-0.884
1
0.978
0
0.186
0
0.876
1
-5.562
1
-1.092
0
-0.916
0
-3.591
0
0.295
0
-0.56
1
1.371
0
0.441
0
0.881
0
0.449
0
-0.294
1
-10.492
3.566
1
-2.205
1
-9.608
0
-6.844
1
-1.769
0
-0.963
0
2.791
1
4.615
1
-3.289
1
0.722
1
-0.518
1
10.533
0
-0.581
1
-2.105
1
-5.128
1
-5.405
0
-2.461
0
0.0470001
1
-2.168
0
0.368
1
-4.29
1
11.487
0
0.344
1
-2.159
1
-6.126
0
0.045
0
-0.197
1
-2.516
0
-2.535
0
-3.191
0
0.348
1
-3.729
0
-0.577
0
0.332
1
1.823
1
-4.509
0
-0.616
0
3.566
-0.805
1
-1.294
0
0.657
0
0.58
1
-5.001
0
-0.762
0
-0.137
1
-0.053
0
-0.537
0
-0.786
0
0.487
0
-0.19
1
3.642
0
-0.86
0
-0.578
1
1.831
0
-0.607
1
-6.453
1
2.673
0
0.439
0
0.203
1
-9.018
1
-1.614
1
7.595
0
-0.769
1
3.199
0
-0.441
0
-0.649
1
-3.676
1
0.24
1
-1.505
0
-0.896
1
2.976
1
0.331
1
-2.234
1
4.066
0
2.287
0
-0.805
-1.157
1
5.168
1
-3.722
0
0.81
1
-5.116
0
0.817
0
-0.637
0
0.112
0
1.5
1
-0.809
0
-0.574
0
0.835
1
-4.192
1
-3.418
1
1.935
0
0.126
0
-0.597
1
3.87
0
-0.647
1
-1.598
1
0.157
1
1.15
1
-6.077
0
-0.072
0
-0.969
0
-1.085
1
0.357
0
-2.12
0
0.526
0
3.01
1
-13.797
1
0.285
1
-3.923
0
0.455
0
-0.609
0
-0.624
0
-0.473
1
-1.157
-7.475
0
-2.646
1
-0.373
0
0.585
0
0.944
0
-0.875
0
9.495
0
0.964
1
-6.793
0
-0.85
1
5.291
0
0.782
0
0.993
0
-4.357
1
0.104
1
-0.538
0
-0.646
0
-0.005
0
0.1
0
0.773
0
0.537
1
-6.051
1
-10.721
0
-0.592
0
-0.245
0
-0.368
0
-0.178
0
-4.94
0
-1.554
0
-5.15
0
0.989
0
-0.848
0
0.176
0
0.592
0
-0.847
0
0.079
1
6.074
1
-7.475


0.136
1
1.908
0
-0.292
0
0.901
1
1.861
0
-0.792
0
0.974
1
-8.142
0
0.228
0
0.394
0
0.199
0
-0.281
0
-0.465
0
0.845
0
0.723
1
-0.591
0
-0.614
0
0.829
0
0.786
1
-5.14
1
-1.066
0
-0.868
0
0.987
0
-1
0
-0.61
0
-0.966
0
-0.526
0
-0.075
0
0.444
0
0.262
0
0.407
0
0.682
1
0.974
1
-3.043
1
9.003
0
-0.037
0
-0.064
1
0.136
