

0
0
0.319
0
-0.372
0
-0.079
0
-0.416
0
-0.479
0
-0.328
0
-0.339
0
0.232
0
-0.302
0
0.305
0
0.226
0
0.047
0
0.468
0
-0.114
0
0.283
0
-0.351
0
0.034
0
-0.086
0
0.256
0
-0.06
0
-0.054
0
0
0
0
0.451
0
0.14
0
0.459
0
0.38
0
0.401
0
-0.135
0
0.33
0
-0.032
0
0.402
0
0.135
0
-0.119
0
-0.212
0
-0.169
0
-0.395
0
-0.005
0
-0.336
0
0.376
0
-0.326
0
0.319
0
0.17
0
-0.328
0
0
0
0
0.489
0
0.307
0
-0.364
0
-0.462
0
-0.028
0
0.443
0
-0.226
0
0.226
0
0.321
0
-0.005
0
0.402
0
0.309
0
-0.198
0
0.019
0
-0.499
0
0.244
0
0.069
0
0.398
0
-0.187
0
-0.13
0
-0.118
0
0
0
0
-0.345
0
0.387
0
0.483
0
0.473
0
0.263
0
-0.425
0
0.084
0
0.07
0
-0.499
0
-0.433
0
0.018
0
-0.312
0
0.078
0
0.166
0
-0.161
0
0.169
0
-0.039
0
0.45
0
-0.157
0
-0.131
0
0.357
0
0
0
0
-0.166
0
0.493
0
-0.497
0
0.082
0
-0.103
0
-0.469
0
-0.182
0
-0.446
0
0.34
0
-0.062
0
-0.076
0
0.457
0
-0.119
0
-0.096
0
-0.28
0
0.476
0
-0.378
0
0.396
0
-0.313
0
0.00599998
0
0.245
0
0
0
0
-0.262
0
-0.43
0
0.052
0
0.062
0
-0.039
0
-0.014
0
-0.014
0
-0.043
0
-0.243
0
-0.361
0
-0.132
0
0.318
0
0.199
0
-0.35
0
0.422
0
0.268
0
-0.057
0
-0.432
0
-0.09
0
0.205
0
-0.366
0
0
0
0
-0.203
0
-0.144
0
0.178
0
-0.002
0
0.08
0
0.23
0
0.084
0
-0.105
0
-0.452
0
0.33
0
0.29
0
0.219
0
-0.347
0
0.126
0
-0.308
0
0.044
0
0.147
0
-0.338
0
-0.131
0
0.474
0
-0.302
0
0
0
0
0.337
0
-0.415
0
-0.307
0
0.278
0
-0.286
0
-0.243
0
0.389
0
0.309
0
-0.025
0
-0.482
0
0.352
0
-0.453
0
-0.087
0
0.345
0
-0.076
0
-0.228
0
0.22
0
0.44
0
-0.304
0
0.28
0
-0.274
0
0
0
0
0.481
0
-0.228
0
-0.359
0
-0.353
0
0.115
0
-0.043
0
-0.109
0
0.244
0
-0.124
0
-0.005
0
-0.433
0
0.293
0
0.358
0
0.039
0
-0.061
0
-0.396
0
-0.213
0
-0.348
0
0.275
0
-0.02
0
-0.359
0
0
0
0
-0.25
0
-0.098
0
0.325
0
0.218
0
0.268
0
-0.331
0
0.454
0
-0.155
0
0.468
0
0.337
0
-0.127
0
0.055
0
0.288
0
0.146
0
-0.489
0
0.441
0
0.339
0
-0.234
0
0.044
0
0.231
0
-0.114
0
0


-15.469
0
-0.36
1
-8.497
1
-1.29
0
-0.307
0
-0.475
0
-0.191
0
0.434
0
-0.169
1
-5.999
0
0.334
1
2.543
0
0.437
1
1.801
0
0.241
0
-0.009
1
-4.919
0
0.146
0
0.037
0
0.121
1
-2.905
0
0.249
1
-15.469
-3.818
0
0.183
0
-0.327
0
0.162
0
-0.042
1
-0.085
1
5.862
0
-0.082
0
0.389
0
0.43
0
0.417
1
-5.557
0
0.185
0
-0.431
0
-0.466
1
-14.283
0
0.148
0
-0.252
0
0.067
0
-0.33
0
-0.23
0
-0.189
0
-3.818
-2.196
1
0.745
1
-4.277
1
-0.00500065
0
6.869
1
-9.638
1
5.027
0
0.064
0
0.48
0
-0.043
0
0.211
0
-0.005
0
-0.468
0
-2.899
0
0.036
1
6.302
0
0.253
1
-2.835
0
-0.269
0
0.089
1
-3.369
0
0.145
0
-2.196
-4.739
0
-0.284
1
14.186
0
0.019
0
-0.316
0
-0.019
0
0.049
0
-0.178
0
0.326
0
0.311
1
-0.868999
0
-0.435
0
0.166
0
0.146
1
-13.511
0
0.069
0
0.393
0
0.16
0
0.365
0
-0.062
0
0.00800002
0
-0.439
0
-4.739
-2.652
1
-1.967
1
-2.556
1
-4.456
1
8.596
0
-0.26
1
-10.745
1
-3.18
0
-0.183
0
-0.016
0
0.197
0
-0.161
0
-0.186
0
0.407
1
2.582
0
-0.263
0
0.183
1
-5.71
0
0.459
0
0.219
0
-0.296
1
-0.0699998
1
-2.652


3.45
0
-0.483
0
-0.013
0
-0.195
0
-0.225
0
-0.452
0
-0.457
1
2.053
0
0.06
1
2.267
1
-13.019
1
-16.231
0
-0.377
0
-0.126
0
-0.077
0
-0.496
0
0.445
0
-7.747
0
-0.382
0
-4.641
0
-0.284
0
0.005
1
3.45
-0.97
1
-13.898
0
0.281
1
-2.432
0
0.057
0
-0.332
0
0.158
0
-0.047
0
0.459
1
2.807
0
0.34
0
-0.419
0
0.1
1
-21.223
0
0.201
0
-0.312
1
-8.642
0
-0.364
0
-0.122
0
-0.198
0
-0.393
0
-0.117
1
-0.97
-7.078
0
0.118
0
-0.036
0
0.00199997
0
0.307
0
0.46
0
-0.24
0
-0.379
0
0.373
0
0.303
0
0.157
0
0.074
1
-12.633
0
0.391
0
0.219
0
-0.264
0
-0.36
1
-5.642
0
-3.456
0
-0.11
1
10.928
0
0.092
1
-7.078
-3.708
0
-0.237
1
13.44
0
0.337
0
0.00199997
0
0.118
1
-6.09
0
-0.118
0
0.476
0
-3.632
1
2.169
1
-2.23
0
-0.463
0
-0.031
0
0.478
1
0.724
0
-0.073
0
-0.158
1
-7.99
0
-0.407
1
-13.993
0
-0.147
1
-3.708
-2.221
1
-5.59
1
-9.553
0
0.043
0
0.044
1
1.525
0
0.094
0
-0.142
0
0.096
0
-0.406
1
-3.758
1
-0.641
0
-0.493
0
-0.48
0
9.027
0
0.282
0
-0.133
0
-0.111
1
-1.913
0
0.326
0
-0.134
1
4.022
0
-2.221


1.388
0
-1.336
0
0.357
0
0.017
1
2.228
1
-5.795
0
-0.125
0
-0.221
0
-0.017
0
0.144
0
0.413
0
-13.531
0
0.321
0
-0.03
1
0.255
0
0.225
1
6.114
0
-0.403
0
0.342
0
0.27
1
3.84
0
-0.011
0
1.388


0
0
-0.109
0
-0.322
0
-0.19
0
-0.113
0
0.385
0
-0.294
0
0.237
0
0.427
0
-0.067
0
-0.466
0
-0.437
0
0.397
0
0.343
0
-0.009
0
0.404
0
0.409
0
-0.051
0
-0.117
0
0.156
0
-0.161
0
0.166
0
0
0
0
0.19
0
-0.364
0
-0.107
0
0.448
0
0.155
0
0.161
0
-0.431
0
-0.348
0
0.042
0
-0.488
0
-0.477
0
0.102
0
0.124
0
-0.456
0
-0.223
0
-0.245
0
0.00300002
0
-0.172
0
-0.291
0
-0.207
0
-0.262
0
0
0
0
-0.491
0
-0.08
0
0.191
0
-0.43
0
-0.031
0
-0.082
0
0.27
0
-0.381
0
0.274
0
-0.402
0
-0.031
0
0.483
0
0.481
0
0.247
0
0.13
0
0
0
-0.208
0
0.271
0
0.273
0
0.406
0
-0.465
0
0
0
0
-0.189
0
-0.089
0
0.47
0
0.089
0
-0.476
0
-0.408
0
0.127
0
-0.115
0
0.096
0
-0.346
0
-0.148
0
-0.248
0
0.155
0
-0.335
0
-0.464
0
0.119
0
-0.106
0
0.293
0
-0.274
0
-0.105
0
-0.339
0
0
0
0
0.342
0
-0.095
0
0.216
0
0.213
0
0.189
0
0.00700003
0
0.103
0
0.194
0
0.283
0
0.088
0
-0.173
0
-0.107
0
0.019
0
-0.438
0
-0.21
0
-0.274
0
-0.287
0
0.288
0
-0.104
0
-0.146
0
0.344
0
0
0
0
-0.316
0
-0.304
0
-0.136
0
-0.038
0
-0.466
0
0.262
0
-0.462
0
-0.201
0
0.037
0
0.245
0
0.13
0
0.27
0
0.029
0
0.436
0
0.454
0
-0.156
0
0.243
0
-0.009
0
-0.28
0
0.125
0
-0.409
0
0
0
0
-0.428
0
-0.132
0
-0.053
0
0.285
0
0.099
0
-0.402
0
-0.392
0
0.011
0
0.349
0
-0.005
0
-0.239
0
-0.096
0
-0.493
0
0.237
0
0.383
0
-0.092
0
-0.244
0
-0.129
0
-0.171
0
0.357
0
0.264
0
0
0
0
-0.445
0
0.223
0
-0.03
0
0.424
0
-0.116
0
0.165
0
-0.323
0
-0.401
0
-0.36
0
-0.454
0
-0.00400001
0
-0.38
0
0.415
0
0.327
0
-0.453
0
0.415
0
0.202
0
-0.27
0
0.277
0
-0.149
0
0.296
0
0
0
0
-0.271
0
0.314
0
-0.155
0
0.358
0
0.4
0
0.401
0
0.32
0
-0.191
0
-0.124
0
-0.13
0
-0.176
0
0.352
0
0.00400001
0
-0.11
0
-0.187
0
-0.481
0
0.425
0
0.463
0
0.367
0
0.259
0
-0.229
0
0
0
0
0.422
0
0.493
0
-0.173
0
-0.223
0
0.441
0
-0.115
0
0.311
0
0.404
0
-0.222
0
-0.299
0
0.444
0
0.353
0
0.433
0
-0.427
0
0.374
0
0.22
0
-0.018
0
-0.171
0
-0.361
0
-0.185
0
-0.459
0
0


0.792
0
-0.012
0
-0.212
0
-0.324
1
-5.643
1
1.19
1
0.848
0
-0.44
0
-0.453
1
-4.47
0
0.297
0
-0.403
1
-4.776
0
-0.011
0
-0.078
1
-4.367
0
3.571
0
0.476
1
4.874
0
-0.284
1
-0.883
1
-1.623
0
0.792
-1.268
0
0.27
1
-1.609
0
0.483
0
-0.129
0
-3.661
0
-0.303
0
-0.087
1
19.269
0
-0.036
0
-0.165
1
0.742
0
-0.277
0
-0.308
0
-0.246
0
-0.355
0
-0.207
1
-6.134
0
-0.484
0
0.083
0
2.517
1
7.119
0
-1.268
-9.286
0
0.24
1
-10.3
1
-8.841
0
0.106
0
-0.143
0
0.077
0
0.075
0
0.39
0
-0.408
0
-4.011
0
0.228
0
0.306
0
0.052
0
0.181
0
0.376
1
-3.968
1
-0.144
0
-7.071
0
0.06
0
-0.457
0
-0.346
1
-9.286
2.5
0
0.214
0
-0.00600001
0
-0.23
0
0.146
1
3.119
0
0.017
1
0.126
0
0.452
1
-2.82
0
-0.312
0
0.134
0
-0.433
1
3.317
0
-0.28
0
0.264
0
0.301
1
5.393
0
0.34
0
-0.497
0
-0.399
1
6.318
0
2.5
4.781
1
-5.173
0
0.199
0
0.028
0
0.398
0
0.005
0
-0.018
1
5.517
0
-0.387
0
-0.386
0
0.102
0
-0.266
1
1.393
1
0.855
0
-0.162
1
6.168
1
0.0620003
0
0.425
0
0.422
0
-0.138
0
-0.00400001
1
0.715
0
4.781


-2.579
1
-4.56
0
-0.183
1
-3.699
0
0.021
0
0.131
0
-0.061
1
-3.256
1
-4.58
0
0.042
0
0.435
0
-3.464
0
-0.243
1
2.502
0
-0.482
0
0.312
0
0.467
0
0.22
0
0.121
0
0.487
0
0.398
1
-8.719
0
-2.579
-0.75
1
-4.523
0
-0.493
1
-1.661
0
0.453
0
-0.306
0
0.466
0
1.967
0
4.134
0
0.363
0
-0.05
0
0.094
1
1.401
0
-0.144
0
0.039
0
-0.1
0
0.059
1
3.483
1
5.831
0
-0.29
0
0.284
0
-0.029
0
-0.75
6.225
0
0.159
1
1.058
1
7.868
0
-0.057
1
7.587
0
0.416
1
-1.775
1
2.163
0
0.423
1
2.114
0
-8.386
0
-0.081
0
-0.474
1
-3.829
0
0.322
1
-0.266001
0
0.054
0
0.093
0
-3.391
0
-0.37
0
-0.062
0
6.225
4.662
0
-0.074
1
-0.186
0
-0.198
1
9.467
0
-0.2
0
-0.11
0
0.148
0
-0.359
0
0.433
1
-4.025
0
0.239
0
0.207
0
0.253
0
-0.498
0
-0.44
0
-0.00999999
0
-9.23
0
0.459
0
0.238
0
-0.202
1
-1.461
0
4.662
-0.395
0
0.143
0
0.487
0
-0.33
0
-0.117
0
-0.04
0
-0.344
0
0.081
1
0.0409999
0
-0.401
0
-0.5
0
0.17
1
-0.118
1
0.24
0
-0.289
1
-1.469
0
-0.122
0
0.042
1
9.134
0
-0.407
0
0.202
0
-0.059
0
-0.395


-2.816
0
-0.296
0
0.293
0
0.22
1
0.734
0
0.261
0
0.072
0
-0.234
1
1.029
0
0.145
0
0.09
0
-0.308
1
-4.223
0
0.173
0
0.257
0
0.195
0
-0.392
0
-0.165
0
-0.199
1
0.566999
0
0.43
1
-1.941
0
-2.816


0
0
-0.023
0
-0.439
0
-0.32
0
0.129
0
-0.201
0
-0.413
0
0.258
0
0.144
0
-0.344
0
-0.28
0
0.475
0
0.377
0
-0.184
0
-0.196
0
-0.288
0
0.382
0
0.00199997
0
0.057
0
-0.029
0
-0.171
0
0.249
0
0
0
0
-0.437
0
0.352
0
0.048
0
0.454
0
0.185
0
0.461
0
0.26
0
0.49
0
0.431
0
-0.351
0
0.363
0
-0.359
0
-0.274
0
-0.052
0
0.16
0
-0.253
0
-0.086
0
0.286
0
-0.194
0
0.256
0
0.344
0
0
0
0
-0.41
0
0.411
0
0.197
0
-0.04
0
0.471
0
-0.323
0
0.044
0
-0.324
0
0.367
0
-0.147
0
0.2
0
-0.149
0
0.141
0
0.036
0
-0.207
0
-0.238
0
-0.488
0
-0.059
0
-0.029
0
-0.048
0
-0.18
0
0
0
0
0.424
0
-0.396
0
0.405
0
0.121
0
-0.36
0
-0.198
0
-0.079
0
-0.461
0
-0.437
0
0.389
0
0.436
0
-0.176
0
0.092
0
0.259
0
0.042
0
-0.158
0
0.053
0
-0.433
0
0.364
0
-0.152
0
-0.37
0
0
0
0
-0.014
0
0.329
0
0.00300002
0
-0.486
0
-0.385
0
-0.122
0
0.361
0
0.186
0
-0.438
0
0.251
0
-0.131
0
-0.15
0
-0.112
0
-0.466
0
0.208
0
-0.06
0
-0.315
0
0.342
0
0.422
0
-0.216
0
-0.376
0
0
0
0
-0.125
0
0.14
0
-0.084
0
0.499
0
0.176
0
0.248
0
-0.279
0
-0.468
0
0.277
0
-0.312
0
-0.095
0
0.019
0
-0.057
0
0.397
0
-0.49
0
-0.487
0
-0.208
0
0.484
0
0.248
0
-0.091
0
0.176
0
0
0
0
-0.253
0
0.241
0
0.265
0
-0.395
0
-0.28
0
0.176
0
-0.442
0
0.00599998
0
-0.419
0
-0.255
0
-0.04
0
0.009
0
0.122
0
0.066
0
-0.201
0
-0.42
0
-0.452
0
0.419
0
0.38
0
0.474
0
-0.358
0
0
0
0
-0.128
0
0.468
0
0.463
0
0.404
0
-0.24
0
-0.187
0
0.239
0
-0.326
0
-0.17
0
0.099
0
-0.487
0
0.174
0
-0.215
0
-0.356
0
-0.205
0
0.266
0
0.3
0
0.196
0
0.227
0
-0.000999987
0
-0.186
0
0
0
0
-0.113
0
0.015
0
0.285
0
-0.017
0
-0.092
0
0.22
0
-0.027
0
0.103
0
-0.136
0
-0.196
0
-0.479
0
0.43
0
-0.18
0
0.403
0
-0.00400001
0
0.287
0
-0.075
0
0.383
0
0.351
0
-0.244
0
0.444
0
0
0
0
-0.247
0
0.14
0
-0.152
0
0.489
0
-0.023
0
0.481
0
-0.223
0
0.474
0
-0.091
0
0.343
0
-0.047
0
-0.082
0
0.473
0
-0.047
0
0.062
0
0.143
0
0.057
0
-0.204
0
0.338
0
0.377
0
-0.227
0
0


9.433
0
-0.211
0
-0.379
0
-0.134
0
-0.263
0
0.058
1
-7.11
0
-0.11
0
-0.336
0
0.013
0
-0.204
0
0.201
1
-6.102
0
-0.009
1
-22.223
0
-0.189
0
-2.471
0
-0.132
1
-1.078
0
-0.332
1
-0.662
0
-0.278
0
9.433
-1.364
0
-0.191
0
-0.253
1
6.76
1
2.832
1
3.624
1
3.423
1
-0.893
0
0.394
0
-0.399
1
1.741
0
0.064
0
-0.08
1
-0.456
0
0.129
0
0.461
1
0.241
1
-5.595
1
3.468
0
-0.414
0
0.23
0
0.897
0
-1.364
9.715
1
6.229
1
-17.666
0
0.488
0
-1.391
0
-0.225
0
0.348
1
-13.893
1
7.115
0
-0.308
1
-7.743
0
-0.02
0
0.369
0
-0.372
1
5.412
0
-0.385
0
-0.013
0
-0.305
1
-3.119
1
-7.533
0
-0.177
0
-0.455
1
9.715
8.104
1
-11.447
1
6.218
0
0.018
1
11.167
0
-0.339
1
5.093
0
-1.151
0
0.195
1
-2.087
0
0.484
0
0.405
1
-8.885
0
0.295
0
0.018
0
-0.038
0
0.425
0
0.033
0
-0.428
0
0.337
1
4.584
0
-0.202
1
8.104
0.83
0
-0.031
0
-0.007
0
0.322
0
-0.0810001
1
-3.849
0
0.075
1
6.624
0
-0.27
1
2.442
1
-0.125
0
0.493
0
0.213
0
0.053
0
-0.486
1
-1.359
0
0.377
0
-0.28
0
0.104
0
-0.151
0
0.113
0
0.456
0
0.83


1.39
0
-0.358
0
0.202
1
-8.541
1
0.258
0
-0.019
0
0.224
0
-0.384
0
0.121
0
0.448
0
-0.245
0
0.074
0
-0.776
0
0.046
0
-0.268
0
0.085
0
0.085
0
0.278
1
3.869
0
0.376
1
-5.986
0
0.094
0
1.39
-16.511
0
0.457
0
-0.203
0
0.322
1
4.38
0
0.331
0
0.252
0
-6.571
0
-0.294
0
0.337
0
-0.085
1
-17.862
0
0.396
1
1.557
0
-0.24
0
-0.45
0
0.383
1
3.463
0
-0.186
0
0.128
1
-4.72
0
0.498
1
-16.511
0.0609999
0
-0.416
0
0.185
0
-0.144
1
-0.767
0
0.041
1
-0.13
0
0.024
1
0.973
1
1.039
0
-0.062
0
-0.133
0
0.161
0
-0.193
0
-0.097
0
-0.257
1
1.498
0
-0.018
0
0.025
0
-0.151
0
-0.075
1
-0.305
0
0.0609999
2.788
0
-0.299
0
0.066
0
-0.096
0
-0.452
1
1.99
1
-1.269
0
-0.123
1
3.452
1
-8.182
0
0.064
0
0.158
0
0.173
0
2.344
0
-0.491
1
0.578
1
-13.611
0
-0.24
0
-0.00400001
0
-0.155
0
-2.567
0
0.264
0
2.788
-0.488
1
-0.843
0
0.296
0
-0.25
0
3.37
0
-0.095
0
-0.185
0
-0.319
0
-0.084
0
0.218
0
4.648
0
-0.173
0
-0.275
0
-0.254
0
0.285
1
9.967
1
-7.122
0
0.243
1
3.575
0
-0.063
1
2.561
1
-11.467
0
-0.488


0.194
0
-0.092
0
-0.199
0
-0.317
0
-0.078
0
-0.087
1
0.923
1
1.493
1
1.315
0
0.346
0
-0.344
0
0.473
0
-0.378
0
-0.298
0
-0.205
1
-1.465
0
0.307
0
-0.197
0
0.433
1
-0.894
0
-0.26
0
0.194
0
0.194


0
0
0.076
0
-0.223
0
0.314
0
0.273
0
-0.165
0
0.371
0
-0.486
0
-0.037
0
0.014
0
-0.349
0
0.34
0
0.029
0
-0.349
0
0.061
0
-0.409
0
-0.415
0
-0.499
0
0.443
0
0.022
0
0.372
0
-0.089
0
0
0
0
-0.014
0
0.059
0
-0.135
0
-0.323
0
-0.454
0
-0.013
0
-0.123
0
0.494
0
-0.459
0
0.112
0
0.191
0
-0.208
0
-0.315
0
0.137
0
0.025
0
-0.119
0
0.468
0
0.487
0
0.106
0
0.18
0
0.362
0
0
0
0
0.098
0
0.268
0
-0.05
0
0.423
0
0.449
0
-0.311
0
-0.149
0
-0.254
0
-0.028
0
0.334
0
-0.238
0
0.116
0
-0.333
0
-0.412
0
0.046
0
-0.227
0
0.444
0
0.048
0
0.241
0
-0.237
0
0.098
0
0
0
0
0.009
0
0.021
0
-0.419
0
0.279
0
0.243
0
-0.174
0
-0.355
0
-0.27
0
-0.137
0
0.469
0
0.409
0
0.258
0
-0.402
0
-0.388
0
-0.163
0
0.499
0
-0.292
0
-0.459
0
-0.386
0
-0.475
0
-0.077
0
0
0
0
-0.251
0
0.495
0
0.405
0
-0.174
0
-0.191
0
-0.042
0
0.336
0
-0.089
0
0.498
0
0.414
0
0.166
0
0.102
0
0.111
0
-0.373
0
0.462
0
-0.092
0
0.111
0
-0.375
0
0.342
0
0.208
0
-0.289
0
0
0
0
-0.041
0
-0.155
0
0.325
0
0.12
0
-0.382
0
-0.372
0
0.407
0
0.149
0
-0.467
0
0.178
0
0.458
0
-0.214
0
-0.087
0
0.278
0
0.343
0
-0.31
0
0.012
0
0.309
0
0.046
0
-0.059
0
0.351
0
0
0
0
0.121
0
-0.216
0
-0.315
0
0.16
0
0.055
0
0.385
0
-0.05
0
-0.301
0
0.338
0
-0.199
0
0.155
0
0.302
0
0.412
0
0.122
0
-0.065
0
-0.368
0
-0.062
0
-0.301
0
-0.085
0
-0.361
0
-0.383
0
0
0
0
-0.337
0
0.121
0
-0.292
0
-0.065
0
-0.423
0
0.128
0
-0.44
0
0.23
0
0.454
0
0.378
0
-0.031
0
0.252
0
0.189
0
-0.128
0
-0.196
0
0.199
0
0.345
0
-0.178
0
-0.062
0
-0.109
0
-0.33
0
0
0
0
0.197
0
-0.467
0
-0.47
0
0.121
0
0.281
0
0.27
0
-0.14
0
0.241
0
-0.303
0
0.069
0
-0.1
0
-0.161
0
0.207
0
-0.367
0
-0.486
0
-0.055
0
-0.21
0
-0.231
0
0.122
0
-0.00799999
0
-0.117
0
0
0
0
0.082
0
0.105
0
0.162
0
0.187
0
0.00999999
0
0.254
0
-0.282
0
-0.263
0
-0.49
0
0.288
0
0.455
0
-0.149
0
-0.255
0
0.332
0
-0.394
0
-0.293
0
0.178
0
0.176
0
-0.414
0
-0.389
0
-0.386
0
0


-4.156
1
-3.3
0
-0.355
0
0.014
1
4.986
1
1.018
0
-0.234
0
-0.138
0
-0.325
0
0.029
0
0.024
0
-0.119
0
0.336
1
-12.097
0
0.482
0
11.215
0
0.296
0
-0.457
1
-0.281
0
0.113
1
-4.3
0
-0.262
1
-4.156
-3.364
0
0.484
1
-8.533
1
4.854
0
-5.276
0
-0.264
0
-0.296
1
-2.145
0
-0.092
0
-0.304
0
0.307
0
-0.063
0
-0.273
0
0.174
1
-0.467
0
-0.345
0
-0.148
1
-0.583
1
-3.631
0
0.341
0
0.18
1
-1.662
0
-3.364
0.382
1
-0.374
0
-0.088
0
0.135
0
-9.245
0
0.492
0
0.247
0
-0.354
0
2.545
0
-0.038
1
18.219
1
2.743
0
0.116
0
-0.231
0
0.286
0
-0.476
1
1.2
0
-0.285
0
0.147
0
-0.422
0
8.552
0
0.126
0
0.382
-0.611
0
0.179
0
-0.109
0
0.277
0
-0.087
0
-0.285
0
-0.163
0
-5.62
1
1.618
0
0.206
1
-1.012
1
12.913
1
-1.828
0
-0.384
0
0.363
0
0.302
1
-4.615
0
0.175
1
0.204
0
-0.083
0
-7.066
0
0.081
0
-0.611
0.099
1
-2.546
1
-1.191
0
0.363
1
6.14
0
-0.194
1
-5.095
1
-1.209
1
-10.058
0
-0.016
0
0.252
1
0.506
0
-0.24
0
-0.086
0
-0.089
0
0.383
0
-0.344
1
-5.326
0
0.261
0
-0.149
1
5.081
0
-0.234
1
0.099


-3.838
0
-3.519
1
0.056
1
-3.062
0
-0.189
0
0.214
0
-0.073
0
-11.402
0
0.075
0
0.036
0
0.483
0
-0.259
0
0.473
0
0.378
0
0.421
0
-0.396
0
-0.116
0
-0.057
1
13.828
1
-7.08
0
0.26
0
0.321
0
-3.838
1.479
0
-0.44
1
-2.543
0
-0.485
0
0.234
0
-0.08
0
0.017
0
0.193
0
0.2
0
-0.299
0
-0.449
0
-0.036
1
11.812
0
0.405
0
-0.454
0
5.196
0
-0.00299999
1
4.478
1
8.332
1
-6.121
0
0.077
0
-0.401
0
1.479
-2.792
0
0.155
0
0.369
1
-2.674
0
0.343
0
0.107
1
3.902
1
9.163
1
0.289
1
-11.699
1
2.24
0
-0.356
0
0.443
0
0.193
1
-1.056
1
-2.917
0
-0.241
1
0.488
0
-0.324
0
-0.46
0
-9.164
0
2.424
0
-2.792
-0.21
1
-4.479
0
-0.392
0
-0.399
0
-0.301
0
-0.182
0
-0.496
0
0.324
0
0.212
0
-0.13
0
-0.372
0
0.204
0
0.093
0
-0.227
0
-0.202
0
0.133
0
-0.002
1
-23.843
1
4.129
0
0.211
0
0.272
0
0.32
0
-0.21
-3.715
0
-0.348
1
8.13
0
-0.043
1
-9.248
0
-0.393
1
2.123
0
-0.336
1
-4.182
0
-0.326
1
-5.804
0
-0.146
0
0.48
1
6.612
0
0.408
1
-4.436
1
4.506
0
-0.096
0
-0.002
0
0.141
1
-1.021
1
1.997
0
-3.715


0.564
1
0.232
0
-0.393
0
-0.00400001
1
-0.575
1
-0.498
0
-0.447
0
0.267
0
0.043
0
0.152
0
-0.425
0
-0.239999
0
0
0
-0.306
0
0.445
0
0.126
0
0.12
0
0.429
0
-0.331
0
0.389
1
2.439
0
0.109
0
0.564
