

0
0
0.274
0
-0.443
0
0.026
0
-0.113
0
0.355
0
0.221
0
-0.397
0
-0.00600001
0
-0.432
0
0.153
0
0.224
0
0.148
0
-0.124
0
0.148
0
0.171
0
0.029
0
0.203
0
0.395
0
-0.43
0
0.042
0
0.284
0
-0.479
0
0.485
0
-0.477
0
0.229
0
0.243
0
-0.229
0
0
0
0
-0.425
0
-0.216
0
0.135
0
0.485
0
0.009
0
-0.095
0
0.138
0
-0.481
0
-0.33
0
-0.029
0
0.084
0
-0.341
0
0.069
0
-0.448
0
0.077
0
-0.45
0
-0.254
0
0.363
0
0.211
0
0.463
0
0.076
0
0.167
0
0.452
0
0.429
0
-0.414
0
0.163
0
0.041
0
0
0
0
0.169
0
-0.33
0
0.232
0
-0.142
0
0.088
0
0.175
0
0.363
0
-0.045
0
0.366
0
-0.299
0
0.207
0
0.178
0
-0.431
0
-0.368
0
-0.013
0
-0.416
0
-0.16
0
-0.385
0
0.399
0
0.269
0
0.045
0
-0.025
0
-0.47
0
0.16
0
0.334
0
0.377
0
0.271
0
0
0
0
-0.089
0
-0.048
0
-0.411
0
-0.276
0
-0.433
0
0.059
0
-0.489
0
0.333
0
-0.232
0
0.38
0
0.011
0
-0.104
0
-0.163
0
0.052
0
-0.191
0
0.399
0
0.297
0
-0.223
0
0.22
0
-0.049
0
0.13
0
-0.098
0
-0.299
0
-0.081
0
-0.136
0
0.34
0
-0.13
0
0
0
0
0.096
0
-0.11
0
0.016
0
-0.316
0
-0.169
0
-0.453
0
0.09
0
0.037
0
-0.304
0
-0.372
0
-0.258
0
0.204
0
0.169
0
0.169
0
0.337
0
-0.012
0
0.461
0
-0.077
0
0.195
0
-0.244
0
0.18
0
-0.288
0
0.102
0
-0.067
0
-0.149
0
-0.142
0
-0.269
0
0
0
0
-0.426
0
-0.151
0
0.441
0
-0.494
0
0.153
0
0.199
0
0.168
0
0.056
0
0.262
0
0.044
0
0.247
0
-0.025
0
-0.253
0
0.277
0
0.024
0
-0.479
0
-0.059
0
-0.353
0
-0.302
0
0.458
0
-0.216
0
-0.266
0
0.484
0
0.044
0
0.012
0
-0.139
0
-0.023
0
0
0
0
0.191
0
0.332
0
0.27
0
-0.143
0
0.117
0
-0.259
0
0.109
0
-0.162
0
0.272
0
0.196
0
-0.446
0
-0.091
0
0.482
0
-0.066
0
0.273
0
-0.069
0
0.4
0
0.031
0
0.461
0
0.287
0
0.139
0
0.455
0
0.307
0
-0.048
0
0.224
0
-0.329
0
-0.39
0
0
0
0
-0.379
0
-0.024
0
0.075
0
-0.021
0
-0.186
0
0.366
0
0.053
0
0.259
0
-0.196
0
0.359
0
-0.461
0
-0.115
0
0.392
0
0.413
0
-0.12
0
0.42
0
-0.222
0
-0.259
0
0.075
0
-0.456
0
-0.417
0
-0.364
0
-0.153
0
0.013
0
-0.151
0
0.353
0
-0.412
0
0
0
0
0.044
0
-0.076
0
0.378
0
0.098
0
-0.24
0
0.464
0
-0.183
0
0.158
0
-0.074
0
0.411
0
0.187
0
-0.075
0
0.258
0
0.215
0
0.348
0
-0.364
0
0.185
0
-0.217
0
-0.311
0
-0.134
0
-0.389
0
0.445
0
0.181
0
-0.24
0
-0.074
0
-0.219
0
-0.179
0
0
0
0
-0.086
0
0.016
0
-0.472
0
-0.251
0
-0.248
0
-0.359
0
0.279
0
0.438
0
0.233
0
-0.377
0
-0.277
0
-0.244
0
-0.301
0
-0.372
0
0.345
0
0.349
0
-0.342
0
-0.219
0
-0.17
0
0.047
0
-0.326
0
0.082
0
0.39
0
0.428
0
0.368
0
-0.017
0
-0.029
0
0


2.264
1
0.729
0
0.28
0
-0.33
0
-0.431
0
0.269
0
-0.314
0
0.09
0
0.016
0
0.071
0
-0.00999999
0
0.292
0
0.41
0
-0.397
1
-0.474
0
-0.183
0
-0.496
0
-0.168
1
-5.781
0
0.428
0
-0.382
0
-0.186
0
0.429
0
-0.239
0
0.175
1
-1.259
0
-0.298
0
0.11
0
2.264
-4.84
0
0.244
0
-0.404
0
-0.208
0
0.032
1
-1.283
0
-0.306
0
-0.243
0
0.02
0
0.184
1
-2.316
0
-0.142
0
0.104
0
0.104
0
-0.364
0
0.295
0
-0.128
0
0.451
0
-0.299
0
0.458
0
0.105
0
0.453
1
-1.434
0
0.068
0
0.34
1
0.628
0
0.24
0
-0.07
1
-4.84
-2.207
0
0.021
0
0.053
0
-0.45
0
0.292
0
0.17
0
-0.277
0
-0.392
0
0.412
0
-0.413
0
-0.288
0
0.057
0
0.245
0
0.19
0
-0.167
0
-0.236
0
0.492
1
0.751
0
0.244
0
-0.435
0
-0.342
0
0.457
0
0.029
0
0.129
1
-0.495
0
-0.191
0
-0.103
0
-0.245
0
-2.207
3.218
0
0.185
0
0.262
0
-0.284
0
0.175
0
-0.042
0
0.263
0
-0.243
0
0.326
0
-0.065
0
0.343
0
0.322
0
0.216
0
-0.342
0
0.173
0
0.07
0
0.32
1
-0.752
0
0.4
0
-0.419
0
0.189
0
0.294
0
-0.43
0
-0.011
1
-0.727
0
-0.404
0
-0.127
1
-1.186
0
3.218
3.887
0
0.242
0
-0.11
0
-0.254
0
0.281
0
-0.00999999
0
0.488
0
0.174
0
0.274
0
-0.262
0
-0.279
0
-0.194
0
-0.239
1
-2.239
0
-0.288
1
2.02
0
0.381
1
-0.475
0
-0.478
0
0.128
0
0.26
0
-0.113
0
-0.379
0
-0.015
0
0.259
0
0.211
0
-0.039
0
0.171
0
3.887
-2.455
0
-0.322
0
0.056
0
-0.066
0
-0.169
0
-0.451
0
-0.07
0
-0.261
0
0.11
0
0.335
0
0.372
1
-1.421
0
0.436
1
-4.126
0
-0.373
0
0.492
0
0.326
0
-0.022
0
0.319
0
0.292
0
-0.342
0
-0.408
0
0.125
0
-0.088
1
0.216
0
0.296
0
0.396
0
-0.264
0
-2.455
0
0
0.00599998
0
-0.197
0
0.361
0
-0.445
0
0.479
0
0.261
0
0.33
0
-0.047
0
0.221
0
-0.326
0
0.101
0
-0.043
0
-0.13
0
0.06
0
0.18
0
-0.197
0
0.057
0
0.00999999
0
-0.082
0
0.252
0
-0.083
0
-0.092
0
-0.311
0
0.279
0
-0.31
1
5.258
0
0.845
1
0
0
0
0.365
0
0.198
0
-0.499
0
0.298
0
0.232
0
-0.339
0
-0.255
0
0.176
0
0.194
0
-0.165
0
0.178
0
-0.089
0
0.058
0
0.446
0
-0.427
0
-0.00299999
0
0.046
0
-0.424
0
-0.333
0
0.277
0
0.163
0
0.276
0
0.109
0
-0.281
0
0.143
0
0.208
0
0.384
0
0


0
0
0.219
0
-0.4
0
0.123
0
-0.473
0
0.073
0
0.246
0
-0.103
0
-0.343
0
-0.19
0
0.357
0
0.473
0
0.141
0
0.305
0
0.13
0
-0.22
0
-0.288
0
-0.045
0
0.36
0
0.311
1
0.425
1
-2.232
0
-0.344
0
-0.014
0
-0.246
0
-0.17
0
0.416
0
-0.341
0
0
2.458
0
-0.319
0
0.467
0
0.281
0
0.104
0
-0.426
1
3.024
1
-3.107
0
0.186
0
0.33
0
-0.222
0
0.465
0
0.059
0
0.217
0
-0.119
0
-0.168
0
0.4
0
0.00999999
0
-0.129
0
0.155
0
-0.343
1
-2.867
0
0.273
1
-0.811
0
0.055
0
-0.394
0
0.445
0
-0.41
0
2.458
-2.222
0
-0.313
0
-0.177
0
-0.24
0
-0.315
0
0.164
0
0.441
1
-4.131
0
0.025
0
-0.037
0
-0.178
0
0.411
1
-2.732
1
-4.557
0
0.257
0
-0.327
0
-0.355
0
-0.246
0
0.317
0
-0.318
0
-0.389
0
-0.2
0
0.009
1
-4.84
0
0.328
0
0.456
0
0.191
0
-0.02
0
-2.222
-2.77
0
-0.122
0
-0.051
0
0.377
0
-0.023
0
-0.212
0
-0.189
0
0.213
0
-0.08
1
-0.169
0
-0.00999999
0
0.481
0
-0.37
0
0.19
0
-0.291
0
-0.083
0
0.011
1
3.964
1
-4.227
1
-0.749
0
-0.434
0
-0.396
0
0.175
0
-0.323
0
-0.168
0
0.138
0
0.061
0
-0.162
0
-2.77
1.946
1
-5.389
0
-0.138
0
-0.122
0
0.005
0
0.369
0
-0.138
0
-0.481
0
-0.087
0
0.163
0
0.23
0
0.387
0
-0.411
1
1.764
0
-0.446
0
-0.23
0
0.075
0
0.368
0
-0.12
0
-0.033
0
0.389
0
0.497
0
-0.475
0
0.099
1
0.676
0
-0.269
1
0.339
0
-0.334
0
1.946
0
0
0.461
0
-0.351
0
-0.496
0
0.171
0
0.166
0
0.282
0
-0.268
0
-0.39
0
-0.481
0
0.343
1
-0.291
0
-0.462
0
-0.085
0
-0.375
0
0.041
0
0.13
0
0.162
1
0.089
0
-0.156
0
-0.149
0
-0.335
0
-0.056
0
0.193
0
-0.331
1
-1.75
0
0.364
0
-0.105
0
0
-0.0739998
0
-6.864
0
0.269
1
4.635
0
0.43
0
0.132
1
-1.867
0
-0.475
0
-0.291
0
0.073
0
0.251
0
0.246
0
0.191
0
-0.309
0
0.349
0
-0.032
0
-0.016
0
-0.266
0
-0.396
0
0.482
0
0.386
0
-0.022
0
-0.317
0
0.191
1
0.044
0
-0.47
0
0.253
0
0.058
1
-0.0739998
-3.176
0
0.283
0
0.083
1
-0.117
0
-0.26
0
-0.482
0
-0.398
1
-0.581
0
-0.221
1
0.056
0
0.124
0
0.271
0
-0.071
0
-0.41
0
0.069
0
-0.317
0
-0.387
0
0.113
0
0.445
0
-0.327
0
0.382
0
-0.346
0
0.293
0
0.08
0
0.406
1
-0.495
0
0.363
0
0.086
0
-3.176


-0.703
0
-0.377
0
-0.34
0
-0.263
0
-0.347
0
-0.427
0
-0.37
1
-1.944
0
-0.039
0
-0.167
0
0.142
0
-0.093
0
0.456
0
0.263
0
-0.5
0
0.434
0
0.245
0
-0.426
0
-0.181
0
-0.337
1
3.931
0
-0.286
0
0.232
0
0.493
0
0.38
1
5.021
0
0.474
0
-0.349
0
-0.703


0
0
-0.317
0
-0.381
0
0.488
0
-0.495
0
-0.013
0
0.142
0
-0.471
0
-0.216
0
0.321
0
0.367
0
0.243
0
0.372
0
0.485
0
-0.432
0
0.136
0
0.04
0
0.08
0
-0.427
0
-0.05
0
-0.047
0
-0.31
0
-0.337
0
-0.299
0
0.026
0
0.412
0
-0.273
0
0.142
0
0
0
0
0.028
0
0.037
0
-0.111
0
0.096
0
-0.258
0
0.168
0
0.143
0
0.117
0
0.38
0
0.408
0
-0.47
0
-0.095
0
-0.197
0
-0.249
0
0.302
0
-0.202
0
0.167
0
-0.334
0
-0.297
0
0.216
0
-0.017
0
0.026
0
0.245
0
0.017
0
-0.1
0
0.198
0
-0.161
0
0
0
0
-0.093
0
-0.146
0
-0.26
0
-0.116
0
0.246
0
-0.133
0
-0.307
0
-0.079
0
-0.143
0
0.3
0
-0.013
0
0.202
0
0.428
0
0.163
0
0.339
0
0.456
0
0.446
0
0.455
0
-0.45
0
0.185
0
0.269
0
0.095
0
-0.275
0
-0.099
0
0.314
0
0.388
0
-0.119
0
0
0
0
-0.298
0
0.33
0
-0.259
0
0.382
0
0.034
0
0.00300002
0
-0.014
0
0.371
0
0.059
0
0.00300002
0
-0.237
0
0.082
0
-0.113
0
-0.409
0
-0.102
0
-0.082
0
0.283
0
0.014
0
0.272
0
-0.08
0
-0.215
0
0.078
0
0.038
0
0.118
0
-0.048
0
-0.411
0
0.03
0
0
0
0
-0.31
0
-0.251
0
0.468
0
-0.087
0
-0.227
0
-0.404
0
-0.136
0
-0.045
0
0.212
0
-0.345
0
-0.053
0
-0.184
0
0.232
0
0.07
0
0.244
0
-0.408
0
0.216
0
-0.278
0
-0.466
0
-0.349
0
0.076
0
0.082
0
0.404
0
0.019
0
-0.22
0
0.414
0
-0.12
0
0
0
0
0.427
0
-0.209
0
-0.424
0
0.38
0
0.409
0
-0.447
0
-0.304
0
-0.273
0
0.321
0
-0.48
0
0.000999987
0
-0.431
0
0.18
0
-0.233
0
-0.118
0
0.342
0
-0.312
0
0.15
0
0.183
0
-0.482
0
-0.029
0
0.419
0
-0.279
0
-0.42
0
-0.467
0
0.00199997
0
-0.499
0
0
0
0
0.00800002
0
-0.121
0
0.17
0
0.036
0
-0.403
0
0.39
0
-0.44
0
0.305
0
-0.04
0
-0.031
0
0.087
0
0.045
0
0.159
0
0.402
0
-0.359
0
-0.417
0
-0.049
0
0.162
0
-0.029
0
0.121
0
0.017
0
-0.491
0
-0.016
0
-0.163
0
0.046
0
0.112
0
0.101
0
0
0
0
-0.416
0
0.15
0
-0.37
0
0.449
0
0.06
0
-0.297
0
0.153
0
-0.385
0
0.126
0
-0.404
0
-0.313
0
-0.327
0
0.35
0
0.269
0
0.014
0
-0.235
0
0.4
0
0.292
0
0.392
0
-0.43
0
-0.209
0
-0.023
0
0.227
0
-0.068
0
-0.342
0
0.168
0
-0.376
0
0
0
0
0.129
0
0.305
0
0.072
0
-0.069
0
0.081
0
-0.242
0
0.241
0
0.163
0
0.151
0
-0.039
0
0.254
0
-0.32
0
0.458
0
0.305
0
-0.373
0
0.078
0
0.136
0
0.292
0
-0.039
0
-0.15
0
-0.478
0
-0.359
0
0.025
0
0.297
0
0.431
0
-0.251
0
0.16
0
0
0
0
-0.237
0
0.316
0
-0.134
0
0.367
0
0.057
0
-0.442
0
-0.482
0
0.252
0
-0.247
0
0.376
0
0.331
0
0.116
0
0.23
0
-0.135
0
-0.203
0
0.016
0
0.112
0
-0.146
0
0.394
0
0.00199997
0
0.137
0
-0.22
0
-0.383
0
-0.373
0
0.328
0
-0.261
0
-0.095
0
0


-1.002
0
-0.234
0
-0.486
0
0.239
0
0.274
0
-0.044
0
-0.298
0
0.101
0
0.00800002
0
0.242
0
0.209
1
-1.694
0
0.202
0
0.11
0
-0.17
0
-0.376
0
0.374
0
0.00700003
0
-0.446
0
-0.11
0
0.005
1
-2.024
0
0.048
1
-2.815
0
0.162
0
0.475
0
0.361
0
0.236
0
-1.002
-1.248
0
0.11
0
0.00400001
0
-0.381
0
0.192
0
-0.168
1
7.008
0
0.424
1
-0.28
0
0.363
0
0.219
1
-8.195
0
0.077
0
-0.467
0
-0.426
0
-0.479
0
-0.446
0
-0.075
0
-0.253
0
0.412
0
-0.325
0
0.162
0
-0.046
0
0.438
0
-0.079
0
0.354
0
-0.198
1
1.615
0
-1.248
-3.219
0
-0.323
0
0.13
0
-0.161
0
0.377
0
0.163
0
-0.141
0
-0.075
0
0.404
0
-0.023
0
-0.448
0
-0.181
1
2.742
0
0.34
0
0.074
0
-0.047
0
0.155
1
-0.151
1
0.0800002
0
0.123
0
0.146
0
0.413
0
0.411
0
-0.02
0
0.000999987
0
0.411
0
-0.124
0
-0.165
0
-3.219
0
0
-0.121
0
0.436
0
-0.211
0
-0.481
0
-0.279
0
-0.34
0
-0.375
0
0.131
0
-0.435
0
-0.432
0
0.024
0
0.033
0
0.102
0
0.014
0
-0.371
0
-0.413
0
-0.257
0
-0.413
0
0.137
0
0.164
0
0.361
0
-0.215
0
-0.144
0
-0.268
0
0.474
0
-0.288
0
-0.422
0
0
-3.031
0
-0.365
0
-0.404
1
1.118
0
0.175
0
-0.044
0
0.208
0
0.2
0
-0.313
0
-0.357
0
-0.406
0
-0.295
0
-0.271
0
-0.045
0
-2.573
1
-0.591
0
0.443
0
0.149
0
-0.402
0
-0.444
0
0.379
0
-0.328
0
0.022
0
-0.353
1
-1.447
0
0.161
0
0.15
1
-4.158
0
-3.031
0.605
0
0.486
0
0.467
0
0.325
0
-0.308
0
0.478
0
0.224
0
-0.16
1
7.227
1
-1.415
1
-0.316
0
0.083
0
0.285
1
2.426
0
-0.185
0
-0.207
0
-0.086
1
-4.976
0
-0.08
0
-0.031
0
-0.15
0
-0.261
0
0.391
0
-0.341
0
-0.131
1
-4.511
0
-0.413
0
-0.357
0
0.605
-4.907
0
-0.275
0
-0.383
0
-0.233
0
0.319
0
0.151
0
-0.144
0
0.223
0
-0.5
0
0.039
0
0.02
0
-0.097
0
-0.19
0
0.228
0
0.23
0
-0.249
1
-2.024
0
-0.157
0
-0.265
0
-0.221
0
-0.138
0
-0.31
0
-0.124
0
-0.413
0
0.115
0
0.429
0
0.219
0
0.16
1
-4.907
-1.46
1
-0.614
0
-0.015
0
-0.226
0
-0.216
0
0.263
0
0.389
0
0.154
0
-0.141
0
-0.397
0
0.277
0
0.085
0
0.000999987
0
-0.234
0
-0.278
0
0.038
0
0.35
0
-0.194
1
-1.213
1
0.128
0
0.311
0
-0.181
0
0.474
0
0.236
0
-0.498
0
0.078
0
-0.257
1
3.288
0
-1.46


0.291
0
-0.172
1
-5.949
0
0.41
0
0.247
0
0.066
0
-0.015
0
0.026
0
0.251
0
0.065
0
0.242
0
0.349
0
-0.458
0
-0.332
0
-0.166
0
0.133
0
0.332
1
2.623
1
2.6
0
0.343
0
0.358
1
-2.601
0
-0.25
1
-0.127
0
-0.131
0
0.354
1
-2.036
0
0.441
0
0.291
1.431
1
0.308
0
0.207
0
0.252
0
-0.302
0
-0.124
0
-0.449
0
0.17
1
-0.125
0
0.338
0
0.005
0
0.031
0
-0.072
0
0.37
0
0.168
0
0.154
0
-0.409
1
2.385
0
-0.316
1
8.25
0
0.038
0
0.251
0
2.743
0
0.045
0
0.313
0
0.073
0
-0.418
0
0.229
0
1.431
-3.034
0
-0.356
0
-0.162
0
0.165
0
-0.189
0
-0.286
0
-0.45
0
0.208
0
-0.065
0
0.201
1
0.156
0
-0.212
0
0.404
0
0.069
0
0.104
0
-0.043
0
-0.018
0
0.405
0
0.44
0
-0.197
0
0.335
1
-2.076
0
-0.116
0
-0.419
0
-0.286
0
0.185
0
-0.495
0
0.396
0
-3.034
0.79
0
-0.492
0
-0.236
0
0.062
0
0.183
0
0.157
0
-0.147
1
1.086
0
0.043
0
0.298
0
0.42
0
0.467
0
-0.361
0
0.217
0
-0.458
0
0.28
0
0.433
0
-0.33
0
0.464
0
-0.215
1
-1.967
0
0.108
0
-0.08
0
0.436
1
-0.084
1
-1.391
0
0.128
0
-0.193
0
0.79
0
1
1.181
0
-0.383
0
-0.136
0
0.417
0
0.025
0
-0.367
0
0.057
0
-0.424
0
0.205
0
0.397
0
0.432
0
-0.076
0
0.065
0
0.196
0
0.446
0
0.31
0
0.183
0
-0.356
0
-0.476
0
-0.428
0
-0.306
0
-0.109
1
0.167
0
-0.1
0
-0.045
0
0.352
0
0.179
0
0
2.478
0
0.06
0
-0.378
0
0.436
0
-0.187
0
-0.425
0
0.092
1
-1.52
0
0.407
0
-0.236
0
0.262
1
0.682
0
0.366
0
0.439
0
-0.014
0
-0.05
0
0.07
0
-0.061
0
-0.078
0
0.292
0
-0.266
0
-0.228
1
-1.412
1
-4.14
1
-2.866
0
-0.176
0
0.092
0
-0.226
1
2.478
0.177
0
-0.192
0
0.11
1
0.368
0
-0.024
1
-0.402
0
0.157
0
-0.496
0
-0.268
0
-0.053
0
-0.291
0
-0.492
0
0.029
1
-2.561
0
0.00800002
0
-0.327
0
-0.306
0
0.214
0
0.09
0
-0.103
0
0.482
0
-0.077
0
-0.392
0
-0.458
1
-4.135
0
0.299
0
0.355
0
0.412
0
0.177
0
0
-0.341
0
0.308
0
-0.434
0
-0.065
0
-0.09
0
-0.081
0
-0.00299999
0
0.267
0
-0.363
0
-0.464
0
-1.335
0
0.069
0
-0.131
0
-0.024
0
0.289
0
-0.113
0
-0.137
0
-0.229
0
0.19
0
-0.061
1
-0.116
0
-0.298
0
0.395
0
-0.464
0
-0.07
0
0.118
0
0.308
0
0


-0.194
0
0.239
0
-0.454
0
0.351
1
0.854
1
-0.00900006
1
-0.927
0
-0.199
0
0.482
0
0.092
0
0.254
0
0.215
0
0.227
0
0.027
0
0.125
0
-0.029
0
0.359
1
-0.00400001
0
-0.386
0
0.288
0
-0.13
1
-0.297
0
-0.193
0
-0.376
0
0.391
0
-0.135
0
-0.277
1
2.042
0
-0.194


0
0
0.412
0
0.423
0
-0.184
0
0.496
0
0.16
0
0.117
0
-0.014
0
0.111
0
-0.151
0
0.352
0
0.212
0
-0.277
0
-0.372
0
0.404
0
0.127
0
0.466
0
0.382
0
0.134
0
0.039
0
0.185
0
0.442
0
0.43
0
0.422
0
0.43
0
-0.082
0
-0.089
0
-0.189
0
0
0
0
0.381
0
0.46
0
0.16
0
0.095
0
0.11
0
-0.479
0
-0.151
0
0.304
0
0.252
0
-0.189
0
0.137
0
-0.394
0
0.25
0
0.373
0
-0.474
0
-0.034
0
-0.219
0
-0.166
0
0.104
0
-0.311
0
-0.387
0
-0.321
0
0.42
0
-0.197
0
0.092
0
-0.022
0
0.325
0
0
0
0
-0.14
0
-0.192
0
-0.027
0
-0.022
0
0.323
0
-0.121
0
0.356
0
0.288
0
-0.077
0
0.305
0
-0.276
0
0.043
0
-0.235
0
-0.049
0
-0.065
0
0.321
0
0.424
0
-0.102
0
-0.499
0
0.48
0
0.448
0
0.475
0
0.354
0
-0.197
0
-0.092
0
0.019
0
-0.093
0
0
0
0
0.084
0
-0.111
0
0.00599998
0
-0.173
0
0.391
0
-0.007
0
0.02
0
0.129
0
-0.144
0
0.187
0
-0.364
0
0.404
0
0.44
0
-0.118
0
-0.247
0
0.249
0
-0.455
0
0.051
0
0.268
0
0.213
0
0.487
0
-0.447
0
-0.036
0
-0.303
0
-0.18
0
0.312
0
-0.448
0
0
0
0
0.121
0
0.171
0
-0.021
0
0.459
0
0.198
0
-0.322
0
-0.168
0
-0.076
0
-0.417
0
0.021
0
-0.161
0
0.171
0
-0.069
0
0.011
0
-0.105
0
0.429
0
-0.253
0
0.439
0
-0.411
0
0.127
0
0.363
0
-0.333
0
-0.331
0
0.00400001
0
0.41
0
0.258
0
0.005
0
0
0
0
0.419
0
-0.31
0
-0.2
0
-0.217
0
0.163
0
0.08
0
0.346
0
-0.229
0
-0.305
0
-0.46
0
-0.00299999
0
0.317
0
-0.254
0
0.036
0
-0.343
0
0.358
0
0.372
0
-0.135
0
-0.022
0
-0.21
0
-0.124
0
0.044
0
-0.183
0
0.327
0
0.272
0
-0.273
0
0.227
0
0
0
0
-0.043
0
0.313
0
0.455
0
-0.164
0
0.492
0
0.464
0
-0.037
0
0.448
0
-0.078
0
-0.375
0
-0.144
0
0.129
0
0.23
0
0.108
0
0.204
0
-0.242
0
0.304
0
-0.176
0
0.05
0
0.392
0
0.1
0
-0.306
0
0.453
0
0.402
0
0.331
0
0.487
0
0.055
0
0
0
0
0.299
0
0.05
0
0.419
0
0.296
0
0.252
0
-0.425
0
-0.356
0
-0.23
0
0.218
0
0.238
0
0.023
0
0.000999987
0
0.161
0
-0.339
0
-0.077
0
0.19
0
0.279
0
0.06
0
0.335
0
-0.38
0
-0.062
0
0.48
0
0.311
0
0.463
0
0.481
0
-0.322
0
0.142
0
0
0
0
0.011
0
0.302
0
-0.135
0
0.428
0
0.394
0
-0.082
0
-0.234
0
0.286
0
0.165
0
-0.445
0
-0.188
0
0
0
-0.081
0
-0.157
0
-0.187
0
0.496
0
-0.326
0
-0.034
0
0.253
0
-0.096
0
-0.332
0
-0.147
0
-0.113
0
-0.059
0
0.24
0
0.08
0
0.059
0
0
0
0
-0.286
0
0.246
0
-0.2
0
0.011
0
0.432
0
0.378
0
0.191
0
-0.034
0
0.49
0
0.2
0
-0.267
0
0.457
0
0.225
0
0.379
0
0.345
0
-0.176
0
-0.046
0
0.479
0
0.391
0
0.038
0
0.249
0
0.098
0
-0.026
0
-0.45
0
0.177
0
-0.295
0
0.227
0
0


0.073
0
0.29
0
0.426
0
-0.367
0
-0.057
0
-0.025
0
-0.024
0
-0.103
0
0.096
0
0.088
0
0.274
1
0.139
0
0.345
0
0.37
1
1.048
0
-0.089
1
-0.063
0
0.025
0
0.109
0
0.261
0
0.013
0
0.324
0
0.215
0
0.3
0
0.151
0
-0.345
0
0.055
0
0.423
0
0.073
-0.0569999
1
-0.257
0
0.058
1
2.063
0
0.303
0
-0.361
0
-0.309
1
-1.213
1
-5.85
0
0.194
0
0.348
0
-0.169
1
2.245
0
-0.424
0
-0.256
0
-0.417
0
0.268
0
-0.312
0
-0.172
0
-0.199
0
0.094
0
0.033
1
-1.766
0
-0.477
0
-0.498
0
0.465
0
0.062
0
-0.199
0
-0.0569999
-1.714
0
-0.358
0
-0.388
0
0.466
1
-0.077
0
-0.198
0
-0.115
0
-0.163
0
-0.099
0
-0.407
0
0.397
0
0.00599998
0
-0.153
0
-0.026
0
0.438
0
0.351
1
-4.521
0
-0.174
0
0.103
0
-0.137
0
0.193
0
0.00199997
0
0.228
0
0.233
0
-0.156
0
-0.438
0
-0.147
0
-0.26
0
-1.714
0
0
0.363
0
0.333
0
-0.138
0
-0.021
1
-0.347
0
-0.377
0
-0.284
0
-0.263
0
0.364
0
0.486
0
-0.47
0
-0.109
0
0.137
1
5.465
0
0.081
0
0.416
1
-1.599
0
-0.427
0
0.273
0
0.278
0
-0.119
0
0.337
0
-0.318
0
0.063
0
0.378
1
-0.434
0
0.171
0
0
0
0
0.234
0
0.305
0
-0.358
0
0.239
0
0.149
0
0.274
0
0.089
0
-0.423
0
-0.37
0
0.274
0
-0.415
0
0.346
0
0.302
1
-0.889
1
-1.779
1
0.405
0
0.365
0
0.31
0
0.242
0
-0.33
0
-0.005
0
0.448
0
0.027
0
-0.057
0
0.226
1
2.685
0
0.349
0
0
0
0
0.146
0
0.296
0
0.214
0
-0.415
0
-0.431
1
1.211
1
-0.226
0
-0.295
0
0.387
0
0.382
0
0.021
0
-0.402
0
0.288
0
-0.266
0
-0.258
0
0.198
0
0.356
0
-0.265
0
-0.084
0
0.231
0
0.494
0
-0.093
0
0.061
0
0.12
0
0.487
0
0.108
0
0.247
0
0
-0.31
0
-0.033
0
0.122
0
0.237
0
0.486
1
0.522
0
-0.427
0
0.056
1
1.232
0
-0.241
1
0.78
0
0.064
1
-1.48
0
-0.157
0
-0.171
0
-0.244
1
1.631
0
-0.059
0
0.36
0
-0.243
0
-0.447
1
1.327
0
0.404
0
0.434
0
0.182
0
-0.109
1
-0.698
0
0.038
0
-0.31
0
0
0.344
0
-0.081
0
0.195
0
0.42
0
-0.022
0
0.136
0
-0.129
0
0.361
0
-0.055
0
-0.454
1
1.142
0
0.099
0
-0.301
0
-0.418
0
-0.249
0
0.104
0
0.05
0
0.239
0
0.466
0
-0.375
0
0.201
0
-0.498
0
-0.463
1
-9.927
0
0.077
1
3.498
0
0.168
0
0


1.804
0
0.063
1
3.61
1
-1.378
1
-2.915
1
-1.337
0
0.372
0
-0.126
0
0.126
0
0.041
0
0.295
0
0.499
0
-0.111
0
-0.433
0
0.054
0
0.146
0
0.221
0
-0.387
0
-0.026
0
-0.37
0
-0.369
0
0.247
0
-0.204
0
0.131
0
-0.022
1
3.317
0
0.17
0
-0.475
0
1.804
0
0
-0.29
0
-0.389
0
-0.16
0
0.077
0
0.439
0
-0.274
0
-0.342
0
0.145
0
0.314
0
-0.278
0
-0.491
0
0.312
0
-0.436
0
-0.5
0
0.277
0
0.463
0
-0.208
0
-0.476
0
0.244
1
-1.225
0
0.452
0
0.221
1
0.623
0
-0.188
0
0.223
0
0.435
0
0.098
0
0
0
0
0.005
0
0.445
0
-0.277
0
-0.337
0
-0.191
0
0.209
0
0.351
0
-0.441
0
-0.23
0
-0.088
0
-0.37
1
-3.789
0
0.337
0
-0.371
0
-0.353
0
-0.473
0
0.408
0
0.499
0
0.444
1
4.037
0
0.422
0
0.43
0
0.206
0
0.207
0
-0.191
0
-0.276
0
0.045
0
0
1.304
0
-0.331
0
0.129
0
0.299
0
0.148
0
0.333
0
-0.00400001
0
-0.473
0
-0.222
0
-0.275
0
-0.455
0
0.222
0
0.178
0
0.44
0
0.043
0
-0.106
0
0.199
1
-0.498
1
-9.995
1
-0.163
0
0.368
0
0.491
0
0.416
0
0.081
0
0.259
0
-0.294
0
0.156
1
-5.691
0
1.304
1.441
0
-0.027
0
-0.265
0
-0.294
0
-0.361
0
-0.378
0
-0.391
0
-0.486
1
2.808
0
0.166
0
0.424
0
-0.497
0
0.335
0
-0.185
0
0.497
0
0.378
0
-0.013
0
-0.075
0
0.423
0
-0.038
0
-0.497
0
0.162
0
-0.226
1
0.577
0
0.219
0
0.074
0
-5.918
0
0.137
0
1.441
1.123
0
0.119
0
0.477
0
-0.264
0
-0.268
0
0.235
0
-0.088
0
-0.247
1
0.992
0
0.236
0
0.163
0
0.3
0
-0.017
0
0.115
0
0.414
0
-0.356
0
-0.389
0
0.38
1
-0.186
0
-0.464
0
-0.132
0
-0.00799999
0
-0.462
0
-0.078
0
0.308
0
0.4
0
0.156
0
0.316
0
1.123
-1.046
0
-0.247
0
-0.122
0
-0.288
0
0.089
1
0.00300002
0
0.074
0
-0.077
0
0.259
1
-0.206
0
-0.35
0
-0.425
0
-0.444
0
0.458
0
0.479
0
-0.336
0
-0.084
1
-0.126
0
-0.382
0
-0.145
0
0.165
1
7.203
0
-0.435
0
0.009
1
3.113
0
0.272
0
-0.365
0
-0.193
0
-1.046
0
0
-0.07
1
-4.418
1
3.251
0
0.43
0
0.08
0
0.143
0
0.254
0
-0.153
0
0.412
0
0.322
0
-0.254
0
-0.492
1
1.479
0
-0.298
0
0.136
0
0.046
0
0.17
0
0.244
1
-0.245
0
0.408
0
-0.351
0
0.293
1
-2.388
0
-0.45
0
0.041
0
-0.247
0
0.104
0
0


-0.0610001
0
0.368
1
-0.018
0
-0.343
0
0.038
0
0.187
0
-0.293
0
-0.433
1
4.077
0
-0.491
0
0.313
0
0.405
0
0.236
0
0.26
0
0.427
0
-0.09
0
0.321
0
0.323
0
0.084
0
0.019
1
-0.276
0
-0.382
0
-0.287
1
-0.297
1
-1.484
0
0.022
1
-1.393
0
0.481
0
-0.0610001


0
0
0.038
0
-0.196
0
-0.237
0
-0.354
0
0.035
0
0.412
0
-0.237
0
0.094
0
-0.398
0
-0.405
0
-0.16
0
0.382
0
0.064
0
0.466
0
0.286
0
-0.498
0
-0.43
0
0.21
0
-0.011
0
-0.061
0
0.098
0
0.205
0
0.377
0
-0.099
0
0.498
0
0.488
0
-0.374
0
0
0
0
0.046
0
0.044
0
-0.21
0
-0.217
0
0.368
0
-0.103
0
0.213
0
-0.324
0
-0.372
0
0.421
0
0.376
0
-0.5
0
0.484
0
0.123
0
-0.08
0
-0.142
0
0.489
0
-0.417
0
0.159
0
-0.296
0
-0.305
0
-0.045
0
0.38
0
0.32
0
-0.078
0
0.046
0
0.313
0
0
0
0
-0.135
0
0.187
0
0.169
0
-0.077
0
-0.148
0
0.234
0
0.22
0
-0.425
0
0.497
0
0.442
0
0.4
0
-0.144
0
-0.346
0
-0.12
0
-0.099
0
0.361
0
0.417
0
0.177
0
-0.312
0
-0.331
0
0.295
0
0.368
0
0.479
0
-0.47
0
-0.178
0
0.19
0
-0.173
0
0
0
0
0.415
0
0.445
0
-0.189
0
-0.448
0
-0.342
0
0.484
0
0.336
0
-0.041
0
-0.175
0
-0.322
0
-0.063
0
0.449
0
-0.069
0
-0.475
0
0.487
0
-0.291
0
0.054
0
-0.188
0
0.162
0
0.034
0
-0.199
0
0.266
0
-0.082
0
0.344
0
0.488
0
0.00599998
0
0.268
0
0
0
0
0.452
0
-0.149
0
0.205
0
-0.401
0
0.27
0
-0.122
0
-0.203
0
-0.5
0
-0.369
0
-0.417
0
0.279
0
-0.051
0
0.124
0
-0.188
0
0.171
0
-0.447
0
-0.3
0
-0.39
0
-0.486
0
-0.462
0
-0.351
0
-0.096
0
0.422
0
-0.057
0
0.167
0
-0.155
0
0.169
0
0
0
0
0.308
0
0.163
0
0.06
0
-0.414
0
0.47
0
0.088
0
0.448
0
-0.182
0
0.136
0
-0.15
0
0.465
0
-0.455
0
-0.417
0
-0.293
0
-0.356
0
-0.369
0
-0.198
0
0.445
0
-0.388
0
0.292
0
0.472
0
-0.019
0
-0.213
0
0.166
0
0.377
0
0.093
0
0.188
0
0
0
0
0.122
0
0.273
0
0.109
0
-0.478
0
0.205
0
0.336
0
-0.122
0
0.088
0
-0.283
0
0.06
0
0.313
0
-0.197
0
0.253
0
-0.191
0
-0.349
0
-0.047
0
0.354
0
0.071
0
0.214
0
0.123
0
-0.343
0
-0.013
0
0.23
0
-0.215
0
0.00599998
0
-0.39
0
-0.176
0
0
0
0
-0.304
0
-0.155
0
-0.27
0
-0.462
0
-0.047
0
0.414
0
0.398
0
-0.483
0
0.109
0
-0.232
0
-0.118
0
-0.475
0
-0.279
0
-0.078
0
-0.361
0
-0.312
0
-0.477
0
-0.3
0
0.236
0
0.246
0
-0.258
0
-0.238
0
-0.235
0
0.485
0
-0.241
0
-0.303
0
-0.347
0
0
0
0
-0.038
0
-0.214
0
0.333
0
-0.173
0
-0.179
0
-0.224
0
0.203
0
-0.12
0
0.231
0
0.201
0
-0.039
0
0.211
0
-0.049
0
0.419
0
-0.002
0
0.072
0
-0.315
0
-0.286
0
0.362
0
0.104
0
0.396
0
0.136
0
-0.074
0
-0.479
0
-0.429
0
0.266
0
-0.021
0
0
0
0
-0.123
0
0.411
0
-0.046
0
0.09
0
0.097
0
-0.379
0
-0.091
0
0.448
0
-0.092
0
0.348
0
0.016
0
0.177
0
-0.494
0
0.234
0
-0.022
0
0.148
0
-0.036
0
0.233
0
0.104
0
-0.484
0
0.414
0
-0.149
0
0.249
0
0.005
0
-0.41
0
0.386
0
0.159
0
0


-2.52
0
0.054
0
0.036
1
0.846
0
0.116
0
0.349
0
0.081
0
-0.364
1
-1.044
0
-0.444
0
0.076
0
0.104
0
0.198
0
0.186
0
0.009
1
-0.302
0
0.21
0
-0.386
1
0.995
1
-0.781
0
-0.349
0
-0.000999987
0
-0.158
0
0.496
1
-0.713
0
0.404
0
-0.014
0
-0.293
0
-2.52
0
0
-0.311
0
-0.215
0
0.4
0
-0.321
0
0.304
0
-0.391
0
-0.326
0
-0.482
1
6.522
0
0.442
0
0.151
1
-0.994999
0
0.418
0
0.246
0
0.04
0
0.069
0
0.303
0
0.15
0
0.042
0
-0.039
0
-0.417
0
-0.193
1
-3.155
1
3.875
0
-0.101
0
0.019
0
0.375
0
0
0
0
-0.044
0
-0.249
0
0.026
0
-0.397
0
-0.418
0
0.247
0
0.249
0
0.09
0
-0.131
0
-0.387
0
0.022
0
-0.223
1
1.005
1
-3.268
0
-0.2
0
0.251
1
-1.42
0
0.477
0
0.231
0
-0.11
0
-0.063
0
0.057
0
-0.38
0
0.022
0
-0.491
0
0.394
0
-0.276
0
0
0
0
-0.171
0
0.441
0
-0.484
0
-0.318
0
-0.328
0
0.47
0
-0.41
0
0.142
0
-0.47
0
-0.107
1
-8.535
1
-0.551
1
-3.652
1
-1.396
0
0.294
1
-0.767
0
-0.09
0
-0.031
0
-0.191
0
0.391
0
-0.49
0
-0.055
0
0.334
0
-0.041
0
-0.454
0
0.421
0
-0.285
0
0
-1.049
0
0.449
0
-0.05
0
0.207
1
0.102
0
0.458
0
0.105
0
0.274
0
-0.179
1
2.428
0
-0.292
0
-0.134
0
-0.295
0
0.05
0
0.271
0
-0.458
0
-0.39
0
-0.282
0
0.272
0
0.056
0
-0.334
0
0.278
0
0.362
0
0.498
0
-0.182
0
-0.184
0
-0.489
0
0.219
0
-1.049
-1.541
0
-0.392
0
-0.035
0
0.156
0
0.034
0
-0.059
0
0.384
0
-0.024
0
-0.405
1
0.327
0
-0.332
0
0.044
0
-0.388
0
0.142
0
-0.35
0
0.496
0
-0.458
1
-1.84
0
-0.259
0
-0.263
0
0.488
0
-0.46
0
-0.24
0
0.201
0
0.337
0
0.105
1
-2.079
0
0.469
0
-1.541
0
1
-3.154
0
-0.179
0
0.12
0
0.253
1
2.056
0
-0.207
0
0.455
0
0.248
0
0.235
0
-0.471
0
0.489
0
-0.497
0
-0.078
0
0.47
0
0.216
0
0.235
0
0.201
0
-0.064
1
0.0829998
0
-0.141
0
-0.443
0
-0.04
0
-0.049
1
-0.306
0
-0.334
0
0.495
0
-0.166
0
0
1.145
0
-0.054
0
0.445
0
-0.293
0
0.331
1
-1.63
0
-0.15
0
0.494
1
0.275
0
-0.017
0
-0.086
0
0.261
0
-0.417
0
-0.293
0
-0.00799999
0
-0.297
0
-0.285
0
-0.282
1
-2.663
1
-1.39
0
0.104
0
0.087
0
0.256
0
-0.296
0
0.479
0
0.1
0
0.249
0
0.056
0
1.145


0
0
0.096
0
-0.259
1
0.711
0
0.206
0
0.033
0
-0.458
0
0.423
0
-0.188
1
0.179
0
-0.045
0
0.05
0
0.179
0
0.097
0
0.352
0
0.101
0
0.372
0
-0.087
0
-0.05
0
-0.076
0
-0.456
1
1.932
0
0.344
0
0.377
0
0.238
0
0.148
0
0.284
1
-4.717
0
0
3.053
0
-0.179
0
-0.279
0
0.028
0
-0.257
0
0.178
0
-0.015
1
0.665
0
-0.028
0
0.104
1
-4.709
0
-0.398
0
-0.079
0
0.218
0
0.304
0
-0.355
0
-0.128
0
0.14
0
-0.454
0
0.379
0
-0.388
0
0.374
0
0.278
0
-0.425
0
-0.332
0
0.336
0
-0.043
0
0.386
0
3.053
0
0
0.065
0
0.497
0
-0.013
0
0.483
0
0.493
0
-0.22
0
0.000999987
0
0.218
0
-0.000999987
0
-0.15
0
0.328
0
-0.286
0
-0.187
0
-0.493
0
0.183
0
0.402
0
-0.33
0
-0.434
0
0.04
0
-0.45
1
7.675
0
-0.267
0
-0.352
1
9.178
0
-0.066
0
-0.442
0
-0.445
0
0
0
0
-0.446
0
-0.152
1
0.072
0
0.237
0
0.039
1
-0.624
0
0.262
1
-1.886
0
0.236
0
0.318
0
0.195
0
-0.185
0
-0.185
1
-1.074
1
4.143
0
0.323
1
0.093
0
0.158
0
-0.283
0
-0.08
0
0.412
0
-0.396
0
0.193
1
-7.054
0
-0.102
1
1.859
0
-0.421
0
0
0.741
1
-1.799
0
-0.47
0
-0.466
0
0.429
0
0.135
0
-0.108
0
-0.369
0
-0.337
0
0.009
0
0.203
0
0.021
0
-0.133
0
-0.236
0
-0.174
0
0.456
0
-0.088
1
0.498
0
0.296
0
-0.3
0
0.294
0
0.126
0
-0.228
1
0.074
0
0.236
0
-0.265
0
0.25
0
0.257
0
0.741
-1.29
0
-0.26
0
-0.196
0
0.011
0
0.274
0
-0.315
0
-0.475
0
-0.483
0
-0.045
0
0.25
0
-0.23
0
0.057
0
-2.129
0
0.194
0
-0.304
0
0.248
0
-0.48
0
-0.385
0
0.038
0
-0.452
0
-0.483
0
0.053
0
-0.013
0
-0.497
0
-0.281
0
-0.133
0
-0.00600001
1
2.407
0
-1.29
0
0
-0.079
0
0.263
0
-0.175
0
0.143
1
-1.886
0
-0.396
0
-0.047
0
-0.46
1
8.394
0
0.149
1
-4.373
0
-0.306
0
-0.295
0
0.041
0
-0.38
0
0.419
0
-0.073
1
-1.36
1
5.02
0
-0.484
0
0.275
1
-4.155
0
-0.209
0
-0.095
0
-0.213
1
-1.891
0
-0.261
0
0
-2.454
0
0.195
0
0.318
0
0.308
0
0.366
0
0.411
0
0.394
0
0.223
0
0.409
0
-0.037
0
-0.065
0
-0.279
0
-0.385
0
0.128
0
0.237
0
0.396
0
0.145
0
-0.113
0
0.249
0
0.356
0
-0.257
0
-0.34
0
-0.4
0
-0.002
1
-0.11
0
0.013
0
-0.378
0
-0.253
0
-2.454


0
1
0.0699998
0
-0.295
0
-0.451
0
0.306
0
0.249
0
-0.074
0
-0.299
0
-0.097
0
0.318
0
0.133
0
0.454
0
0.027
0
0.034
0
0.444
0
0.413
0
-0.312
0
0.21
0
0.222
0
-0.09
0
-0.091
0
-0.376
0
-0.432
1
-0.278
0
0.3
0
0.339
0
-0.46
0
0.258
0
0
