

0
0
-0.11
0
-0.279
0
0.98
0
-0.305
0
0.824
0
-0.576
0
-0.323
0
-0.744
0
-0.509
0
0.303
0
-0.223
0
0.619
0
-0.889
0
0.233
0
-0.716
0
0.0319999
0
-0.85
0
-0.835
0
0.41
0
-0.037
0
0.224
0
-0.68
0
-0.213
0
0.238
0
0.817
0
-0.919
0
0.972
0
-0.287
0
0.938
0
0
0
0
-0.076
0
0.108
0
-0.771
0
0.763
0
0.563
0
0.931
0
-0.019
0
0.69
0
-0.341
0
0.744
0
0.198
0
0.015
0
-0.643
0
0.601
0
0.654
0
0.863
0
-0.448
0
-0.547
0
-0.282
0
-0.367
0
-0.148
0
-0.462
0
0.956
0
0.505
0
0.533
0
0.442
0
-0.286
0
-0.269
0
0.676
0
0
0
0
-0.487
0
0.492
0
0.353
0
0.069
0
-0.746
0
0.427
0
-0.544
0
0.131
0
-0.869
0
-0.08
0
-0.00800002
0
-0.437
0
-0.063
0
-0.18
0
-0.672
0
-0.65
0
-0.623
0
-0.388
0
-0.983
0
-0.937
0
0.897
0
0.838
0
-0.388
0
0.349
0
0.336
0
-0.271
0
-0.286
0
0.189
0
0.00300002
0
0
0
0
-0.176
0
-0.687
0
-0.907
0
0.79
0
0.233
0
-0.564
0
-0.24
0
0.711
0
-0.247
0
0.321
0
0.27
0
0.731
0
-0.362
0
0.482
0
0.627
0
0.099
0
-0.535
0
0.657
0
-0.165
0
0.554
0
0.648
0
-0.256
0
-0.288
0
0.099
0
0.564
0
-0.649
0
-0.964
0
0.594
0
-0.877
0
0
0
0
-0.866
0
-0.512
0
0.859
0
-0.987
0
-0.251
0
-0.607
0
0.95
0
-0.63
0
0.624
0
-0.439
0
0.316
0
-0.498
0
0.617
0
0.88
0
-0.295
0
0.568
0
0.731
0
-0.56
0
0.808
0
-0.826
0
-0.76
0
-0.559
0
-0.392
0
-0.093
0
0.433
0
0.727
0
-0.409
0
0.987
0
-0.031
0
0
0
0
-0.946
0
0.234
0
-0.457
0
0.625
0
0.564
0
-0.283
0
-0.027
0
0.253
0
-0.224
0
0.9
0
0.33
0
-0.861
0
0.36
0
0.235
0
-0.273
0
0.013
0
-0.924
0
0.35
0
0.545
0
-0.865
0
0.532
0
-0.052
0
-0.214
0
-0.497
0
-0.041
0
0.125
0
0.0319999
0
-0.632
0
-0.087
0
0
0
0
-0.303
0
-0.308
0
0.935
0
0.829
0
-0.182
0
0.315
0
0.415
0
-0.691
0
-0.314
0
0.603
0
-0.678
0
0.436
0
0.624
0
0.915
0
-0.904
0
0.3
0
-0.297
0
-0.242
0
-0.602
0
-0.81
0
-0.021
0
-0.322
0
0.173
0
-0.453
0
-0.131
0
0.579
0
-0.305
0
0.0369999
0
0.962
0
0
0
0
0.319
0
-0.887
0
0.397
0
0.796
0
-0.982
0
-0.387
0
0.162
0
0.953
0
0.257
0
0.252
0
-0.35
0
-0.549
0
-0.609
0
-0.199
0
-0.504
0
0.408
0
0.704
0
-0.577
0
0.558
0
-0.373
0
-0.459
0
0.423
0
-0.437
0
-0.588
0
0.268
0
-0.036
0
0.655
0
-0.256
0
-0.864
0
0
0
0
-0.422
0
-0.42
0
-0.429
0
-0.648
0
0.226
0
-0.922
0
-0.541
0
-0.816
0
-0.627
0
0.586
0
0.998
0
0.59
0
0.926
0
-0.301
0
-0.329
0
0.222
0
-0.46
0
-0.51
0
0.941
0
-0.866
0
0.563
0
-0.328
0
-0.022
0
0.468
0
0.551
0
0.71
0
-0.302
0
0.949
0
0.182
0
0
0
0
0.13
0
-0.074
0
0.476
0
-0.986
0
-0.619
0
0.176
0
-0.887
0
0.772
0
0.557
0
0.179
0
-0.722
0
0.395
0
0.503
0
-0.837
0
-0.231
0
0.274
0
0.702
0
-0.445
0
-0.807
0
0.376
0
0.244
0
-0.648
0
0.182
0
0.731
0
-0.303
0
0.64
0
0.847
0
-0.199
0
0.09
0
0


-21.266
0
-22.691
1
-17.004
0
7.635
0
-5.91
0
-11.872
1
0.272
1
-2.176
1
2.218
0
-0.112
0
1.391
0
2.694
1
-6.791
1
-0.579
0
-15.879
1
-5.001
0
0.452
0
-5.55
0
-7.187
1
-8.558
1
8.676
1
3.37
1
-5.812
0
-1.66
0
-38.606
1
6
0
-0.278
1
-0.53
0
-21.106
1
3.309
0
-21.266
-3.937
0
-12.912
0
0.813
0
-7.854
1
-1.05
1
-26.521
1
-9.367
1
4.848
1
-2.709
0
14.63
0
-5.344
1
0.202
0
-1.799
1
-17.477
1
-2.842
0
2.436
0
-17.62
1
-17.545
1
-15.218
0
-17.302
0
-0.696
1
-12.633
0
-0.898
0
-4.077
0
2.25
0
-8.399
1
-29.727
1
-15.812
1
-8.978
0
-4.745
0
-3.937
-11.322
0
-0.244
1
4.382
0
-3.723
1
-10.355
1
-1.277
0
-12.827
0
-17.996
1
-21.184
1
4.97
0
0.314
0
-13.178
0
-3.363
0
-8.317
1
12.535
0
-15.443
1
11.422
1
-30.347
1
-12.246
1
-1.435
1
-7.568
0
-8.885
0
2.652
0
-3.073
1
-19.458
1
-6.664
0
-10.083
0
-0.165
1
-0.851
0
0.262
1
-11.322
-4.599
1
7.283
0
0.423
0
-2.345
0
-3.243
0
-17.302
0
-0.308
0
0.246
0
-3.345
0
-10.853
1
-4.235
1
7.367
0
-9.698
1
-6.68
0
-33.678
1
17.117
0
-0.719
1
4.117
1
-20.546
1
-9.825
1
-6.178
0
-7.94
1
-14.013
1
-15.415
1
-18.585
1
-32.237
0
-5.813
1
3.657
0
0.722
0
-14.385
0
-4.599
-7.189
1
-14.84
0
-0.835
1
2.333
0
-1.202
0
5.415
0
-10.641
0
5.248
1
-25.344
1
-24.406
1
-0.298
0
3.783
0
-0.655
1
1.989
1
0.926
1
10.466
1
6.392
0
16.708
0
-26.913
0
3.985
1
-4.843
0
8.314
1
-3.263
1
-5.025
0
-0.35
0
8.524
1
-10.87
1
0.479
1
-14.24
1
-7.777
0
-7.189
-13.854
1
5.113
1
-17.77
0
-3.661
1
-11.937
0
-15.062
1
-23.983
0
-5.776
1
11.29
0
8.07
1
-2.049
1
3.032
1
-0.333
1
7.855
1
-1.26
0
-0.567
1
12.631
0
-15.987
0
-13.98
0
-16.975
0
-6.092
1
-0.487
1
-17.158
1
-6.901
0
-0.679
1
-8.161
1
-22.416
0
2.688
1
-16.894
0
1.537
0
-13.854


-20.467
0
0.828
1
-9.702
1
-32.885
0
-16.814
1
-1.8
0
-9.978
1
5.341
0
-5.265
0
-0.469
0
-18.724
1
-4.472
0
6.045
1
-20.249
0
-0.263
0
-12.834
0
8.24
1
-10.004
0
-2.046
1
3.95
0
0.457
0
-0.497
1
-22.036
1
-13.797
1
7.451
0
7.477
0
1.196
0
11.618
0
-0.602
0
7.646
0
-20.467
-28.135
0
1.457
1
-0.018
1
-5.195
1
-6.589
1
-0.353
0
3.639
0
-7.401
1
-3.142
0
-22.47
0
-3.784
1
-6.927
0
-4.981
1
-1.488
0
7.168
0
-2.658
0
-4.484
1
5.085
0
-5.447
1
-3.914
1
-13.422
0
0.00699997
1
-6.064
0
-4.773
0
0.255
1
-0.323
0
-5.59
1
-11.745
1
2.067
0
-12.751
1
-28.135
-31.933
0
2.775
0
13.448
1
3.205
1
-0.658
1
-0.043
1
-7.1
1
2.548
0
-6.269
1
25.151
1
-21.303
0
0.577
0
0.366
0
-0.342
1
-7.816
1
-24.013
0
2.544
1
-10.713
1
-1.168
1
-13.743
1
-24.071
0
-18.324
0
0.708
1
-12.39
1
-4.715
0
8.094
0
3.462
0
-21.493
1
-6.12
0
4.993
0
-31.933
-11.237
1
-5.933
1
0.505
1
12.655
0
-28.443
0
-53.2
0
-6.934
1
5.16
0
0.403
0
-0.317
0
1.639
1
-4.738
1
-34.618
1
0.346
1
2.429
0
-3.056
0
-22.863
1
1.635
0
-3.479
0
-23.164
0
-9.91
1
-4.51
0
-16.961
0
-4.925
1
1.758
1
-8.647
0
-0.69
0
-3.823
0
-0.846
1
-2.311
1
-11.237
-2.663
1
-11.711
1
-10.731
0
-0.008
0
-11.771
0
-0.139
1
-16.859
0
1.87
0
0.177
0
-0.513
1
-19.605
0
-2.498
0
-14.901
0
-2.61
1
-26.498
1
-14.032
0
14.449
1
-11.049
1
-3.815
1
5.22
0
11.158
1
-11.644
0
-18.023
1
-4.392
1
-3.972
0
-3.643
1
-19.235
0
-13.628
0
-23.57
1
-32.071
1
-2.663
-4.409
1
5.562
1
7.408
0
-2.785
1
-15.39
0
1.665
1
-24.227
0
-2.231
1
-6.728
0
1.338
1
-8.637
0
-7.856
1
-6.321
1
8.632
0
-5.027
0
-11.102
1
-2.23
1
-1.693
0
-13.979
0
7.03
0
-9.757
0
-1.502
0
-2.618
0
0.136
0
-10.383
1
-8.662
0
-10.621
0
-4.23
0
-7.029
0
4.913
0
-4.409


3.97
1
-0.492
0
-11.938
0
-1.911
0
-29.465
1
-25.302
1
-10.406
0
-12.262
0
-6.578
0
4.733
0
-16.701
1
-15.964
0
0.318
1
-21.199
0
0.0779999
1
-1.842
0
-15.243
0
-13.681
1
11.966
1
14.818
0
12.13
0
-5.37
0
5.127
1
-22.594
0
6.545
0
-0.941
0
-0.165
0
0.356
0
-0.566
0
-5.018
0
3.97
7.033
1
-7.323
1
-14.102
0
1.58
1
1.506
0
3.307
0
-14.872
0
-4.391
0
-3.383
0
-0.595
0
-2.656
1
-16.903
1
-5.699
0
0.453
0
-10.238
0
-12.12
1
6.173
0
-0.132
0
10.95
1
-6.921
1
-3.594
0
-0.124
1
-9.035
0
0.813
0
-2.91
0
-18.486
0
-0.921
1
-14.969
1
-13.205
0
6.594
0
7.033
-20.98
0
3.567
1
3.502
1
-2.175
0
-0.401
0
-3.141
1
-12.208
1
-10.729
1
1.917
1
-0.498
0
-2.061
1
2.664
1
-5.794
1
5.345
0
-15.763
0
-0.678
0
-0.982
0
7.776
1
-4.563
0
-41.19
1
-12.055
0
-5.911
0
1.148
1
-5.497
0
0.417
0
8.266
0
-6.182
1
-7.927
1
-18.671
1
6.066
0
-20.98
-3.725
1
-4.258
0
-1.098
1
-3.761
1
-7.8
1
-5.726
0
-2.915
1
-22.829
1
-11.772
1
-24.819
1
-1.169
1
2.408
0
-4.829
1
4.439
0
0.995
1
-43.699
1
-2.579
0
-0.744
1
1.543
0
4.631
0
-0.873
0
9.659
1
-18.128
1
-1.674
1
7.131
1
-10.88
0
-14.491
0
-0.737
1
-2.94
0
16.457
0
-3.725
-7.077
1
-2.065
1
-25.856
0
-5.529
1
-1.971
0
0.051
0
2.426
1
-11.802
1
-7.934
1
1.527
1
-11.535
0
-6.936
1
-14.957
1
6.381
0
0.096
0
0.25
1
-3.653
1
-27.202
0
-3.052
0
-4.975
1
-0.668
1
-13.651
0
-7.184
1
16.825
0
-10.242
0
-29.138
0
-2.349
0
-1.848
1
-1.338
0
-9.649
1
-7.077
-5.268
0
-0.086
1
11.779
0
-11.246
0
-19.536
1
-9.14
1
-1.886
1
-29.996
1
-1.066
1
0.317
0
-3.269
1
-11.459
1
-2.038
1
-2.332
0
-23.476
0
-2.405
0
19.1
0
4.529
1
-11.959
1
9.108
0
-19.309
1
-1.602
1
-1.332
0
-4.141
1
-7.151
1
-5.639
0
6.571
1
-1.476
1
4.811
1
-16.271
1
-5.268


0.007
0
-0.299
0
0.742
0
-0.71
0
0.15
0
-0.26
0
-0.05
0
0.142
0
0.059
1
-0.768
0
-0.285
0
-16.45
0
0.0700001
0
-0.732
0
-6.329
0
-0.342
0
0.839
0
0.386
0
0.335
0
-0.323
0
0.495
0
-0.726
0
0.824
0
0.609
0
-0.425
1
-0.029
0
0.041
0
-0.809
0
0.641
0
0.423
1
0.007


0
0
-0.293
0
0.217
0
0.801
0
0.099
0
-0.438
0
0.862
0
-0.395
0
0.23
0
0.752
0
0.716
0
-0.454
0
0.735
0
-0.695
0
-0.238
0
0.081
0
-0.91
0
-0.113
0
0.137
0
-0.934
0
0.679
0
0.389
0
-0.449
0
0.242
0
-0.846
0
0.805
0
-0.19
0
-0.358
0
0.883
0
0.12
0
0
0
0
0
0
0.519
0
-0.85
0
0.791
0
-0.16
0
-0.561
0
0.959
0
-0.623
0
-0.231
0
-0.774
0
0.167
0
-0.449
0
-0.821
0
-0.036
0
0.903
0
-0.00199997
0
0.575
0
-0.709
0
-0.212
0
0.488
0
0.603
0
-0.493
0
0.084
0
-0.094
0
0.951
0
0.393
0
0.864
0
0.00899994
0
0.133
0
0
0
0
0.334
0
0.684
0
0.0700001
0
0.985
0
0.254
0
0.933
0
0.697
0
-0.174
0
0.407
0
0.218
0
-0.166
0
0.305
0
0.072
0
0.364
0
0.00699997
0
0.937
0
0.745
0
-0.924
0
-0.24
0
-0.84
0
-0.597
0
-0.852
0
-0.549
0
0.846
0
-0.607
0
0.366
0
0.934
0
0.704
0
0.911
0
0
0
0
0.6
0
-0.078
0
0.02
0
-0.367
0
-0.673
0
0.56
0
-0.068
0
0.176
0
0.366
0
0.481
0
-0.511
0
-0.505
0
0.721
0
-0.562
0
-0.969
0
0.32
0
0.461
0
0.089
0
0.249
0
0.66
0
0.644
0
0.99
0
0.514
0
-0.189
0
0.022
0
0.184
0
-0.849
0
-0.938
0
0.554
0
0
0
0
-0.702
0
0.222
0
0.031
0
0.815
0
0.368
0
0.891
0
-0.076
0
0.683
0
0.22
0
-0.26
0
-0.458
0
-0.826
0
0.555
0
-0.192
0
0.984
0
-0.939
0
-0.24
0
-0.738
0
-0.506
0
-0.107
0
0.176
0
-0.887
0
0.198
0
0.965
0
-0.316
0
0.516
0
-0.083
0
-0.957
0
0.831
0
0
0
0
0.00300002
0
-0.815
0
-0.109
0
0.974
0
0.631
0
-0.981
0
0.867
0
-0.429
0
0.636
0
-0.86
0
-0.637
0
0.927
0
-0.383
0
-0.756
0
0.437
0
0.895
0
0.398
0
0.687
0
-0.014
0
0.585
0
0.562
0
-0.853
0
-0.994
0
0.061
0
-0.867
0
0.902
0
-0.209
0
-0.069
0
-0.544
0
0
0
0
0.789
0
-0.751
0
0.802
0
-0.688
0
0.454
0
-0.989
0
0.986
0
0.783
0
0.804
0
0.838
0
0.289
0
-0.02
0
-0.03
0
0.379
0
-0.926
0
0.585
0
-0.103
0
0.282
0
0.196
0
0.465
0
-0.551
0
0.487
0
-0.000999987
0
0.94
0
0.154
0
0.483
0
-0.736
0
-0.432
0
-0.745
0
0
0
0
-0.167
0
-0.723
0
0.278
0
0.382
0
0.284
0
-0.128
0
-0.821
0
-0.748
0
-0.424
0
0.239
0
0.401
0
0.219
0
-0.177
0
-0.135
0
-0.07
0
-0.713
0
0.404
0
0.497
0
0.626
0
-0.343
0
0.629
0
0.03
0
-0.116
0
-0.958
0
-0.294
0
0.597
0
-0.227
0
-0.388
0
-0.642
0
0
0
0
-0.299
0
0.894
0
-0.107
0
-0.502
0
0.893
0
-0.672
0
0.323
0
0.807
0
0.69
0
0.358
0
0.269
0
0.804
0
-0.246
0
0.147
0
-0.196
0
-0.505
0
-0.366
0
-0.851
0
-0.724
0
-0.9
0
0.404
0
-0.877
0
-0.96
0
0.185
0
0.942
0
0.433
0
-0.409
0
-0.332
0
-0.784
0
0
0
0
-0.556
0
-0.347
0
-0.331
0
0.646
0
-0.619
0
0.039
0
-0.013
0
-0.937
0
0.32
0
0.525
0
-0.656
0
-0.635
0
0.825
0
0.918
0
0.464
0
-0.398
0
0.747
0
0.058
0
-0.212
0
0.132
0
-0.255
0
0.51
0
-0.075
0
0.584
0
0.503
0
-0.983
0
0.729
0
0.647
0
0.129
0
0


-6.965
1
-1.819
1
-10.539
0
6.969
1
4.684
1
-8.644
0
-2.742
1
-8.025
0
-0.502
0
-1.948
1
-12.552
1
-2.874
0
-18.083
0
-21.708
0
0.51
0
-0.409
0
-6.204
1
-14.387
0
-3.495
1
-13.402
1
1.038
0
-10.677
1
-7.028
1
-21.004
0
-20.598
1
-15.003
0
6.444
1
1.498
1
-12.257
0
-0.324
1
-6.965
3.38
0
0.673
0
-0.929
0
-2.774
1
-2.214
0
0.498
0
-0.229
0
-0.791
1
-0.538
0
-0.027
0
1.898
1
14.954
1
-11.619
1
-5.204
1
-1.908
1
9.965
1
-16.468
1
13.03
0
5.679
1
19.869
0
5.133
0
3.626
0
-0.701
1
-15.843
1
-21.525
0
0.169
0
-15.1
0
-6.392
0
0.894
1
3.462
0
3.38
-2.769
1
3.935
0
-4.299
1
1.446
0
0.771
0
-3.474
1
-9.202
1
15.45
1
3.31
0
-8.419
0
0.33
1
-8.296
0
-4.367
0
20.013
0
0.411
1
-11.29
1
21.334
1
-19.029
0
0.008
0
-15.608
0
-8.512
1
4.314
1
7.945
1
17.539
1
-20.383
0
1.573
1
-0.389
1
1.026
1
-24.448
0
-2.031
1
-2.769
15.788
0
5.294
0
-0.523
1
-7.992
0
-9.597
0
-3.919
0
-4.186
0
-2.414
1
-12.447
0
-2.002
1
-50.263
0
-1.221
1
-6.11
1
-13.301
1
1.752
1
1.791
0
13.702
1
14.55
1
4.514
1
-8.191
0
1.266
1
-11.105
1
-5.057
0
-0.133
0
-0.475
0
-18.662
1
-30.147
0
-8.624
1
15.426
0
0.717
1
15.788
-40.636
1
3.667
0
12.918
0
-0.109
1
-35.482
1
8.686
0
-7.961
1
-14.831
1
-29.325
0
5.194
0
-1.352
1
-10.69
1
-13.259
1
-5.066
1
-19.497
0
13.223
1
-3.151
1
-20.838
1
-22.881
0
5.439
0
0.153
0
-12.401
0
4.933
0
-3.104
1
12.911
0
1.177
0
10.732
0
-1.016
0
1.268
0
-21.045
0
-40.636
-11.897
0
-10.281
0
3.152
0
0.507
0
-1.753
1
-0.001
0
-17.747
0
-15.881
0
2.496
0
-12.101
1
-15.48
0
4.17
0
0.948
0
-2.362
0
0.015
1
-6.13
0
-15.877
0
-16.386
1
-14.451
1
-8.025
0
-2.855
1
-0.043
1
5.862
0
-2.595
0
-25.725
1
-13.127
0
0.817
1
-14.096
0
-7.276
1
-0.505
1
-11.897


3.552
1
-24.195
0
-1.403
1
14.88
0
-1.66
1
5.029
0
-5.675
1
-36.673
1
-25.851
1
-20.978
1
-6.785
0
-2.212
0
-23.278
1
-4.443
0
-23.671
0
-0.897
0
-1.708
0
-0.636
0
0.519
1
-18.505
1
-15.335
1
0.893
0
4.51
0
-4.115
0
0.604
1
6.572
0
-4.694
0
11.408
0
12.132
1
-22.326
0
3.552
-22.058
0
-0.507
0
2.137
0
-4.201
1
-10.004
1
-1.516
0
8.769
1
1.39
1
2.507
1
-6.747
0
0.929
1
4.478
1
1.717
0
-10.388
0
-30.214
0
-2.963
0
-0.727
1
-6.206
0
19.64
0
16.387
0
0.17
1
-0.21
0
0.366
1
12.159
0
-3.41
1
-5.448
0
-3.514
1
-17.464
0
-0.696
0
-18.687
1
-22.058
13.855
0
9.841
0
-0.827
0
-6.144
0
19.737
0
0.957
1
-21.225
0
-3.189
0
0.959
0
1.598
1
-26.006
1
4.335
1
-7.754
1
-9.24
0
-5.694
1
-4.575
1
-9.663
1
18.479
1
-22.348
0
0.712
0
-0.837
0
1.541
1
-4.723
0
-9.357
1
-15.713
0
-4.22
1
-2.694
1
-5.7
1
-6.727
0
0.785
0
13.855
-31.399
0
-1.776
0
-25.796
1
-30.602
0
-8.394
0
-7.369
0
-0.237
1
-0.356
0
-2.622
0
3.025
0
-11.919
0
1.538
1
11.521
1
6.745
0
-4.693
1
-8.471
0
0.031
0
0.003
0
4.163
0
-0.709
0
4.458
0
10.604
1
-9.344
0
-0.796
0
5.597
0
-3.971
1
-8.785
0
-9.947
1
-15.037
0
-19.197
0
-31.399
1.053
0
0.891
1
-2.239
1
-5.097
0
-7.313
0
-0.74
0
-2.713
0
-7.981
1
-13.691
1
-2.716
1
18.125
0
8.014
1
-42.337
0
10.241
1
5.491
1
1.123
1
-1.982
1
3.075
0
3.019
0
-0.888
0
-4.544
1
2.373
1
0.432
0
-8.179
0
-1.393
1
-12.49
0
3.839
0
-4
1
17.854
0
-5.847
0
1.053
1.591
0
-7.178
0
5.494
1
0.822
0
3.113
1
-7.24
0
2.488
1
-8.262
0
11.732
1
-17.732
1
0.16
0
4.725
0
-4.94
1
6.721
0
-0.038
1
-0.268
1
-4.672
1
6.762
1
-15.671
0
-11.449
1
-16.272
1
-12.565
0
-0.714
1
-3.575
1
-7.152
0
-6.2
0
-7.184
1
-13.391
1
9.278
1
6.295
0
1.591


-20.09
0
-5.186
0
-0.704
1
-3.786
1
6.991
1
-5.176
0
-28.659
1
-23.543
1
-8.235
0
14.174
0
-12.533
1
-2.123
0
1.623
1
-12.291
0
7.558
0
-9.786
1
-19.516
1
-21.689
1
-5.967
1
-2.329
1
-19.257
1
-8.55
1
-10.393
1
-9.957
0
1.5
0
-5.414
1
-15.49
1
-3.291
1
-15.114
0
-0.789
1
-20.09
-8.993
0
-26.243
0
6.325
1
-0.875
0
-15.535
0
-11.912
0
0.843
1
-12.107
1
-11.56
0
-0.86
1
6.288
1
-17.219
0
2.282
1
-7.165
1
7.111
1
3.64
0
15.159
0
-0.251
0
0.455
1
-12.863
1
-18.216
0
2.91
0
-16.132
1
-1.892
0
-5.442
1
-21.822
0
-0.787
0
-5.144
0
-20.064
0
-28.459
1
-8.993
-12.11
1
7.698
0
-7.884
0
-5.076
0
0.644
0
8.441
1
-18.672
0
3.695
1
-3.283
1
-18.662
1
-12.439
1
-24.53
0
0.924
0
16.41
0
0.642
1
-3.886
0
-27.203
1
-1.478
0
-11.151
0
7.283
0
1.776
1
5.024
0
-0.336
1
-0.797
0
11.531
0
-0.918
1
-12.407
1
-4.941
0
7.297
0
2.904
1
-12.11
-0.564
1
-2.78
1
-8.43
0
-10.098
0
-1.599
1
-15.872
0
-3.178
1
6.687
0
-4.366
1
-19.514
1
-0.683
0
-6.066
0
-11.702
0
0.289
1
-4.127
1
6.364
0
-5.474
0
-20.324
0
-4.019
1
14.822
0
-10.754
0
-12.43
0
1.567
0
-16.444
1
-5.587
1
-10.354
0
0.071
1
1.23
0
0.621
1
-12.634
1
-0.564
-17.908
1
-12.703
0
-0.091
1
-8.24
1
-15.655
1
-41.052
1
-23.162
0
-9.464
0
0.43
1
-15.174
1
-40.36
0
-19.297
1
-30.836
1
-9.155
1
8.843
0
-1.467
0
-1.956
1
-9.205
0
-6.6
1
-6.295
1
-3.312
0
0.721
0
-0.341
1
8.953
1
-5.945
1
8.559
1
-0.201
1
3.126
1
-7.181
1
5.861
1
-17.908
-28.258
1
-15.18
1
-12.186
1
-7.223
0
-4.952
1
3.992
0
-0.255
1
10.85
1
-6.429
1
-6.611
0
-9.857
1
-22.479
1
-21.802
0
-8.165
0
-29.685
1
-1.456
0
3.256
0
-24.089
0
-24.729
1
3.538
1
-0.091
1
16.006
0
9.855
0
-1.887
0
3.628
1
-0.542
1
-5.142
0
-17.5
0
-1.77
1
-8.128
1
-28.258


-0.05
0
-0.952
0
0.569
0
-0.424
1
6.217
1
-2.946
0
0.767
0
0.259
0
-0.402
0
0.276
1
-0.333
1
-10.592
1
-5.279
1
-4.853
1
1.256
0
0.69
0
-0.384
0
-0.461
0
0.572
0
0.856
0
0.395
1
-0.843
1
-1.584
0
0.783
1
-0.269
1
-1.326
0
0.7
0
0.635
0
-0.695
1
-0.434
0
-0.05


0
0
0.255
0
0.615
0
0.484
0
0.286
0
-0.979
0
-0.161
0
0.556
0
0.87
0
-0.895
0
-0.171
0
0.266
0
0.0599999
0
-0.711
0
0.537
0
-0.863
0
0.305
0
-0.00700003
0
0.518
0
0.107
0
-0.79
0
-0.919
0
-0.659
0
-0.293
0
0.477
0
0.703
0
-0.878
0
-0.99
0
-0.068
0
0.206
0
0
0
0
-0.941
0
-0.177
0
0.915
0
0.33
0
0.765
0
-0.753
0
-0.786
0
0.995
0
-0.613
0
-0.967
0
-0.694
0
-0.41
0
0.071
0
0.469
0
-0.759
0
-0.606
0
0.934
0
0.178
0
-0.934
0
0.923
0
0.092
0
-0.321
0
-0.082
0
-0.724
0
0.165
0
0.672
0
-0.485
0
0.768
0
0.945
0
0
0
0
0.00300002
0
0.735
0
0.306
0
0.712
0
-0.107
0
0.541
0
-0.852
0
0.554
0
0.095
0
-0.529
0
-0.09
0
0.066
0
-0.871
0
0.0140001
0
0.43
0
-0.43
0
0.891
0
-0.013
0
0.208
0
-0.053
0
-0.109
0
-0.316
0
-0.875
0
-0.496
0
0.854
0
0.702
0
0.218
0
-0.437
0
-0.358
0
0
0
0
-0.768
0
0.195
0
0.343
0
0.126
0
-0.305
0
0.764
0
-0.809
0
0.492
0
-0.323
0
0.601
0
-0.919
0
0.046
0
-0.475
0
-0.709
0
0.857
0
-0.00300002
0
-0.918
0
0.516
0
0.0650001
0
0.013
0
-0.735
0
0.892
0
0.842
0
-0.046
0
-0.243
0
0.13
0
-0.013
0
0.612
0
0.715
0
0
0
0
-0.000999987
0
0.607
0
-0.985
0
-0.732
0
-0.979
0
-0.85
0
-0.423
0
-0.989
0
-0.488
0
-0.386
0
-0.391
0
0.817
0
-0.933
0
-0.533
0
0.452
0
-0.945
0
0.153
0
-0.517
0
-0.491
0
0.871
0
0.368
0
-0.044
0
-0.691
0
0.374
0
0.559
0
-0.916
0
0.376
0
0.553
0
0.598
0
0
0
0
0.731
0
0.604
0
0.523
0
-0.969
0
-0.93
0
-0.265
0
0.431
0
-0.302
0
0.856
0
0.135
0
0.613
0
0.103
0
-0.848
0
0.212
0
0.972
0
0.796
0
0.393
0
0.81
0
-0.772
0
-0.539
0
-0.946
0
-0.942
0
0.556
0
0.496
0
-0.354
0
-0.669
0
0.805
0
0.288
0
-0.885
0
0
0
0
0.855
0
-0.435
0
0.707
0
-0.341
0
-0.374
0
0.716
0
0.626
0
-0.28
0
-0.768
0
0.606
0
0.146
0
-0.166
0
0.955
0
0.27
0
0.194
0
0.72
0
0.938
0
-0.626
0
0.809
0
-0.78
0
-0.146
0
-0.866
0
-0.822
0
-0.335
0
-0.693
0
0.285
0
0.054
0
0.224
0
0.145
0
0
0
0
0.339
0
-0.388
0
0.255
0
-0.00400001
0
0.374
0
-0.391
0
0.279
0
-0.936
0
0.803
0
-0.213
0
-0.369
0
0.096
0
0.725
0
-0.148
0
0.69
0
-0.661
0
-0.241
0
0.999
0
0.599
0
-0.083
0
-0.419
0
-0.714
0
0.27
0
0.672
0
0.251
0
-0.665
0
0.937
0
0.208
0
-0.139
0
0
0
0
0.11
0
0.847
0
-0.204
0
0.761
0
0.317
0
-0.218
0
0.604
0
-0.457
0
0.497
0
-0.474
0
-0.294
0
-0.144
0
0.393
0
0.878
0
-0.86
0
-0.891
0
-0.246
0
0.433
0
0.603
0
-0.149
0
-0.402
0
0.878
0
-0.826
0
0.567
0
-0.74
0
-0.654
0
0.908
0
0.81
0
0.202
0
0
0
0
0.878
0
0.881
0
-0.142
0
0.63
0
-0.702
0
-0.784
0
0.674
0
0.123
0
-0.141
0
0.915
0
0.875
0
0.535
0
0.236
0
0.677
0
-0.131
0
0.745
0
-0.37
0
0.852
0
-0.082
0
0.878
0
0.243
0
-0.524
0
0.895
0
-0.875
0
0.464
0
-0.329
0
0.046
0
-0.142
0
-0.934
0
0


11.235
0
0.609
1
-25.419
1
10.21
0
0.646
1
-1.497
1
2.524
1
-0.21
0
-1.624
1
-7.487
0
-0.187
1
-17.905
1
-15.805
0
-0.6
1
-19.386
0
-6.379
0
-0.223
1
14.825
0
-7.311
0
1.104
0
-22.028
1
-2.028
0
1.229
0
1.722
1
10.814
1
-0.592
1
-4.818
1
-2.942
1
-19.954
0
-11.972
0
11.235
-1.243
1
-4.219
1
-9.531
1
4.332
1
-8.049
0
22.023
1
5.781
1
-5.854
0
-7.103
1
-23.441
1
-13.497
0
-3.792
1
-4.95
1
17.589
1
-19.452
1
-11.615
0
-7.691
1
-15.619
1
-20.894
1
-1.335
0
-11.722
1
-4.989
0
-6.473
1
9.564
1
-15.587
1
-13.022
0
0.975
0
-0.181
0
5.922
1
-10.049
0
-1.243
10.918
1
3.142
0
-7.825
1
-2.815
0
-26.439
1
-13.155
0
-0.352
1
-33.948
1
-12.373
0
-0.381
1
-0.789
0
-0.694
0
2.066
1
-16.274
1
-1.092
0
-0.327
0
-23.913
1
-5.992
1
-7.909
1
-0.142
0
-0.089
1
-17.488
0
0.549
0
-3.989
1
-10.642
1
0.162
1
-35.459
0
5.001
1
-21.21
1
-19.931
0
10.918
0.911
0
-19.032
1
1.317
1
0.8
1
-9.335
1
-25.459
1
-32.968
1
-1.486
1
-0.245
1
-4.256
0
-0.91
1
-13.158
1
11.243
1
3.563
0
-10.067
0
4.935
1
-1.522
1
-2.343
0
3.87
0
0.781
0
-1.853
0
-11.031
1
-13.818
0
0.969
1
-13.302
1
-9.47
1
-13.186
0
-0.867
0
-8.89
1
-3.062
0
0.911
-3.357
0
-6.971
1
14.627
1
8.192
1
-20.803
1
-8.397
0
7.966
0
1.809
1
0.296
1
-22.219
1
-6.895
1
-9.393
1
-8.292
0
-4.155
1
2.372
1
-3.439
0
-0.724
1
0.751
0
-2.075
0
-6.828
0
1.096
1
-9.857
0
0.665
0
-2.913
0
-6.422
1
-13.727
1
7.819
0
-1.377
1
7.078
1
-6.193
0
-3.357
-15.19
1
-0.086
0
-1.799
0
9.667
1
-7.967
0
-18.349
1
3.36
0
1.664
1
5.659
1
-5.597
1
-18.033
0
0.00600004
1
5.665
1
-4.905
1
-3.622
0
-14.397
0
-3.826
1
-8.388
0
-19.407
1
-18.428
1
-0.894
0
-5.823
0
17.658
1
-10.608
1
-2.727
1
-9.127
0
-3.005
1
0.241
0
-6.663
1
3.187
0
-15.19


0.381
0
0.976
0
-0.893
0
0.61
0
-0.575
1
-7.652
0
0.8
0
0.383
0
0.476
0
-0.703
0
-0.714
1
-9.576
1
1.133
1
-0.696
1
1.641
1
-0.454
0
-0.725
0
-0.761
0
-1.254
1
6.757
0
13.046
0
-23.717
1
-0.928
0
-5.135
1
-1.111
1
-7.533
0
-0.458
1
-11.888
0
-8.209
1
5.336
0
0.381
-8.632
1
-37.553
0
-8.597
1
-1.193
1
-2.484
1
1.147
1
0.772
1
-6.527
0
-3.073
0
-2.379
0
-6.506
0
-0.303
0
-36.18
1
2.091
1
-12.464
1
-2.071
0
-6.452
1
4.844
1
-34.108
1
-2.99
1
4.791
1
-8.04
0
-1.405
0
-3.477
1
5.877
1
-5.991
1
9.683
0
0.1
0
-20.731
1
-11.856
0
-8.632
-5.406
0
-3.59
0
-18.474
1
-7.204
1
-9.147
1
-11.443
0
-10.476
1
-11.849
1
-3.382
1
0.341
0
-6.074
0
8.256
1
-22.496
0
-0.975
1
-8.202
1
-21.134
0
10.616
1
-24.127
0
3.926
1
17.357
1
0.468
1
4.167
0
0.616
1
0.808
1
-9.575
1
-6.405
0
-3.994
0
-8.738
0
-4.904
0
-0.269
0
-5.406
-42.67
1
-1.128
1
-4.417
0
2.108
1
-6.063
0
-22.124
0
-3.624
1
-14.069
1
-1.884
1
-13.048
1
2.942
1
-0.645
1
-13.295
0
-9.732
0
3.269
0
-4.43
1
-19.217
1
-0.154
0
10.991
1
-11.489
1
-4.002
1
4.633
0
-0.189
0
-6.584
0
4.715
0
-12.641
1
-8.068
0
2.145
0
-1.382
1
-15.664
0
-42.67
-36.774
0
0.726
0
4.33
0
-2.134
1
9.158
1
24.428
1
37.268
0
0.563
1
-16.199
1
2.088
0
0.00999999
1
-8.423
0
7.278
0
-13.76
0
-7.837
0
-4.902
1
-4.142
1
-5.423
0
-3.492
0
-12.27
1
-16.503
0
-3.763
0
0.056
0
-0.122
0
-3.116
0
2.551
0
-13.678
0
1.612
0
-9.662
0
-0.898
1
-36.774
1.888
0
-9.979
1
-8.699
1
-0.373
1
-44.34
1
3.643
1
5.998
1
6.553
1
8.959
0
-20.193
0
-5.528
1
14.071
0
7.762
1
-7.212
0
-13.075
1
22.955
0
16.664
1
1.607
0
11.59
1
-3.742
0
-0.242
0
-4.152
1
-11.225
0
-15.229
1
-25.551
1
16.536
1
-4.456
1
5.075
0
0.604
0
-0.405
1
1.888


-10.34
0
-25.088
0
0.631
0
-2.758
0
3.035
0
5.381
0
-0.263
1
-2.366
1
6.53
0
-0.21
1
8.824
1
4.592
1
2.921
0
-0.037
1
-16.843
0
-20.168
0
-21.117
0
4.533
0
-13.296
0
3.92
1
-10.955
0
-5.658
0
12.585
0
-1.724
1
3.746
0
8.651
1
2.959
1
-7.763
1
-11.808
0
0.67
1
-10.34
11.224
0
1.777
0
-18.08
1
-3.254
1
-20.832
1
1.274
1
3.017
0
0.0779999
0
-12.394
1
-10.795
1
-3.311
0
-15.275
0
28.924
0
-6.89
0
-1.142
1
-15.768
1
-12.935
1
-11.894
1
-29.947
1
7.105
1
-22.616
0
-26.658
0
-4.785
0
16.043
1
9.971
1
-7.524
0
-4.691
0
3.205
1
-4.698
1
-5.451
1
11.224
-7.788
0
-17.62
0
-14.583
0
-9.286
0
-5.035
1
-1.775
0
0.817
1
-21.701
1
-15.368
1
-14.318
1
-30.255
1
-24.131
1
-14.75
0
11.026
1
23.761
1
-5.172
0
-12.168
1
1.8
0
2.358
1
-2.635
1
-10.385
0
-12.971
0
6.632
0
-13.466
0
-13.398
0
6.132
0
-0.201
1
-17.504
1
-15.88
1
-33.701
0
-7.788
7.688
0
-21.292
1
-16.609
0
-4.931
1
1.542
0
-25.235
0
-17.335
1
-1.89
0
-3.548
1
-18.726
0
-7.039
0
-19.201
1
-29.749
1
-7.332
1
9.484
1
-5.94
1
-22.956
1
10.375
1
-14.001
0
-1.576
0
-24.003
1
7.941
1
-10.391
1
6.271
1
-3.755
0
-5.897
1
2.995
0
24.887
1
2.547
0
0.703
0
7.688
8.598
0
-15.034
0
-0.904
0
-7.03
1
-12.607
0
0.899
0
-8.992
0
-3.429
1
5.248
0
-4.019
0
-27.448
1
-15.198
1
5.283
0
-0.419
1
-5.318
1
3.252
1
-32.249
1
3.715
1
0.914
1
-6.311
0
-7.297
0
9.865
0
-7.935
0
-27.422
0
-27.957
0
0.407
1
-22.809
1
10.992
1
-35.369
1
-7.087
0
8.598
4.172
0
-16.617
0
-0.934
0
-10
0
-7.701
1
-5.031
1
8.018
0
-2.513
0
-17.94
0
2.3
0
-0.176
1
1.632
1
-5.297
1
-3.809
0
-22.905
1
-2.522
0
-0.343
0
-24.466
0
0.902
0
5.244
1
7.674
0
-19.712
0
-14.342
0
14.703
0
-5.692
0
-10.876
0
-32.834
1
-12.505
1
-13.169
0
8.839
1
4.172


1.397
1
0.081
0
0.57
0
-0.444
0
-0.653
1
-4.762
0
-0.893
0
-0.836
0
0.594
0
-0.434
0
-0.941
0
-6.525
0
-0.871
0
0.392
0
-0.791
1
-0.019
0
-0.742
0
0.0190001
1
-5.324
0
-0.637
1
-0.086
0
0.92
0
-0.089
0
0.872
0
0.168
0
-0.435
0
-0.654
0
-0.216
1
0.369
0
-0.479
1
1.397


0
0
-0.548
0
-0.569
0
0.185
0
-0.375
0
0.005
0
-0.135
0
-0.722
0
-0.179
0
0.328
0
0.751
0
0.0700001
0
0.385
0
0.128
0
0.097
0
0.11
0
-0.009
0
-0.049
0
0.653
0
-0.988
0
-0.631
0
-0.737
0
-0.271
0
-0.391
0
0.562
0
0.552
0
-0.522
0
-0.698
0
-0.726
0
-0.779
0
0
0
0
-0.408
0
-0.862
0
0.979
0
0.801
0
-0.509
0
0.137
0
-0.2
0
0.073
0
-0.966
0
-0.867
0
0.416
0
0.161
0
-0.939
0
-0.858
0
0.152
0
-0.287
0
-0.037
0
0.991
0
-0.00300002
0
0.673
0
-0.427
0
-0.036
0
-0.638
0
0.781
0
0.531
0
0.192
0
0.56
0
0.614
0
-0.451
0
0
0
0
-0.518
0
-0.147
0
-0.274
0
-0.495
0
0.357
0
-0.469
0
-0.926
0
-0.203
0
-0.904
0
-0.775
0
-0.631
0
0.669
0
0.905
0
-0.879
0
0.724
0
0.487
0
0.362
0
0.363
0
0.664
0
0.451
0
0.59
0
0.563
0
0.115
0
-0.474
0
-0.279
0
0.651
0
-0.078
0
-0.422
0
-0.824
0
0
0
0
-0.792
0
-0.718
0
-0.269
0
-0.906
0
0.185
0
-0.323
0
0.698
0
0.617
0
-0.279
0
-0.589
0
0.948
0
0.196
0
0.845
0
0.342
0
0.493
0
0.514
0
0.839
0
-0.19
0
-0.031
0
-0.399
0
-0.297
0
0.818
0
0.668
0
0.924
0
0.02
0
-0.314
0
-0.958
0
0.039
0
0.763
0
0
0
0
0.859
0
-0.633
0
-0.981
0
-0.35
0
0.163
0
0.29
0
-0.257
0
0.695
0
0.917
0
-0.693
0
-0.765
0
-0.11
0
-0.955
0
0.841
0
-0.719
0
-0.446
0
0.039
0
-0.417
0
0.816
0
0.852
0
0.244
0
0.768
0
0.805
0
0.663
0
0.718
0
-0.412
0
-0.757
0
-0.576
0
0.343
0
0
0
0
0.991
0
0.719
0
0.0190001
0
-0.736
0
0.866
0
0.589
0
0.277
0
0.773
0
0.137
0
-0.288
0
-0.764
0
0.255
0
-0.198
0
-0.378
0
-0.423
0
-0.847
0
-0.106
0
0.412
0
0.504
0
0.22
0
-0.549
0
0.695
0
0.151
0
0.464
0
-0.693
0
0.179
0
0.544
0
0.272
0
0.349
0
0
0
0
0.005
0
-0.941
0
-0.425
0
-0.733
0
-0.874
0
-0.996
0
0.763
0
0.698
0
0.839
0
-0.838
0
-0.608
0
0.0599999
0
0.543
0
0.038
0
0.829
0
0.228
0
-0.914
0
-0.141
0
0.169
0
0.793
0
-0.593
0
-0.96
0
0.867
0
0.147
0
-0.902
0
-0.958
0
0.641
0
0.141
0
-0.035
0
0
0
0
-0.868
0
0.62
0
0.418
0
-0.245
0
0.623
0
-0.969
0
0.214
0
0.279
0
0.36
0
0.011
0
0.049
0
0.703
0
0.202
0
0.411
0
-0.755
0
-0.925
0
-0.238
0
0.369
0
-0.065
0
-0.106
0
-0.485
0
-0.161
0
-0.278
0
-0.896
0
-0.691
0
-0.757
0
0.291
0
-0.975
0
-0.955
0
0
0
0
0.792
0
0.075
0
0.653
0
-0.682
0
-0.829
0
0.24
0
-0.054
0
0.553
0
-0.697
0
-0.441
0
-0.245
0
-0.17
0
-0.493
0
0.262
0
0.252
0
-0.025
0
-0.496
0
0.172
0
-0.015
0
0.132
0
-0.405
0
0.677
0
0.759
0
-0.799
0
-0.442
0
-0.788
0
0.828
0
0.694
0
0.139
0
0
0
0
0.847
0
0.707
0
-0.918
0
-0.066
0
-0.315
0
0.391
0
-0.322
0
-0.617
0
-0.626
0
-0.332
0
-0.848
0
0.462
0
0.752
0
0.02
0
-0.983
0
-0.231
0
0.54
0
0.763
0
-0.294
0
-0.618
0
0.136
0
0.863
0
0.624
0
0.716
0
0.477
0
0.812
0
-0.00700003
0
-0.06
0
-0.429
0
0


-14.25
0
-23.292
0
-4.089
1
3.598
1
14.716
0
-20.198
0
-29.323
1
-9.005
0
-14.638
0
-7.746
1
6.429
0
10.663
1
-32.285
1
-3.47
0
-7.295
1
-0.851
0
-8.143
0
9.067
0
6.574
1
-17.625
0
-6.341
1
-14.764
0
-16.794
0
-2.911
1
-6.507
1
6.064
1
-5.066
1
-1.298
1
-5.285
1
-34.734
0
-14.25
0.091
1
3.864
1
3.083
1
-3.944
1
5.438
0
-0.955
1
1.122
0
-0.789
0
0.621
1
-2.788
1
5.777
0
-13.356
0
-1.337
0
-16.102
0
-13.374
0
3.573
0
-6.867
1
-19.469
1
3.729
0
3.934
1
-5.134
0
-25.198
0
9.789
1
-1.057
0
1.13
1
-1.729
1
-14.314
0
-12.541
0
-13.615
0
-0.893
1
0.091
-26.706
0
0.774
1
5.875
0
-5.563
0
-1.312
1
-17.062
1
-10.342
0
-18.558
0
-12.108
0
-0.643
1
-25.755
1
-1.475
0
-3.713
0
0.234
0
-25.983
0
-0.903
0
-14.529
0
-4.769
1
7.542
1
3.496
0
0.473
1
1.941
1
14.903
1
9.73
1
-8.132
1
10.158
1
-11.085
0
-13.632
0
-0.623
0
-9.166
1
-26.706
-24.159
1
-23.175
0
-9.991
0
-17.007
1
10.311
1
-2.902
1
-8.546
0
-4.673
1
-9.383
1
2.191
0
0.817
1
-0.078
0
3.023
0
5.409
0
-14.545
0
4.794
0
-19.857
0
0.328
0
-7.47
1
-13.909
0
4.877
0
-1.189
1
-29.452
1
-18.257
1
-26.688
1
-8.396
1
-6.843
0
-6.784
0
1.934
0
-2.962
0
-24.159
14.97
0
-0.403
1
-26.494
1
-30.023
1
-17.279
0
-22.633
1
8.202
0
-0.988
0
3.042
0
-0.829
0
-9.524
1
-7.734
0
-0.387
0
-0.728
1
12.442
1
-6.988
0
-13.909
1
-1.754
0
-18.749
0
-0.527
1
4.091
1
11.201
1
-26.445
1
-15.933
1
-15.412
1
-19.834
0
-7.535
0
-0.41
1
-12.423
0
2.789
0
14.97
-17.309
0
-0.651
1
6.727
0
-7.478
1
-11.087
0
7.97
1
-33.587
1
-40.983
0
-7.68
0
2.99
0
-2.756
1
6.946
1
-0.775
1
-16.199
1
-0.513
0
-0.027
0
-17.96
1
4.441
0
-10.57
0
-8.878
1
-6.386
0
42.214
1
-9.985
0
-18.915
0
3.314
1
-10.341
1
-14.409
0
-0.958
1
-10.871
0
-1.367
1
-17.309


30.842
1
-11.543
1
22.906
1
-14.332
1
-6.671
0
-4.776
0
-4.195
1
16.02
1
-1.324
0
0.265
0
-21.593
1
-1.702
0
-8.52
0
-4.658
1
-12.552
0
-3.88
0
0.709
0
-5.365
1
-26.722
1
-4.357
0
14.8
1
-1.459
0
-12.692
0
-6.086
1
2.043
1
-7.707
1
-9.521
0
5.142
0
0.831
0
-0.924
1
30.842
-16.54
0
-13.344
1
9.793
0
-1.178
0
-27.43
0
4.032
0
-8.123
0
-4.467
0
0.381
0
1.648
0
-10.698
1
-3.038
0
-0.443
0
-11.91
0
-8.175
1
1.086
0
5.553
1
-3.298
0
-17.729
0
-17.203
1
-10.46
1
-8.865
1
-9.129
1
-20.126
1
-13.45
1
2.628
0
-2.653
0
-1.084
0
3.465
1
-5.209
0
-16.54
-33.68
1
-1.242
0
-0.806
0
-9.028
1
-2.664
1
-10.07
1
-6.401
0
4.007
0
-0.278
0
-0.342
1
-31.795
1
2.79
0
-25.149
1
2.523
1
-14.846
1
-1.144
0
-3.613
0
-2.319
1
0.634
0
-11.665
0
10.89
1
-24.573
0
-10.227
0
2.188
0
-2.484
0
-1.073
1
-18.069
1
-0.034
0
-1.51
1
1.493
1
-33.68
-24.628
0
-12.498
0
-6.727
1
-24.993
1
-14.291
1
2.841
0
-0.236
0
-0.636
0
-2.495
0
8.871
0
-16.055
1
-9.022
1
15.436
1
-0.982
1
4.427
0
-26.681
1
-0.684
1
-3.432
0
-18.154
0
13.131
0
-0.349
1
0.495
1
-4.221
0
-5.347
1
-2.602
0
-24.435
1
9.971
0
-14.492
0
1.91
1
-4.018
1
-24.628
-15.909
0
-7.126
1
-11.161
1
16.901
1
-2.053
0
-7.34
0
-2.836
1
-11.86
0
-10.471
0
-7.529
1
-10.368
1
1.488
1
-14.034
1
-1.799
0
-9.279
1
-24.267
1
-3.988
1
17.076
1
-22.456
1
-13.738
1
15.644
1
-8.558
1
-14.98
0
5.895
1
11.033
0
-9.073
1
-8.42
0
-18.888
0
-3.982
1
0.957
0
-15.909
10.853
0
-0.156
1
-6.835
0
-4.03
0
-11.482
0
-0.661
1
-31.774
0
10.944
0
-0.507
0
-6.056
1
0.348
0
-2
1
-12.344
1
4.449
0
-11.975
0
5.095
1
2.004
0
-5.814
0
-6.578
0
1.678
0
-1.966
1
-22.059
1
-2.807
0
-3.338
0
8.849
0
-11.899
0
10.217
0
0.173
0
1.566
1
-0.042
1
10.853


0.975
0
8.231
1
-25.6
0
-0.801
0
7.905
1
-27.498
1
4.629
1
-9.916
0
-0.587
1
-26.133
1
-9.618
0
3.778
0
26.965
0
-0.758
1
-7.165
1
-2.835
1
-2.514
1
-7.709
1
-16.956
0
-0.349
1
-15.938
0
-2.034
1
7.16
0
-6.776
0
-6.006
0
-11.469
1
-0.11
1
-0.689
1
4.263
0
0.462
0
0.975
15.363
0
-19.347
1
1.134
1
-16.086
1
-11.271
1
-0.551
0
-19.042
1
3.666
1
-12.728
0
0.941
0
5.857
1
-14.939
0
0.678
1
4.051
1
-23.663
0
-5.291
1
-8.528
1
1.505
0
-1.189
1
-6.32
0
-6.406
0
-0.826
1
14.388
0
-10.193
1
1.9
0
-0.901
0
3.56
0
-0.948
1
-3.572
1
-7.246
0
15.363
4.03
0
-0.814
1
4.611
0
-0.124
1
-2.146
0
4.882
1
-5.932
1
1.731
0
0.516
0
-7.454
1
7.77
0
0.246
0
-1.011
1
-26.658
0
0.24
0
2.12
0
-2.427
1
-7.256
0
2.473
0
-3.37
0
-8.219
1
0.481
1
8.779
1
6.294
1
-12.264
0
-0.344
1
-17.245
0
-15.442
1
-23.297
1
-26.172
0
4.03
-1.389
0
-0.457
0
0.316
0
-0.125
1
-3.153
0
-0.627
1
0.904
0
-0.738
0
0.141
0
0.527
0
-0.307
0
-3.379
1
1.772
1
-1.506
0
-0.678
0
0.985
0
-0.6
0
0.887
0
-0.543
0
-0.657
0
0.286
0
0.955
0
0.957
0
0.411
0
-4.848
1
-4.946
1
-7.338
0
-8.13
1
-5.089
1
-14.542
0
-1.389
11.237
0
-30.15
1
1.784
1
-11.667
1
9.623
1
-3.133
1
9.571
1
-7.58
1
-26.455
0
-0.871
0
-1.363
1
0.016
1
-6.978
0
-4.518
0
-13.665
0
4.189
1
2.69
0
-1.557
0
0.392
0
0.531
1
3.778
0
8.321
0
-11.387
1
0.551
0
5.298
0
-10.747
0
-13.579
0
-3.281
1
32.094
1
-9.856
0
11.237
-13.201
1
-17.258
1
10.087
1
-1.135
1
-7.252
0
-1.764
1
8.625
1
-3.961
1
-6.32
0
-3.599
0
-2.235
0
-13.524
0
-8.459
1
0.959
0
2.343
0
-0.509
1
-9.715
1
1.473
0
-4.704
1
-2.181
1
2.904
1
-20.017
1
8.235
1
4.324
0
0.194
0
3.932
0
8.018
1
-3.613
0
3.623
1
4.287
0
-13.201


0
0
0.183
0
0.873
0
0.225
0
-0.703
1
-0.038
1
3.753
0
0.798
1
-0.748
0
-0.297
0
0.091
1
-11.16
0
-0.981
0
-0.547
1
1.689
0
-0.884
0
0.347
0
-0.021
0
-2.169
0
0.238
0
0.403
1
-1.544
0
0.853
0
-0.82
1
-6.381
0
-0.304
1
3.565
1
4.965
0
-0.261
1
-2.991
0
0
