

0
0
-0.11
0
-0.279
0
0.98
0
-0.305
0
0.824
0
-0.576
0
-0.323
0
-0.744
0
-0.509
0
0.303
0
-0.223
0
0.619
0
-0.889
0
0.233
0
-0.716
0
0.0319999
0
-0.85
0
-0.835
0
0.41
0
-0.037
0
0.224
0
-0.68
0
-0.213
0
0.238
0
0.817
0
-0.919
0
0.972
0
-0.287
0
0.938
0
0
0
0
-0.076
0
0.108
0
-0.771
0
0.763
0
0.563
0
0.931
0
-0.019
0
0.69
0
-0.341
0
0.744
0
0.198
0
0.015
0
-0.643
0
0.601
0
0.654
0
0.863
0
-0.448
0
-0.547
0
-0.282
0
-0.367
0
-0.148
0
-0.462
0
0.956
0
0.505
0
0.533
0
0.442
0
-0.286
0
-0.269
0
0.676
0
0
0
0
-0.487
0
0.492
0
0.353
0
0.069
0
-0.746
0
0.427
0
-0.544
0
0.131
0
-0.869
0
-0.08
0
-0.00800002
0
-0.437
0
-0.063
0
-0.18
0
-0.672
0
-0.65
0
-0.623
0
-0.388
0
-0.983
0
-0.937
0
0.897
0
0.838
0
-0.388
0
0.349
0
0.336
0
-0.271
0
-0.286
0
0.189
0
0.00300002
0
0
0
0
-0.176
0
-0.687
0
-0.907
0
0.79
0
0.233
0
-0.564
0
-0.24
0
0.711
0
-0.247
0
0.321
0
0.27
0
0.731
0
-0.362
0
0.482
0
0.627
0
0.099
0
-0.535
0
0.657
0
-0.165
0
0.554
0
0.648
0
-0.256
0
-0.288
0
0.099
0
0.564
0
-0.649
0
-0.964
0
0.594
0
-0.877
0
0
0
0
-0.866
0
-0.512
0
0.859
0
-0.987
0
-0.251
0
-0.607
0
0.95
0
-0.63
0
0.624
0
-0.439
0
0.316
0
-0.498
0
0.617
0
0.88
0
-0.295
0
0.568
0
0.731
0
-0.56
0
0.808
0
-0.826
0
-0.76
0
-0.559
0
-0.392
0
-0.093
0
0.433
0
0.727
0
-0.409
0
0.987
0
-0.031
0
0
0
0
-0.946
0
0.234
0
-0.457
0
0.625
0
0.564
0
-0.283
0
-0.027
0
0.253
0
-0.224
0
0.9
0
0.33
0
-0.861
0
0.36
0
0.235
0
-0.273
0
0.013
0
-0.924
0
0.35
0
0.545
0
-0.865
0
0.532
0
-0.052
0
-0.214
0
-0.497
0
-0.041
0
0.125
0
0.0319999
0
-0.632
0
-0.087
0
0
0
0
-0.303
0
-0.308
0
0.935
0
0.829
0
-0.182
0
0.315
0
0.415
0
-0.691
0
-0.314
0
0.603
0
-0.678
0
0.436
0
0.624
0
0.915
0
-0.904
0
0.3
0
-0.297
0
-0.242
0
-0.602
0
-0.81
0
-0.021
0
-0.322
0
0.173
0
-0.453
0
-0.131
0
0.579
0
-0.305
0
0.0369999
0
0.962
0
0
0
0
0.319
0
-0.887
0
0.397
0
0.796
0
-0.982
0
-0.387
0
0.162
0
0.953
0
0.257
0
0.252
0
-0.35
0
-0.549
0
-0.609
0
-0.199
0
-0.504
0
0.408
0
0.704
0
-0.577
0
0.558
0
-0.373
0
-0.459
0
0.423
0
-0.437
0
-0.588
0
0.268
0
-0.036
0
0.655
0
-0.256
0
-0.864
0
0
0
0
-0.422
0
-0.42
0
-0.429
0
-0.648
0
0.226
0
-0.922
0
-0.541
0
-0.816
0
-0.627
0
0.586
0
0.998
0
0.59
0
0.926
0
-0.301
0
-0.329
0
0.222
0
-0.46
0
-0.51
0
0.941
0
-0.866
0
0.563
0
-0.328
0
-0.022
0
0.468
0
0.551
0
0.71
0
-0.302
0
0.949
0
0.182
0
0
0
0
0.13
0
-0.074
0
0.476
0
-0.986
0
-0.619
0
0.176
0
-0.887
0
0.772
0
0.557
0
0.179
0
-0.722
0
0.395
0
0.503
0
-0.837
0
-0.231
0
0.274
0
0.702
0
-0.445
0
-0.807
0
0.376
0
0.244
0
-0.648
0
0.182
0
0.731
0
-0.303
0
0.64
0
0.847
0
-0.199
0
0.09
0
0


-22.759
0
-14.051
1
-13.785
1
9.403
0
-5.91
0
-8.238
1
-7.007
0
-2.586
0
-1.546
0
-1.902
0
0.518
0
2.694
0
-0.543
1
4.989
0
-11.23
1
-5.193
1
11.039
1
3.56
0
-7.187
1
-38.923
1
6.435
0
-2.604
0
-1.797
1
-2.716
1
-4.406
1
15.615
0
-0.278
1
4.004
1
-8.313
0
0.962
0
-22.759
-11.729
1
9.46
1
-22.54
0
-7.854
0
10.483
0
-15.786
1
-7.773
1
13.308
1
-5.53
1
4.168
1
-5.617
1
-17.541
1
2.047
1
-18.484
1
-17.605
1
0.68
0
-17.62
1
-23.808
1
-11.24
1
-6.549
0
-0.696
1
-13.887
0
-0.898
0
-4.27
0
-3.086
1
-12.799
1
-23.339
1
-19.75
0
-10.882
1
-8.959
1
-11.729
-12.762
1
1.011
1
-1.848
0
0.377
1
-10.108
0
-0.165
0
-2.368
0
-6.028
1
-5.496
1
-3.414
1
-3.875
1
-9.754
1
-14.047
0
-17.377
1
11.382
0
-7.25
1
-3.823
1
-21.103
1
-12.628
1
0.786
0
-13.482
0
-12.946
0
-9.315
0
-2.752
1
-17.134
1
-4.583
1
-11.33
0
-0.165
0
-0.955
1
-3.553
1
-12.762
-5.264
1
13.073
0
0.423
0
-2.345
1
-7.77
1
-12.403
1
6.763
0
19.689
0
-3.345
1
-9.34
0
4.157
0
0.893
1
-11.41
1
-0.224
1
-26.806
1
-0.598
0
-0.38
1
-14.508
1
-9.755
0
-8.42
1
-0.659
0
-7.94
1
-15.48
0
-11.696
1
-30.02
0
-9.1
0
-12.245
1
4.857
0
-0.677
1
-28.058
0
-5.264
-1.782
1
-10.045
0
-0.835
0
1.056
1
0.503
0
-0.92
1
-4.988
0
7.689
0
-14.267
1
-36.315
0
-7.76
1
2.155
0
-1.088
1
-3.878
0
0.99
1
5.062
0
-0.929
1
1.693
0
-30.206
1
10.693
1
-6.5
0
8.314
1
-6.686
1
-14.894
0
1.323
0
8.524
0
1.753
0
0.401
0
-6.371
0
-12.006
1
-1.782
-16.774
1
5.978
1
-12.928
1
0.32
1
-20.641
1
-10.018
0
-16.975
0
-11.376
0
0.699
0
8.07
1
-1.002
0
3.255
0
1.908
0
1.62
1
-10.16
0
-2.489
1
9.959
1
-21.208
1
-4.805
0
4.848
1
-12.009
1
12.774
1
-26.265
0
-15.971
1
-0.917
0
-0.248
1
-25.735
1
1.986
0
-15.808
0
1.537
1
-16.774


-36.94
0
-3.073
0
0.25
1
-25.843
1
-16.969
0
-6.168
0
-2.465
0
1.656
0
-1.149
1
-3.743
0
-17.175
1
0.303
0
0.645
0
-7.274
1
-11.826
1
-2.236
0
8.636
1
-0.44
1
4.78
0
4.323
1
-0.688
1
-0.432
0
-23.5
0
-8.955
1
-9.23
0
15.147
1
2.987
1
-2.738
1
-3.812
1
-3.082
1
-36.94
-28.161
0
1.457
0
-15.365
1
-28.327
0
-0.195
1
8.015
1
10.669
1
-4.203
1
-2.428
1
4.168
1
0.159
1
-6.262
0
-4.981
0
-11.698
1
0.727
0
-3.191
0
-5.554
0
4.849
0
-3.467
1
5.297
0
-11.415
0
0.00699997
1
-4.136
0
-4.773
1
-4.41
0
-2.382
0
-15.05
0
-6.831
1
-8.708
1
-2.763
0
-28.161
-14.622
1
-15.722
0
-7.025
0
5.459
1
-9.236
1
16.978
1
1.04
1
-14.398
0
-0.301
1
10.658
1
-10.653
0
0.577
1
3.418
0
-1.3
0
6.36
0
-8.876
1
16.451
0
-8.443
1
-9.044
0
-0.124
0
-12.319
0
-26.419
0
-0.444
1
-9.206
0
-2.701
0
0.496
1
-10.864
1
-18.763
1
-21.993
1
1.416
1
-14.622
-6.55
1
-6.944
1
-30.167
0
-4.744
1
-15.397
1
-53.948
0
-12.718
1
-12.497
0
0.403
0
-8.102
0
1.639
0
-8.692
0
-9.664
0
0.271
0
1.732
0
-3.056
1
-26.881
1
0.841
0
-3.479
0
-23.164
1
-23.109
1
4.128
0
-16.159
1
-23.309
1
-4.088
0
-6.817
0
-14.917
1
-36.4
1
16.284
1
2.463
1
-6.55
7.128
0
-10.032
1
-18.785
1
6.262
0
-3.99
0
-0.139
1
-19.069
0
1.87
1
3.002
1
-0.547
0
-7.162
1
-8.975
1
-24.482
0
-4.889
0
-19.009
0
0.916
0
3.839
1
-9.597
0
-5.302
0
-4.311
1
16.827
1
-13.299
0
-18.023
0
-2.765
0
-1.926
1
-7.831
1
-22.532
1
4.548
1
-12.18
1
-35.316
1
7.128
4.556
1
9.653
1
8.95
1
-1.225
1
0.903
1
7.808
0
-18.037
0
-3.312
1
-16.128
1
2.036
1
-11.493
0
-11.62
0
-4.161
0
30.084
0
-10.068
1
2.474
0
-1.852
1
4.683
0
-9.143
0
7.03
0
-11.341
0
4.713
1
2.092
0
0.136
0
6.32
0
-0.853
0
-6.944
0
-20.797
1
1.491
1
8.424
0
4.556


-10.694
1
-4.722
0
0.853
0
-10.308
0
-19.052
1
-22.065
0
-9.004
0
-17.948
1
4.211
0
2.522
1
-14.474
1
4.835
0
0.318
0
-9.299
1
-9.104
1
0.687
0
-15.548
1
-10.731
1
3.065
1
13.566
1
-9.38
0
-6.037
1
-13.33
1
-19.287
1
1.417
1
0.793
1
-8.034
1
-6.203
0
-16.083
0
-11.416
1
-10.694
-22.531
0
-2.586
1
-25.832
0
-0.428
1
-5.069
0
3.307
1
-14.872
0
-4.391
0
-3.383
0
-0.595
0
-2.656
0
-12.291
0
0.39
0
-3.025
0
-1.479
0
-11.816
1
-5.861
0
-0.132
1
1.292
0
-11.114
0
-0.321
0
-0.124
0
-14.806
0
4.374
0
-2.91
1
-31.793
1
-10.6
1
-18.624
1
-18.699
1
8.524
1
-22.531
-23.984
0
3.092
0
-10.426
1
4.185
0
-0.401
1
6.15
1
6.087
0
-5.92
0
4.374
1
-15.497
1
1.638
1
-18.612
1
-3.95
1
-5.375
1
-23.279
1
-7.105
0
-12.046
1
-21.303
0
0.349
1
-33.308
0
-7.026
0
-23.827
1
1.148
0
-12.751
0
-1.922
0
-24.21
1
-0.173
1
-5.155
0
-4.785
0
8.363
1
-23.984
-4.608
1
-4.323
1
3.581
0
-3.761
0
-0.436
0
-0.825
0
-12.019
0
-5.692
1
-16.57
0
-16.344
0
-0.565
1
-13.085
0
-4.93
0
-17.007
0
0.995
0
-37.766
0
-1.84
0
-0.744
1
-19.472
0
4.631
1
-1.145
1
7.232
1
3.056
1
-9.326
0
4.92
1
12.135
1
-9.885
1
-2.839
1
-11.455
1
12.859
0
-4.608
3.453
0
-1.319
1
24.924
0
-5.529
1
-2.105
0
0.051
0
3.485
1
-14.79
0
-2.335
1
9.537
0
-18.535
1
-5.955
0
-19.188
1
-4.071
0
11.875
0
0.25
1
-6.05
0
-6.02
0
4.654
0
0.838
1
2.387
1
-5.468
1
-10.742
1
7.606
0
-16.252
1
-32.27
1
5.327
0
-1.848
1
-13.232
0
-9.205
1
3.453
-5.103
1
-2.817
0
4.919
0
-16.094
0
-19.221
0
-2.595
0
-4.865
1
-13.744
0
-0.257
0
-0.534
1
-12.044
1
-11.967
1
-0.57
1
11.246
1
-22.118
1
0.545
1
13.451
0
6.034
1
-22.052
1
7.668
0
-24.588
1
1.614
1
-11.295
1
-15.696
0
-1.663
0
-4.578
0
-0.648
0
1.071
0
-2.166
1
-20.654
0
-5.103


0.007
0
-0.299
0
0.742
0
-0.71
0
0.15
0
-0.26
0
-0.05
0
0.142
0
0.059
1
-0.768
0
-0.285
1
-24.865
0
0.0700001
0
-0.732
0
-6.329
0
-0.342
0
0.839
0
0.386
0
0.335
0
-0.323
0
0.495
0
-0.726
0
0.824
0
0.609
0
-0.425
1
-0.029
0
0.041
0
-0.809
0
0.641
0
0.423
0
0.007


0
0
-0.293
0
0.217
0
0.801
0
0.099
0
-0.438
0
0.862
0
-0.395
0
0.23
0
0.752
0
0.716
0
-0.454
0
0.735
0
-0.695
0
-0.238
0
0.081
0
-0.91
0
-0.113
0
0.137
0
-0.934
0
0.679
0
0.389
0
-0.449
0
0.242
0
-0.846
0
0.805
0
-0.19
0
-0.358
0
0.883
0
0.12
0
0
0
0
0
0
0.519
0
-0.85
0
0.791
0
-0.16
0
-0.561
0
0.959
0
-0.623
0
-0.231
0
-0.774
0
0.167
0
-0.449
0
-0.821
0
-0.036
0
0.903
0
-0.00199997
0
0.575
0
-0.709
0
-0.212
0
0.488
0
0.603
0
-0.493
0
0.084
0
-0.094
0
0.951
0
0.393
0
0.864
0
0.00899994
0
0.133
0
0
0
0
0.334
0
0.684
0
0.0700001
0
0.985
0
0.254
0
0.933
0
0.697
0
-0.174
0
0.407
0
0.218
0
-0.166
0
0.305
0
0.072
0
0.364
0
0.00699997
0
0.937
0
0.745
0
-0.924
0
-0.24
0
-0.84
0
-0.597
0
-0.852
0
-0.549
0
0.846
0
-0.607
0
0.366
0
0.934
0
0.704
0
0.911
0
0
0
0
0.6
0
-0.078
0
0.02
0
-0.367
0
-0.673
0
0.56
0
-0.068
0
0.176
0
0.366
0
0.481
0
-0.511
0
-0.505
0
0.721
0
-0.562
0
-0.969
0
0.32
0
0.461
0
0.089
0
0.249
0
0.66
0
0.644
0
0.99
0
0.514
0
-0.189
0
0.022
0
0.184
0
-0.849
0
-0.938
0
0.554
0
0
0
0
-0.702
0
0.222
0
0.031
0
0.815
0
0.368
0
0.891
0
-0.076
0
0.683
0
0.22
0
-0.26
0
-0.458
0
-0.826
0
0.555
0
-0.192
0
0.984
0
-0.939
0
-0.24
0
-0.738
0
-0.506
0
-0.107
0
0.176
0
-0.887
0
0.198
0
0.965
0
-0.316
0
0.516
0
-0.083
0
-0.957
0
0.831
0
0
0
0
0.00300002
0
-0.815
0
-0.109
0
0.974
0
0.631
0
-0.981
0
0.867
0
-0.429
0
0.636
0
-0.86
0
-0.637
0
0.927
0
-0.383
0
-0.756
0
0.437
0
0.895
0
0.398
0
0.687
0
-0.014
0
0.585
0
0.562
0
-0.853
0
-0.994
0
0.061
0
-0.867
0
0.902
0
-0.209
0
-0.069
0
-0.544
0
0
0
0
0.789
0
-0.751
0
0.802
0
-0.688
0
0.454
0
-0.989
0
0.986
0
0.783
0
0.804
0
0.838
0
0.289
0
-0.02
0
-0.03
0
0.379
0
-0.926
0
0.585
0
-0.103
0
0.282
0
0.196
0
0.465
0
-0.551
0
0.487
0
-0.000999987
0
0.94
0
0.154
0
0.483
0
-0.736
0
-0.432
0
-0.745
0
0
0
0
-0.167
0
-0.723
0
0.278
0
0.382
0
0.284
0
-0.128
0
-0.821
0
-0.748
0
-0.424
0
0.239
0
0.401
0
0.219
0
-0.177
0
-0.135
0
-0.07
0
-0.713
0
0.404
0
0.497
0
0.626
0
-0.343
0
0.629
0
0.03
0
-0.116
0
-0.958
0
-0.294
0
0.597
0
-0.227
0
-0.388
0
-0.642
0
0
0
0
-0.299
0
0.894
0
-0.107
0
-0.502
0
0.893
0
-0.672
0
0.323
0
0.807
0
0.69
0
0.358
0
0.269
0
0.804
0
-0.246
0
0.147
0
-0.196
0
-0.505
0
-0.366
0
-0.851
0
-0.724
0
-0.9
0
0.404
0
-0.877
0
-0.96
0
0.185
0
0.942
0
0.433
0
-0.409
0
-0.332
0
-0.784
0
0
0
0
-0.556
0
-0.347
0
-0.331
0
0.646
0
-0.619
0
0.039
0
-0.013
0
-0.937
0
0.32
0
0.525
0
-0.656
0
-0.635
0
0.825
0
0.918
0
0.464
0
-0.398
0
0.747
0
0.058
0
-0.212
0
0.132
0
-0.255
0
0.51
0
-0.075
0
0.584
0
0.503
0
-0.983
0
0.729
0
0.647
0
0.129
0
0


-6.144
0
0.074
1
-23.088
0
18.037
0
2.554
1
-12.425
1
-10.274
1
-8.876
0
-0.502
0
6.784
1
-12.823
0
0.628
1
-9.912
1
-27.77
0
-0.333
0
-0.409
0
-0.987
1
-5.974
0
-3.495
1
4.849
1
-18.102
1
-17.45
1
-11.603
0
-27.748
1
-26.776
1
1.718
1
12.766
1
0.343
0
6.477
0
-6.828
0
-6.144
3.424
0
0.673
0
-0.929
0
-2.774
1
-3.927
0
0.498
1
-2.548
0
-0.791
1
0.127
0
-0.027
0
1.898
0
3.685
0
-17.989
0
-3.685
0
-3.711
1
-4.248
0
-14.631
1
17.649
0
-3.268
0
7.862
1
5.328
0
2.609
1
-1.247
1
-1.831
1
-20.91
0
-0.347
1
-11.53
1
-10.467
0
-11.877
0
-0.44
1
3.424
5.577
0
0.213
1
-16.961
1
-0.707
1
-3.905
1
-3.328
0
-6.749
0
6.488
0
-5.723
1
-8.92
1
-7.193
1
1.548
0
-3.342
1
19.5
1
7.708
0
9.496
0
5.688
1
-3.278
0
-0.428
0
-15.608
1
-20.085
0
-4.413
1
-18.632
0
6.601
1
-17.419
1
-25.815
1
-29.028
0
-1.278
1
-19.77
1
3.3
0
5.577
12.353
1
-16.468
1
13.96
0
-8.179
1
-8.693
0
3.473
0
-7.003
1
4.75
1
-31.823
1
-19.463
1
-37.503
0
1.68
0
-15.617
0
-7.331
1
4.507
1
-29.268
1
-0.796
0
-2.286
0
1.712
1
-23.677
1
-8.501
1
-2.168
1
0.64
1
-10.157
0
-0.475
0
-21.982
1
-16.063
0
-12.956
0
19.721
0
9.778
0
12.353
-29.919
0
4.603
0
12.918
1
-15.416
0
-27.594
1
4.998
1
-5.76
1
-13.127
0
-0.713
0
-0.33
1
-12.015
0
-3.953
0
-21.24
0
-2.954
0
-6.706
0
10.312
0
-9.904
0
-3.886
0
-10.702
0
1.972
1
1.097
1
-12.262
1
0.894
1
2.783
1
8.938
0
0.216
0
10.497
0
2.987
0
1.268
0
-21.045
0
-29.919
-17.736
0
-10.281
1
-7.032
1
2.035
1
-0.804
1
4.451
1
-32.311
0
-16.472
1
-7.959
0
-11.355
0
-8.668
1
-5.982
0
0.948
0
-2.362
0
0.015
1
-13.766
0
-8.086
0
-13.394
0
0.47
0
-15.568
1
-14.029
1
17.619
1
6.995
0
2.295
0
-12.03
0
-15.95
1
2.905
1
-19.121
0
0.049
1
0.258
0
-17.736


7.802
1
-23.332
0
-1.403
0
15.363
1
-10.076
1
-14.965
1
-8.631
1
-39.745
1
-31.548
0
-11.426
0
-0.863
1
-9.622
1
-19.863
0
-7.135
1
-20.965
1
-7.841
1
-18.026
1
-8.662
1
-0.312
0
-3.164
1
-1.474
1
-20.402
1
-3.886
0
-4.115
0
0.604
0
-0.064
1
-23.114
1
8.175
1
13.969
1
-9.491
0
7.802
-5.516
1
0.005
0
2.137
1
-4.722
0
-4.613
1
0.579
1
10.639
0
-1.176
0
9.92
1
-6.107
0
0.929
0
-19.671
1
9.447
0
-9.185
1
-14.399
0
-11.583
1
-19.891
1
7.116
1
17.752
1
37.356
0
1.391
0
2.01
0
0.366
0
7.938
0
7.362
1
-0.226
0
1.378
1
-16.08
0
-0.696
0
-18.736
1
-5.516
18.001
1
-7.766
0
-0.827
1
0.147
0
19.737
1
-0.513
0
-19.184
0
-0.674
0
0.959
1
4.358
0
-19.283
0
-0.784
0
-6.563
0
-10.272
1
-7.492
0
-5.746
1
-12.087
0
-0.034
1
-10.228
1
-13.901
1
0.65
1
-1.723
0
5.854
0
6.609
1
-24.235
0
-0.762
0
-0.335
1
0.451
1
10.962
0
3.708
0
18.001
-28.293
0
0.258
0
-26.922
1
-15.86
0
3.483
0
1.887
0
-7.035
1
-4.523
0
-2.622
1
-4.375
0
-11.919
1
17.69
0
6.189
0
3.755
1
2.909
0
-2.82
1
2.478
1
-11.778
1
4.439
0
-0.709
0
4.458
1
-32.85
0
-0.722
1
1.503
1
-3.993
0
1.525
1
-5.691
1
-12.894
1
-4.936
0
5.055
1
-28.293
21.401
0
0.891
0
-0.833
0
17.236
0
-7.313
1
-16.538
1
-11.466
0
-7.981
0
-17.05
0
-0.221
0
12.581
1
2.858
0
-24.569
1
1.868
1
0.807
1
-0.234
1
-7.166
0
6.995
1
11.335
1
-19.897
0
-8.804
0
0.195
1
-25.18
1
-2.894
1
-11.08
0
-15.253
0
23.712
1
12.076
1
9.855
0
-5.847
1
21.401
10.919
1
-13.398
0
5.494
0
6.667
1
3.122
1
-10.756
0
2.488
0
6.717
0
11.732
0
-10.908
1
7.203
0
-9.809
0
-3.982
1
1.435
0
1.512
0
0.224
0
2.452
1
7.024
0
0.819
0
-11.449
1
-22.55
1
-20.392
1
7.854
1
18.685
0
-0.684
1
-2.676
0
-5.959
0
-20.773
0
9.784
1
14.444
0
10.919


-21.576
0
-3.883
0
-0.704
1
4.316
0
0.274
0
-3.533
1
-15.25
1
-9.51
0
-9.235
1
7.729
0
-16.686
0
-6.569
0
-0.234
0
-13.398
1
-12.238
0
-6.057
0
-18.678
0
-11.407
1
-5.563
1
-4.266
1
-11.665
0
-3.62
0
-9.826
0
3.702
0
4.186
0
-24.284
0
-7.421
1
-4.35
0
-3.335
1
-7.997
0
-21.576
-20.485
1
-3.671
1
-5.894
1
-0.435
0
-1.697
1
7.704
1
4.758
1
-32.612
1
-0.106
1
28.375
1
17.262
1
4.506
0
-16.238
1
12.406
1
25.808
0
-7.229
1
17.399
1
-23.394
1
-12.097
1
-19.983
1
-30.572
1
7.439
1
-24.267
1
-6.908
0
-0.687
1
-7.97
0
-9.093
0
-11.426
0
-20.112
1
-42.26
1
-20.485
-22.731
0
-0.635
1
-21.8
1
-29.103
0
-2.986
1
2.255
0
-0.168
0
3.695
1
-5.236
1
-15.152
1
-0.274
1
-23.049
0
0.924
0
14.999
0
-0.513
0
-8.304
1
-35.028
0
13.397
1
-13.717
0
-0.12
1
7.235
1
-6.091
0
-0.336
0
2.314
1
7.511
0
-1.196
1
-12.898
0
-0.864
1
9.508
0
2.904
1
-22.731
-4.024
1
-0.515
1
-1.064
1
-5.15
1
-9.526
1
-39.749
0
-6.866
0
-13.579
1
-26.83
1
-3.345
0
1.034
0
-1.215
1
-18.727
1
2.954
0
-0.727
1
-7.037
0
-4.116
1
-29.682
1
-14.09
1
1.325
0
-4.893
0
-12.269
0
-1.276
1
-11.153
0
6.292
1
-22.136
0
0.071
1
9.051
1
-11.956
1
-11.273
1
-4.024
-20.062
0
-14.23
0
-0.091
0
-11.596
1
-35.122
0
-26.309
0
-20.766
0
-9.464
1
10.912
0
-26.538
1
-19.626
0
-10.096
1
-25.612
0
-0.634
1
3.889
0
3.743
0
-2.116
1
2.14
1
-5.507
1
-0.408
0
-0.728
1
0.721
0
-0.867
1
22.316
0
2.473
1
0.249
1
-12.276
0
0.829
0
-3.807
0
-9.274
1
-20.062
-31.683
1
-9.037
1
1.568
1
-2.804
1
1.508
1
-1.551
1
-7.254
1
17.41
1
7.912
1
7.447
1
-16.283
0
-5.68
1
-19.56
1
-17.76
1
-33.019
0
-1.673
0
0.307
0
-17.316
0
-18.051
1
2.07
0
-1.625
0
23.765
1
0.343
0
-1.887
0
-7.004
0
-0.075
0
-0.814
1
-3.866
0
-0.304
0
-10.2
1
-31.683


1.178
0
-0.952
0
0.569
0
-0.424
1
6.109
1
-3.069
0
0.767
0
0.259
0
-0.402
0
0.276
1
-0.333
1
-2.544
1
-4.34
1
-2.581
0
-0.393
1
0.925
0
-0.384
0
-0.461
0
0.572
0
0.856
0
0.395
1
-1.432
0
-0.076
0
0.783
0
-0.269
1
-3.52
0
0.7
0
0.635
0
-0.695
0
-0.483
0
1.178


0
0
0.255
0
0.615
0
0.484
0
0.286
0
-0.979
0
-0.161
0
0.556
0
0.87
0
-0.895
0
-0.171
0
0.266
0
0.0599999
0
-0.711
0
0.537
0
-0.863
0
0.305
0
-0.00700003
0
0.518
0
0.107
0
-0.79
0
-0.919
0
-0.659
0
-0.293
0
0.477
0
0.703
0
-0.878
0
-0.99
0
-0.068
0
0.206
0
0
0
0
-0.941
0
-0.177
0
0.915
0
0.33
0
0.765
0
-0.753
0
-0.786
0
0.995
0
-0.613
0
-0.967
0
-0.694
0
-0.41
0
0.071
0
0.469
0
-0.759
0
-0.606
0
0.934
0
0.178
0
-0.934
0
0.923
0
0.092
0
-0.321
0
-0.082
0
-0.724
0
0.165
0
0.672
0
-0.485
0
0.768
0
0.945
0
0
0
0
0.00300002
0
0.735
0
0.306
0
0.712
0
-0.107
0
0.541
0
-0.852
0
0.554
0
0.095
0
-0.529
0
-0.09
0
0.066
0
-0.871
0
0.0140001
0
0.43
0
-0.43
0
0.891
0
-0.013
0
0.208
0
-0.053
0
-0.109
0
-0.316
0
-0.875
0
-0.496
0
0.854
0
0.702
0
0.218
0
-0.437
0
-0.358
0
0
0
0
-0.768
0
0.195
0
0.343
0
0.126
0
-0.305
0
0.764
0
-0.809
0
0.492
0
-0.323
0
0.601
0
-0.919
0
0.046
0
-0.475
0
-0.709
0
0.857
0
-0.00300002
0
-0.918
0
0.516
0
0.0650001
0
0.013
0
-0.735
0
0.892
0
0.842
0
-0.046
0
-0.243
0
0.13
0
-0.013
0
0.612
0
0.715
0
0
0
0
-0.000999987
0
0.607
0
-0.985
0
-0.732
0
-0.979
0
-0.85
0
-0.423
0
-0.989
0
-0.488
0
-0.386
0
-0.391
0
0.817
0
-0.933
0
-0.533
0
0.452
0
-0.945
0
0.153
0
-0.517
0
-0.491
0
0.871
0
0.368
0
-0.044
0
-0.691
0
0.374
0
0.559
0
-0.916
0
0.376
0
0.553
0
0.598
0
0
0
0
0.731
0
0.604
0
0.523
0
-0.969
0
-0.93
0
-0.265
0
0.431
0
-0.302
0
0.856
0
0.135
0
0.613
0
0.103
0
-0.848
0
0.212
0
0.972
0
0.796
0
0.393
0
0.81
0
-0.772
0
-0.539
0
-0.946
0
-0.942
0
0.556
0
0.496
0
-0.354
0
-0.669
0
0.805
0
0.288
0
-0.885
0
0
0
0
0.855
0
-0.435
0
0.707
0
-0.341
0
-0.374
0
0.716
0
0.626
0
-0.28
0
-0.768
0
0.606
0
0.146
0
-0.166
0
0.955
0
0.27
0
0.194
0
0.72
0
0.938
0
-0.626
0
0.809
0
-0.78
0
-0.146
0
-0.866
0
-0.822
0
-0.335
0
-0.693
0
0.285
0
0.054
0
0.224
0
0.145
0
0
0
0
0.339
0
-0.388
0
0.255
0
-0.00400001
0
0.374
0
-0.391
0
0.279
0
-0.936
0
0.803
0
-0.213
0
-0.369
0
0.096
0
0.725
0
-0.148
0
0.69
0
-0.661
0
-0.241
0
0.999
0
0.599
0
-0.083
0
-0.419
0
-0.714
0
0.27
0
0.672
0
0.251
0
-0.665
0
0.937
0
0.208
0
-0.139
0
0
0
0
0.11
0
0.847
0
-0.204
0
0.761
0
0.317
0
-0.218
0
0.604
0
-0.457
0
0.497
0
-0.474
0
-0.294
0
-0.144
0
0.393
0
0.878
0
-0.86
0
-0.891
0
-0.246
0
0.433
0
0.603
0
-0.149
0
-0.402
0
0.878
0
-0.826
0
0.567
0
-0.74
0
-0.654
0
0.908
0
0.81
0
0.202
0
0
0
0
0.878
0
0.881
0
-0.142
0
0.63
0
-0.702
0
-0.784
0
0.674
0
0.123
0
-0.141
0
0.915
0
0.875
0
0.535
0
0.236
0
0.677
0
-0.131
0
0.745
0
-0.37
0
0.852
0
-0.082
0
0.878
0
0.243
0
-0.524
0
0.895
0
-0.875
0
0.464
0
-0.329
0
0.046
0
-0.142
0
-0.934
0
0


7.984
0
0.609
1
-20.043
1
9.068
0
0.646
0
0.892
0
-0.777
1
-6.973
0
-1.624
1
-6.097
1
-0.187
0
-9.856
0
-0.657
0
-0.6
0
-26.998
1
8.639
1
-12.363
0
-4.633
1
-9.264
0
1.104
0
-22.028
0
-0.094
1
-11.57
0
8.482
1
5.632
0
0.609
1
-2.732
1
-22.074
0
-22.85
1
-9.541
1
7.984
-19.515
1
-11.765
0
2.745
0
-5.525
0
-9.516
0
-2.658
0
0.9
1
-24.799
1
-12.464
0
-17.034
1
-17.119
1
4.137
1
-16.565
1
19.14
0
-10.127
1
-19.624
0
3.114
0
-14.388
1
-10.95
1
6.491
1
-11.534
1
-11.975
0
-11.081
0
0.915
1
-5.726
0
-24.724
1
-5.698
1
-5.875
1
6.269
1
-0.026
1
-19.515
3.504
1
-11.764
0
2.871
1
-1.317
1
-20.81
1
-18.11
0
-1.891
1
-23.766
0
-17.071
0
-0.381
1
-10.43
1
0.361
1
-9.357
1
-29.913
1
1.685
1
-0.976
0
-26.245
1
12.978
0
-0.382
1
10.875
0
-0.089
1
-14.996
0
-0.075
1
-9.086
0
-6.452
0
-2.838
1
-32.28
1
2.615
0
-19.056
0
-16.46
0
3.504
-9.093
0
-19.032
1
-3.314
1
-12.645
1
-22.082
0
-5.873
1
-28.728
1
-6.739
1
-4.449
0
3.642
0
-0.91
1
-11.316
1
4.496
1
8.702
0
-5.022
0
2.656
1
-2.23
0
2.608
1
-3.999
1
-10.942
0
-1.853
1
-12.981
1
-11.79
0
0.969
1
-2.299
0
4.651
1
-25.409
0
-5.34
1
-4.619
1
11.274
0
-9.093
1.226
1
4.271
1
-6.42
1
-1.253
1
-5.591
0
-5.059
0
3.568
1
3.908
0
11.019
0
-12.085
0
0.06
0
3.488
1
-11.951
0
-4.155
0
-0.324
0
-15.122
0
11.191
0
-2.428
0
-0.99
1
-12.51
1
0.21
0
0.202
0
0.665
1
8.467
0
-6.422
0
-16.356
0
6.967
0
-11.453
1
5.769
1
1.639
1
1.226
-5.24
0
-14.384
1
-4.939
0
3.567
0
-5.078
1
-29.04
0
2.3
0
-9.126
0
0.686
1
-14.352
0
-15.983
1
-4.222
0
-2.468
0
-7.232
0
1.712
1
-9.952
1
-19.233
1
2.968
0
-19.407
1
-9.608
1
-5.543
0
-11.344
1
18.969
1
-6.232
0
0.344
0
-11.895
0
-11.862
0
1.827
0
-20.376
0
-3.662
0
-5.24


0.32
0
0.976
0
-0.893
0
0.61
0
-0.575
1
-6.489
0
0.8
0
0.383
0
0.476
0
-0.703
0
-0.714
1
-12.713
1
-0.994
1
-3.298
1
0.626
1
1.61
0
-0.725
0
-0.761
1
0.062
1
-13.347
1
12.823
0
-21.988
1
-0.928
1
-26.23
0
-0.924
0
-5.896
1
-3.258
1
-9.65
1
-12.098
1
13.894
0
0.32
-11.939
1
-18.462
1
-15.34
1
-3.821
0
-31.234
0
9.536
0
2.675
1
-8.509
1
-2.064
0
-10.115
0
9.869
1
2.891
0
-25.005
1
2.041
0
-16.773
1
-2.281
0
-9.789
0
9.692
1
-31.166
1
-17.522
1
5.783
0
-3.218
1
-4.796
0
12.478
0
29.655
0
-0.5
0
2.526
0
-8.986
0
-15.558
0
2.825
1
-11.939
-0.813
1
1.502
1
1.392
1
-24.187
0
1.129
0
-8.862
1
2.708
1
-16.522
1
-24.925
1
0.194
0
-1.451
0
3.427
1
-30.982
0
-0.975
0
-0.175
1
0.395
0
4.101
1
-11.811
0
3.926
1
-1.114
1
0.305
1
-2.515
1
-6.122
0
5.636
0
-0.136
1
-11.422
1
-12.322
1
-11.267
0
-25.301
1
-10.682
1
-0.813
-22.705
0
0.602
0
1.72
0
2.108
0
-0.149
0
-22.124
0
-5.551
1
-12.358
0
-4.213
1
20.668
1
-22.677
0
-0.172
0
-17.123
0
-3.927
1
-17.988
0
-0.52
1
-22.006
0
-0.72
0
3.475
1
-9.663
0
-2.362
0
8.152
1
-11.193
1
-2.786
1
3.839
1
-24.896
0
-5.94
1
-4.266
1
2.615
1
-4.806
0
-22.705
-12.462
0
0.726
1
-16.023
1
0.677
0
-5.522
0
24.112
0
32.133
0
2.463
1
-9.828
0
-0.782
1
-7.711
1
-0.384
0
7.278
0
-14.973
0
-19.58
1
4.519
0
-12.454
1
-13.012
0
-11.224
0
-8.662
0
-7.011
1
-5.66
1
0.111
0
-0.122
0
-3.116
1
-16.403
1
-21.122
0
6.896
0
-0.203
1
5.067
0
-12.462
18.206
0
-9.979
0
-13.518
0
-0.063
1
-25.873
1
6.176
0
12.762
0
-3.001
1
-10.206
1
-9.303
1
-16.635
0
3.427
1
6.649
1
-13.824
1
12.019
1
10.874
1
10.767
0
-0.25
1
1.363
0
3.57
1
-14.709
1
-7.353
1
-19.87
1
-9.933
0
-4.471
0
23.297
1
-1.331
1
25.919
1
-4.33
0
-0.405
1
18.206


-3.748
0
-42.411
0
2.927
0
-2.758
0
0.133
0
5.381
0
-2.362
0
-6.006
0
10.134
0
-0.855
0
10.812
0
4.672
1
-4.712
1
-11.232
1
-14.637
1
-11.472
1
-21.406
0
2.967
1
-14.38
1
0.447
1
-8.04
1
2.236
0
3.884
1
4.652
1
23.261
1
7.169
1
-6.564
1
-3.893
1
-2.792
1
-4.645
1
-3.748
9.118
0
0.979
1
-22.309
0
-4.321
1
1.101
0
-9.125
1
-3.135
0
0.0779999
1
-12.69
1
-24.052
0
-5.869
0
-15.275
0
29.601
1
-4.38
0
-1.142
0
-19.547
0
-0.974
1
-8.371
0
-24.018
1
9.443
1
-17.378
1
-26.372
0
-4.785
0
6.003
1
-1.847
1
-2.059
1
4.262
1
-3.704
0
-14.454
1
-8.288
1
9.118
-2.734
0
-15.815
0
-14.583
1
0.036
1
-4.66
0
-7.437
1
-1.127
1
-29.988
1
-18.138
1
-10.899
1
-3.49
1
-13.856
0
-15.067
0
0.344
1
11.891
1
-5.643
0
-12.168
1
-1.997
1
-9.907
0
-11.249
0
-7.791
0
-25.59
0
5.774
0
-3.693
0
9.292
0
1.13
0
-1.738
0
-18.451
1
-8.511
1
-40.683
0
-2.734
-7.404
1
-13.233
0
-6.888
1
2.068
0
-11.858
1
-41.092
1
-22.176
1
-22.552
0
4.576
0
-6.688
0
-5.023
1
-33.108
1
-40.172
0
-3.731
1
12.85
0
-0.64
0
-18.071
1
19.591
1
-20.36
1
-5.215
0
-20.47
0
8.293
0
-2.359
1
1.718
0
-11.056
0
-9.368
0
0.456
1
28.401
0
-7.797
1
8.858
1
-7.404
9.906
1
-9.591
0
0.73
1
-20.028
1
-30.95
0
0.899
0
-21.623
0
-6.272
1
-2.27
1
-7.131
1
-24.479
0
2.836
0
9.149
0
-0.419
1
-2.468
1
-1.856
1
-31.465
0
-0.083
0
7.9
1
-15.28
1
-8.039
0
9.573
0
-7.935
0
-27.422
0
-25.231
1
1.42
0
-18.545
1
14.089
1
-33.39
0
-7.393
1
9.906
-2.61
0
-13.606
1
-0.419
1
-4.974
0
-10.389
0
-8.374
1
6.911
1
-8.935
1
-17.837
1
7.752
0
-0.176
1
-1.326
0
2.783
1
-10.36
0
-14.197
1
-2.258
0
-0.343
1
4.723
1
-25.129
0
2.56
1
1.29
1
-12.452
1
-2.016
0
14.703
1
-19.156
0
-10.876
0
-16.811
1
-12.216
0
-10.3
1
-9.506
1
-2.61


0.987
0
0.081
0
0.57
0
-0.444
0
-0.653
1
-5.957
0
-0.893
0
-0.836
0
0.594
0
-0.434
0
-0.941
0
-6.525
0
-0.871
0
0.392
0
-0.791
1
0.057
0
-0.742
1
-1.882
1
-4.322
0
-0.637
1
1.124
0
0.92
0
-0.089
0
0.872
0
0.168
0
-0.435
0
-0.654
0
-0.216
1
0.028
0
-0.479
0
0.987


0
0
-0.548
0
-0.569
0
0.185
0
-0.375
0
0.005
0
-0.135
0
-0.722
0
-0.179
0
0.328
0
0.751
0
0.0700001
0
0.385
0
0.128
0
0.097
0
0.11
0
-0.009
0
-0.049
0
0.653
0
-0.988
0
-0.631
0
-0.737
0
-0.271
0
-0.391
0
0.562
0
0.552
0
-0.522
0
-0.698
0
-0.726
0
-0.779
0
0
0
0
-0.408
0
-0.862
0
0.979
0
0.801
0
-0.509
0
0.137
0
-0.2
0
0.073
0
-0.966
0
-0.867
0
0.416
0
0.161
0
-0.939
0
-0.858
0
0.152
0
-0.287
0
-0.037
0
0.991
0
-0.00300002
0
0.673
0
-0.427
0
-0.036
0
-0.638
0
0.781
0
0.531
0
0.192
0
0.56
0
0.614
0
-0.451
0
0
0
0
-0.518
0
-0.147
0
-0.274
0
-0.495
0
0.357
0
-0.469
0
-0.926
0
-0.203
0
-0.904
0
-0.775
0
-0.631
0
0.669
0
0.905
0
-0.879
0
0.724
0
0.487
0
0.362
0
0.363
0
0.664
0
0.451
0
0.59
0
0.563
0
0.115
0
-0.474
0
-0.279
0
0.651
0
-0.078
0
-0.422
0
-0.824
0
0
0
0
-0.792
0
-0.718
0
-0.269
0
-0.906
0
0.185
0
-0.323
0
0.698
0
0.617
0
-0.279
0
-0.589
0
0.948
0
0.196
0
0.845
0
0.342
0
0.493
0
0.514
0
0.839
0
-0.19
0
-0.031
0
-0.399
0
-0.297
0
0.818
0
0.668
0
0.924
0
0.02
0
-0.314
0
-0.958
0
0.039
0
0.763
0
0
0
0
0.859
0
-0.633
0
-0.981
0
-0.35
0
0.163
0
0.29
0
-0.257
0
0.695
0
0.917
0
-0.693
0
-0.765
0
-0.11
0
-0.955
0
0.841
0
-0.719
0
-0.446
0
0.039
0
-0.417
0
0.816
0
0.852
0
0.244
0
0.768
0
0.805
0
0.663
0
0.718
0
-0.412
0
-0.757
0
-0.576
0
0.343
0
0
0
0
0.991
0
0.719
0
0.0190001
0
-0.736
0
0.866
0
0.589
0
0.277
0
0.773
0
0.137
0
-0.288
0
-0.764
0
0.255
0
-0.198
0
-0.378
0
-0.423
0
-0.847
0
-0.106
0
0.412
0
0.504
0
0.22
0
-0.549
0
0.695
0
0.151
0
0.464
0
-0.693
0
0.179
0
0.544
0
0.272
0
0.349
0
0
0
0
0.005
0
-0.941
0
-0.425
0
-0.733
0
-0.874
0
-0.996
0
0.763
0
0.698
0
0.839
0
-0.838
0
-0.608
0
0.0599999
0
0.543
0
0.038
0
0.829
0
0.228
0
-0.914
0
-0.141
0
0.169
0
0.793
0
-0.593
0
-0.96
0
0.867
0
0.147
0
-0.902
0
-0.958
0
0.641
0
0.141
0
-0.035
0
0
0
0
-0.868
0
0.62
0
0.418
0
-0.245
0
0.623
0
-0.969
0
0.214
0
0.279
0
0.36
0
0.011
0
0.049
0
0.703
0
0.202
0
0.411
0
-0.755
0
-0.925
0
-0.238
0
0.369
0
-0.065
0
-0.106
0
-0.485
0
-0.161
0
-0.278
0
-0.896
0
-0.691
0
-0.757
0
0.291
0
-0.975
0
-0.955
0
0
0
0
0.792
0
0.075
0
0.653
0
-0.682
0
-0.829
0
0.24
0
-0.054
0
0.553
0
-0.697
0
-0.441
0
-0.245
0
-0.17
0
-0.493
0
0.262
0
0.252
0
-0.025
0
-0.496
0
0.172
0
-0.015
0
0.132
0
-0.405
0
0.677
0
0.759
0
-0.799
0
-0.442
0
-0.788
0
0.828
0
0.694
0
0.139
0
0
0
0
0.847
0
0.707
0
-0.918
0
-0.066
0
-0.315
0
0.391
0
-0.322
0
-0.617
0
-0.626
0
-0.332
0
-0.848
0
0.462
0
0.752
0
0.02
0
-0.983
0
-0.231
0
0.54
0
0.763
0
-0.294
0
-0.618
0
0.136
0
0.863
0
0.624
0
0.716
0
0.477
0
0.812
0
-0.00700003
0
-0.06
0
-0.429
0
0


-27.37
1
-16.266
0
-4.089
1
12.36
1
9.763
0
-18.366
1
-37.099
1
5.195
0
-29.75
1
-12.681
1
10.732
1
10.251
1
-11.009
0
-11.003
0
-15.916
0
0.024
1
-7.748
1
13.603
1
2.836
1
-21.227
0
-11.646
1
-7.184
1
-20.338
1
-12.219
1
2.551
0
-6.676
1
6.684
1
8.72
1
14.307
1
-22.066
0
-27.37
-11.047
1
2.93
1
-4.286
1
6.176
1
6.939
0
-0.955
0
-0.491
0
-0.789
0
0.621
0
2.627
1
-0.618
1
-3.457
1
-2.679
0
-16.102
0
-25.594
0
3.573
1
-5.046
0
-18.36
0
-4.778
0
3.934
0
9.042
0
-25.198
0
12.244
0
-4.622
1
-2.436
1
31.292
0
-0.443
1
0.065
1
-2.271
0
-0.893
1
-11.047
-19.551
0
-1.694
1
-7.63
1
-0.794
1
-1.467
1
-23.649
0
-7.167
1
-14.742
0
-12.108
1
6.191
1
1.695
0
13.577
0
-6.411
0
0.234
0
-22.495
0
-0.903
1
-11.008
0
-5.56
0
0.164
1
-3.822
1
-2.839
0
0.75
1
-13.172
1
-9.859
0
-10.462
0
7.058
1
-17.675
1
-22.411
0
-0.863
0
-8.635
0
-19.551
-26.138
1
-29.857
1
-11.3
0
-17.007
0
-4.182
0
-0.434
1
-8.508
1
-20.466
1
-16.859
1
13.361
1
0.01
0
-0.238
0
3.023
1
-1.05
0
-14.545
1
5.051
0
-13.946
0
0.328
1
-12.695
0
-14.412
0
4.877
1
-6.694
1
-19.857
1
-12.029
1
-15.778
1
-9.283
1
-10.969
0
-2.878
1
6.431
1
-6.597
0
-26.138
21.572
1
-5.071
1
-3.224
1
-40.735
1
-9.744
0
-30.408
0
3.2
1
-9.318
0
3.042
1
-24.827
0
-1.624
0
-11.546
0
-0.387
1
-5.51
1
-4.807
0
-5.116
0
-14.33
0
-0.397
1
-12.308
0
-0.527
1
-4.972
1
4.034
1
-7.94
0
-17.91
1
0.394
0
-2.918
0
-7.535
0
-0.41
0
-4.73
1
-19.034
0
21.572
-21.372
1
-6.183
0
3.477
0
-10.36
0
-17.722
1
-12.315
1
-15.012
0
-33.748
1
-8.223
0
2.99
1
-5.782
0
1.465
1
-5.332
1
-17.349
1
-15.242
0
-0.027
0
-14.257
0
5.634
0
-12.356
0
9.35
0
-5.848
1
43.033
0
0.183
1
-17.858
1
-4.957
1
-6.775
0
-5.838
0
-0.958
1
-18.027
0
9.066
0
-21.372


3.081
1
-20.723
0
17.005
1
0.796
0
-10.243
0
8.115
1
-4.666
0
-1.009
1
-16.345
0
0.265
0
-21.593
1
-6.477
0
0.305
1
4.064
0
4.497
0
-3.88
0
0.709
1
-4.125
1
-25.478
0
5.221
1
19.442
0
-2.086
1
-20.886
1
-19.154
1
-3.322
1
-8.229
0
-4.835
1
-9.797
0
-2.531
1
-3.415
1
3.081
-19.82
0
-10.557
1
4.583
1
0.395
0
-30.143
0
1.744
1
-2.693
0
-0.394
0
-0.216
1
3.765
0
-10.698
1
-17.507
0
-0.443
0
-11.91
0
-2.125
0
0.307
1
-0.793
0
-2.769
0
-22.146
0
-10.156
0
-11.584
0
-8.233
1
-2.63
1
-30.206
1
-7.041
1
4.846
0
-5.466
1
-4.202
1
8.467
1
-20.047
1
-19.82
-29.623
0
0.904
1
-4.379
0
-4.78
0
2.711
1
-24.451
0
-23.326
0
4.007
0
-0.278
0
-0.342
0
-29.336
1
1.241
1
-28.876
0
7.707
1
-45.303
0
2.271
1
-9.083
1
-4.406
0
2.8
0
-18.416
1
2.644
0
-18.928
1
-9.522
1
1.935
0
-2.484
0
1.575
1
-13.5
0
-15.195
0
-14.018
1
-1.236
0
-29.623
-36.166
0
-12.498
1
3.288
1
-34.335
0
0.19
0
1.707
1
-7.492
1
-3.941
0
-3.508
0
3.428
0
-7.04
0
4.154
1
10.971
1
-22.743
1
-14.25
1
-13.856
1
-5.158
1
-6.571
0
-17.54
1
14.132
1
1.165
0
-0.381
0
-5.526
0
-1.097
0
-4.935
1
-28.083
1
4.448
1
-9.61
0
1.91
0
-4.346
0
-36.166
-24.425
1
-10.663
1
-4.615
0
12.787
0
8.456
1
-5.862
0
-2.836
1
-27.252
1
7.24
0
-6.463
0
-10.353
1
2.156
1
-14.179
0
1.248
1
-1.325
0
-17.849
0
-8.595
1
1.747
0
-6.114
1
-4.121
1
-1.504
0
-4.718
0
-12.221
1
1.806
1
-4.96
1
-12.41
1
-3.088
0
-18.888
0
-15.176
1
-7.677
0
-24.425
5.259
0
-0.156
0
-10.437
1
-0.062
0
-11.482
1
-1.457
0
-28.517
0
10.944
0
-0.507
0
-6.056
0
0.159
1
-2.692
1
-16.836
1
7.515
0
-11.975
0
5.095
0
7.668
0
-5.814
1
4.387
0
1.678
1
-8.402
0
-24.804
0
-1.308
0
-3.338
0
8.849
1
-12.297
1
4.659
0
0.173
0
4.634
0
2.278
0
5.259


-6.543
0
3.56
1
-16.866
0
-1.826
1
9.252
1
-17.665
1
4.331
1
-7.616
1
-10.765
1
-9.969
1
-2.896
1
9.198
1
15.598
0
-0.758
1
-13.065
0
-11.712
0
-3.537
1
1.002
1
-1.923
0
-0.349
1
-37.177
0
-2.034
1
7.415
1
-20.16
1
-6.25
0
-9.697
1
-8.291
0
16.918
0
-0.244
0
0.462
1
-6.543
19.772
1
-32.793
0
10.496
0
-5.143
1
-20.462
0
5.881
0
-19.042
1
1.301
0
-14.309
1
-5.186
0
5.857
0
0.625
0
0.678
1
-23.12
1
-26.693
0
-5.537
1
4.216
0
-12.829
1
-12.28
0
-7.509
1
-2.539
1
0.438
1
0.689
1
-4.941
1
-11.108
0
-0.901
1
7.585
0
2.844
0
-3.766
0
-6.693
0
19.772
4.394
0
-3.271
1
0.728
0
-0.124
1
-5.199
0
6.045
1
-0.251
0
0.345
1
1.327
1
1.588
0
-0.625
1
4.74
1
-10.713
0
-36.541
0
0.24
1
-5.58
1
-2.771
1
-4.282
0
5.028
1
10.357
0
-5.701
1
-13.842
1
19.518
0
4.731
0
-13.161
0
-1.797
1
-15.385
1
-11.121
1
-5.543
1
-20.285
0
4.394
-1.389
0
-0.457
0
0.316
0
-0.125
1
-3.99
0
-0.627
0
1.101
0
-0.738
0
0.141
0
0.527
0
-0.307
0
-3.379
1
-0.256
1
-0.794
0
-0.678
0
0.985
0
-0.6
0
0.887
0
-0.543
0
-0.657
0
0.286
0
0.955
0
0.957
0
0.411
1
0.359
1
2.834
1
-1.488
0
1.959
1
14.193
1
-7.457
0
-1.389
10.557
0
-31.244
0
-0.147
1
7.187
1
1.269
0
-5.241
0
2.405
0
-22.735
1
-47.473
1
-6.667
0
-1.363
0
-4.669
0
3.104
0
-26.41
1
-21.795
1
8.863
0
0.571
0
-1.557
1
-6.932
1
-3.2
1
-1.453
1
-1.446
1
-12.386
1
2.383
1
-2.494
0
-10.747
1
-13.579
1
-9.038
1
20.398
1
-15.71
0
10.557
-16.059
1
-20.03
1
18.259
1
3.161
1
-1.054
0
-1.764
0
1.756
0
0.706
1
1.314
1
-12.801
0
-2.235
0
-24.248
0
-8.459
0
-0.563
0
2.508
0
0.327
1
-4.464
1
1.812
0
-14.589
0
-1.387
0
-7.1
1
-22.28
1
-13.559
1
7.765
0
0.194
0
3.932
1
9.176
1
-3.588
1
-0.625
0
5.446
0
-16.059


0
0
0.183
0
0.873
0
0.225
0
-0.703
0
0.457
1
8.039
0
0.798
0
0.368
0
-0.297
0
0.091
1
-8.537
0
-0.981
0
-0.547
0
-0.487
0
-0.884
0
0.347
0
-0.021
0
-2.169
1
0.1
0
0.403
1
-3.915
1
1.369
0
-0.82
1
-4.951
0
-0.304
1
1.743
1
6.203
0
-0.261
1
2.522
1
0
