

0
0
-0.11
0
-0.279
0
0.98
0
-0.305
0
0.824
0
-0.576
0
-0.323
0
-0.744
0
-0.509
0
0.303
0
-0.223
0
0.619
0
-0.889
0
0.233
0
-0.716
0
0.0319999
0
-0.85
0
-0.835
0
0.41
0
-0.037
0
0.224
0
-0.68
0
-0.213
0
0.238
0
0.817
0
-0.919
0
0.972
0
-0.287
0
0.938
0
0
0
0
-0.076
0
0.108
0
-0.771
0
0.763
0
0.563
0
0.931
0
-0.019
0
0.69
0
-0.341
0
0.744
0
0.198
0
0.015
0
-0.643
0
0.601
0
0.654
0
0.863
0
-0.448
0
-0.547
0
-0.282
0
-0.367
0
-0.148
0
-0.462
0
0.956
0
0.505
0
0.533
0
0.442
0
-0.286
0
-0.269
0
0.676
0
0
0
0
-0.487
0
0.492
0
0.353
0
0.069
0
-0.746
0
0.427
0
-0.544
0
0.131
0
-0.869
0
-0.08
0
-0.00800002
0
-0.437
0
-0.063
0
-0.18
0
-0.672
0
-0.65
0
-0.623
0
-0.388
0
-0.983
0
-0.937
0
0.897
0
0.838
0
-0.388
0
0.349
0
0.336
0
-0.271
0
-0.286
0
0.189
0
0.00300002
0
0
0
0
-0.176
0
-0.687
0
-0.907
0
0.79
0
0.233
0
-0.564
0
-0.24
0
0.711
0
-0.247
0
0.321
0
0.27
0
0.731
0
-0.362
0
0.482
0
0.627
0
0.099
0
-0.535
0
0.657
0
-0.165
0
0.554
0
0.648
0
-0.256
0
-0.288
0
0.099
0
0.564
0
-0.649
0
-0.964
0
0.594
0
-0.877
0
0
0
0
-0.866
0
-0.512
0
0.859
0
-0.987
0
-0.251
0
-0.607
0
0.95
0
-0.63
0
0.624
0
-0.439
0
0.316
0
-0.498
0
0.617
0
0.88
0
-0.295
0
0.568
0
0.731
0
-0.56
0
0.808
0
-0.826
0
-0.76
0
-0.559
0
-0.392
0
-0.093
0
0.433
0
0.727
0
-0.409
0
0.987
0
-0.031
0
0
0
0
-0.946
0
0.234
0
-0.457
0
0.625
0
0.564
0
-0.283
0
-0.027
0
0.253
0
-0.224
0
0.9
0
0.33
0
-0.861
0
0.36
0
0.235
0
-0.273
0
0.013
0
-0.924
0
0.35
0
0.545
0
-0.865
0
0.532
0
-0.052
0
-0.214
0
-0.497
0
-0.041
0
0.125
0
0.0319999
0
-0.632
0
-0.087
0
0
0
0
-0.303
0
-0.308
0
0.935
0
0.829
0
-0.182
0
0.315
0
0.415
0
-0.691
0
-0.314
0
0.603
0
-0.678
0
0.436
0
0.624
0
0.915
0
-0.904
0
0.3
0
-0.297
0
-0.242
0
-0.602
0
-0.81
0
-0.021
0
-0.322
0
0.173
0
-0.453
0
-0.131
0
0.579
0
-0.305
0
0.0369999
0
0.962
0
0
0
0
0.319
0
-0.887
0
0.397
0
0.796
0
-0.982
0
-0.387
0
0.162
0
0.953
0
0.257
0
0.252
0
-0.35
0
-0.549
0
-0.609
0
-0.199
0
-0.504
0
0.408
0
0.704
0
-0.577
0
0.558
0
-0.373
0
-0.459
0
0.423
0
-0.437
0
-0.588
0
0.268
0
-0.036
0
0.655
0
-0.256
0
-0.864
0
0
0
0
-0.422
0
-0.42
0
-0.429
0
-0.648
0
0.226
0
-0.922
0
-0.541
0
-0.816
0
-0.627
0
0.586
0
0.998
0
0.59
0
0.926
0
-0.301
0
-0.329
0
0.222
0
-0.46
0
-0.51
0
0.941
0
-0.866
0
0.563
0
-0.328
0
-0.022
0
0.468
0
0.551
0
0.71
0
-0.302
0
0.949
0
0.182
0
0
0
0
0.13
0
-0.074
0
0.476
0
-0.986
0
-0.619
0
0.176
0
-0.887
0
0.772
0
0.557
0
0.179
0
-0.722
0
0.395
0
0.503
0
-0.837
0
-0.231
0
0.274
0
0.702
0
-0.445
0
-0.807
0
0.376
0
0.244
0
-0.648
0
0.182
0
0.731
0
-0.303
0
0.64
0
0.847
0
-0.199
0
0.09
0
0


-24.456
0
-14.051
1
-13.083
1
4.073
0
-5.91
0
-8.238
1
-5.931
0
-2.586
0
-1.546
0
-1.902
1
-0.993
0
2.694
0
-0.543
1
3.998
0
-11.23
1
-2.974
1
16.04
1
3.289
0
-7.187
1
-40.868
1
7.723
0
-2.604
0
-1.797
1
-2.716
1
-6.827
1
17.073
0
-0.278
1
4.004
1
-8.313
0
0.962
1
-24.456
-11.425
1
4.836
1
-23.618
0
-7.854
0
10.483
0
-15.786
1
-7.327
1
12.42
1
-3.332
1
3.648
1
-5.25
1
-15.169
1
-0.467
1
-19.689
1
-18.589
1
3.012
0
-17.62
1
-23.228
0
-11.24
1
-10.593
0
-0.696
1
-14.6
0
-0.898
0
-4.27
0
-3.086
1
-11.397
1
-18.396
1
-19.607
0
-10.882
0
-6.772
1
-11.425
-12.578
1
2.437
1
-0.972
0
0.377
1
-8.83
0
-0.165
0
-2.368
0
-6.028
1
-10.291
1
-4.561
1
-3.909
0
-8.394
1
-11.551
0
-17.377
1
10.007
0
-7.25
1
-4.283
1
-21.586
1
-14.465
1
0.93
0
-13.482
0
-12.219
0
-9.315
0
-2.752
1
-16.664
1
-4.582
1
-12.48
0
-0.165
0
-0.955
1
-3.553
1
-12.578
-5.264
1
9.01
0
0.423
0
-2.345
1
-8.918
0
-10.504
1
3.159
0
19.689
0
-3.345
1
-11.231
0
4.157
0
0.893
1
-11.499
1
-1.519
1
-29.595
1
-3.673
0
-0.38
1
-13.872
1
-9.749
0
-8.42
1
-1.018
0
-7.94
1
-19.26
0
-11.696
1
-32.351
0
-9.1
0
-12.245
1
6.926
0
-0.677
1
-30.268
0
-5.264
-0.713
1
-10.59
0
-0.835
0
1.056
1
-1.419
1
-1.607
1
-7.792
0
7.689
0
-14.267
1
-36.005
0
-7.76
0
1.4
0
-1.088
1
-6.74
0
0.99
1
4.836
0
-0.929
1
-4.116
0
-30.206
1
6.675
1
-5.407
0
8.314
1
-7.989
1
-19.374
0
1.323
0
8.524
0
1.753
0
0.401
0
-6.371
0
-12.006
1
-0.713
-17.999
1
4.341
1
-14.223
0
0.32
1
-20.641
0
-11.897
0
-16.975
0
-11.376
1
0.699
0
8.07
1
-1.002
0
3.255
0
1.908
0
1.62
1
-11.555
0
-2.489
1
13.067
1
-21.953
1
-7.917
0
4.848
1
-12.152
1
10.399
1
-24.887
0
-15.971
1
1.472
0
-0.248
1
-27.878
1
2.183
0
-15.808
0
1.537
1
-17.999


-34.956
1
-3.073
0
0.25
1
-23.203
0
-16.969
0
-6.168
0
-2.465
0
1.656
0
-1.149
0
-5.961
1
-17.175
1
2.712
0
0.645
0
-7.274
1
-10.723
1
-2.236
0
8.636
1
-0.825
1
5.454
0
4.323
1
-0.579
1
0.127
0
-23.5
0
-8.955
1
-10.201
0
14.187
1
2.364
1
-2.738
1
-2.187
1
-4.77
1
-34.956
-28.161
0
1.457
0
-15.365
1
-32.931
0
-0.195
1
8.303
1
10.669
1
-5.807
1
-2.428
1
4.168
1
2.539
1
-6.262
0
-4.981
0
-11.698
1
-0.961
0
-3.191
0
-5.554
0
4.849
0
-3.467
0
5.034
0
-11.415
0
0.00699997
1
-7.325
0
-4.773
1
-5.621
0
-2.382
0
-15.05
0
-6.831
1
-5.46
1
-1.572
0
-28.161
-14.548
1
-18.612
0
-7.025
0
5.459
1
-9.904
1
16.261
1
1.047
1
-12.338
0
-0.301
1
8.585
1
-12.667
0
0.577
1
3.109
0
-1.3
0
6.36
0
-8.876
1
16.689
0
-8.443
1
-8.052
0
-0.124
0
-12.319
0
-26.419
0
-0.444
1
-9.503
0
-2.701
0
0.496
1
-13.893
1
-21.173
1
-25.31
1
1.549
1
-14.548
-7.301
1
-8.456
0
-30.167
0
-4.744
1
-15.225
1
-53.491
0
-12.718
1
-12.497
0
0.403
1
-8.102
0
1.639
0
-8.692
0
-9.664
0
0.271
0
1.732
0
-3.056
1
-24.85
1
0.347
0
-3.479
0
-23.164
1
-24.128
1
0.872
0
-16.159
1
-25.153
1
-2.439
0
-6.817
0
-14.917
1
-36.868
1
14.531
1
3.949
1
-7.301
6.368
0
-10.032
1
-17.625
0
8.281
0
-3.99
0
-0.139
1
-18.839
0
1.87
1
-2.233
1
-0.545
0
-7.162
1
-11.221
0
-24.482
0
-4.889
1
-21.1
0
0.916
0
3.839
1
-9.597
0
-5.302
0
-4.311
1
12.495
1
-12.759
0
-18.023
0
-2.765
0
-1.926
0
-6.716
1
-26.542
1
6.3
1
-9.213
1
-35.316
1
6.368
4.556
1
9.829
1
8.481
1
-5.933
0
-3.124
1
7.808
0
-18.037
0
-3.312
1
-16.28
1
1.707
1
-14.502
1
-12.254
0
-4.161
0
30.084
0
-10.068
1
-2.243
0
-1.852
1
3.956
0
-9.143
0
7.03
0
-11.341
0
4.713
1
3.626
0
0.136
0
6.32
0
-0.853
0
-6.944
0
-20.797
1
-1.814
0
8.424
0
4.556


-8.532
1
-7.013
0
0.853
0
-10.308
0
-19.052
1
-21.316
0
-9.004
0
-17.948
1
0.584
0
2.522
1
-18.54
1
4.835
0
0.318
0
-9.299
1
-7.812
1
0.687
1
-13.263
1
-17.556
1
2.233
1
12.714
1
-11.858
0
-6.037
1
-11.362
1
-21.012
1
0.945
1
-1.692
0
-5.361
1
-5.519
1
-16.083
0
-11.416
0
-8.532
-21.945
0
-2.586
1
-26.39
0
-0.428
1
-7.77
0
3.307
1
-13.311
0
-4.391
0
-3.383
0
-0.595
0
-2.656
1
-14.809
0
0.39
0
-3.025
0
-1.479
0
-11.816
1
-5.751
0
-0.132
0
1.292
0
-11.114
0
-0.321
0
-0.124
0
-14.806
0
4.374
0
-2.91
1
-31.793
1
-10.6
1
-18.399
1
-22.969
1
9.487
1
-21.945
-24.097
0
3.092
0
-10.426
1
3.289
0
-0.401
1
5.719
1
8.349
0
-5.92
0
4.374
1
-18.126
1
0.811
1
-18.051
1
0.1
1
-2.989
1
-25.439
1
-7.105
0
-12.046
1
-23.27
0
0.349
1
-33.893
0
-7.026
0
-23.827
1
0.131
0
-12.751
0
-1.922
0
-24.21
1
-1.678
1
-7.208
0
-4.785
0
8.363
1
-24.097
-4.608
1
-4.323
1
6.798
0
-3.761
0
-0.436
0
-0.825
0
-12.019
0
-5.692
1
-16.39
0
-16.344
0
-0.565
1
-11.689
0
-4.93
0
-17.007
0
0.995
1
-36.743
0
-1.84
0
-0.744
1
-16.171
0
4.631
1
0.579
1
4.932
1
2.414
1
-11.553
0
4.92
1
12.389
1
-10.307
1
-4.75
1
-14.134
1
13.784
0
-4.608
4.667
0
-1.319
1
22.788
0
-5.529
1
-5.571
1
0.381
0
3.485
1
-15.433
0
-2.335
1
9.537
0
-18.535
1
-6.099
0
-19.188
1
-6.567
0
11.875
0
0.25
1
-7.051
0
-6.02
0
4.654
0
0.838
1
0.04
1
-1.671
1
-14.246
1
5.322
0
-16.252
1
-32.164
1
3
1
-1.848
1
-13.232
0
-9.205
1
4.667
-3.714
1
-2.817
0
4.919
0
-16.094
0
-19.221
0
-2.595
0
-4.865
1
-12.167
0
-0.257
0
-0.534
1
-12.851
1
-11.575
1
-7.209
1
12.624
1
-23.658
1
1.61
1
13.65
0
6.034
1
-21.286
1
8.446
0
-24.588
1
3.991
1
-8.632
1
-19.059
0
-1.663
0
-4.578
0
-0.648
0
1.071
0
-2.166
1
-21.613
0
-3.714


0.007
0
-0.299
0
0.742
0
-0.71
0
0.15
0
-0.26
0
-0.05
0
0.142
0
0.059
1
-0.768
0
-0.285
1
-22.601
0
0.0700001
0
-0.732
0
-6.329
0
-0.342
0
0.839
0
0.386
0
0.335
0
-0.323
0
0.495
0
-0.726
0
0.824
0
0.609
0
-0.425
1
-0.029
0
0.041
0
-0.809
0
0.641
0
0.423
1
0.007


0
0
-0.293
0
0.217
0
0.801
0
0.099
0
-0.438
0
0.862
0
-0.395
0
0.23
0
0.752
0
0.716
0
-0.454
0
0.735
0
-0.695
0
-0.238
0
0.081
0
-0.91
0
-0.113
0
0.137
0
-0.934
0
0.679
0
0.389
0
-0.449
0
0.242
0
-0.846
0
0.805
0
-0.19
0
-0.358
0
0.883
0
0.12
0
0
0
0
0
0
0.519
0
-0.85
0
0.791
0
-0.16
0
-0.561
0
0.959
0
-0.623
0
-0.231
0
-0.774
0
0.167
0
-0.449
0
-0.821
0
-0.036
0
0.903
0
-0.00199997
0
0.575
0
-0.709
0
-0.212
0
0.488
0
0.603
0
-0.493
0
0.084
0
-0.094
0
0.951
0
0.393
0
0.864
0
0.00899994
0
0.133
0
0
0
0
0.334
0
0.684
0
0.0700001
0
0.985
0
0.254
0
0.933
0
0.697
0
-0.174
0
0.407
0
0.218
0
-0.166
0
0.305
0
0.072
0
0.364
0
0.00699997
0
0.937
0
0.745
0
-0.924
0
-0.24
0
-0.84
0
-0.597
0
-0.852
0
-0.549
0
0.846
0
-0.607
0
0.366
0
0.934
0
0.704
0
0.911
0
0
0
0
0.6
0
-0.078
0
0.02
0
-0.367
0
-0.673
0
0.56
0
-0.068
0
0.176
0
0.366
0
0.481
0
-0.511
0
-0.505
0
0.721
0
-0.562
0
-0.969
0
0.32
0
0.461
0
0.089
0
0.249
0
0.66
0
0.644
0
0.99
0
0.514
0
-0.189
0
0.022
0
0.184
0
-0.849
0
-0.938
0
0.554
0
0
0
0
-0.702
0
0.222
0
0.031
0
0.815
0
0.368
0
0.891
0
-0.076
0
0.683
0
0.22
0
-0.26
0
-0.458
0
-0.826
0
0.555
0
-0.192
0
0.984
0
-0.939
0
-0.24
0
-0.738
0
-0.506
0
-0.107
0
0.176
0
-0.887
0
0.198
0
0.965
0
-0.316
0
0.516
0
-0.083
0
-0.957
0
0.831
0
0
0
0
0.00300002
0
-0.815
0
-0.109
0
0.974
0
0.631
0
-0.981
0
0.867
0
-0.429
0
0.636
0
-0.86
0
-0.637
0
0.927
0
-0.383
0
-0.756
0
0.437
0
0.895
0
0.398
0
0.687
0
-0.014
0
0.585
0
0.562
0
-0.853
0
-0.994
0
0.061
0
-0.867
0
0.902
0
-0.209
0
-0.069
0
-0.544
0
0
0
0
0.789
0
-0.751
0
0.802
0
-0.688
0
0.454
0
-0.989
0
0.986
0
0.783
0
0.804
0
0.838
0
0.289
0
-0.02
0
-0.03
0
0.379
0
-0.926
0
0.585
0
-0.103
0
0.282
0
0.196
0
0.465
0
-0.551
0
0.487
0
-0.000999987
0
0.94
0
0.154
0
0.483
0
-0.736
0
-0.432
0
-0.745
0
0
0
0
-0.167
0
-0.723
0
0.278
0
0.382
0
0.284
0
-0.128
0
-0.821
0
-0.748
0
-0.424
0
0.239
0
0.401
0
0.219
0
-0.177
0
-0.135
0
-0.07
0
-0.713
0
0.404
0
0.497
0
0.626
0
-0.343
0
0.629
0
0.03
0
-0.116
0
-0.958
0
-0.294
0
0.597
0
-0.227
0
-0.388
0
-0.642
0
0
0
0
-0.299
0
0.894
0
-0.107
0
-0.502
0
0.893
0
-0.672
0
0.323
0
0.807
0
0.69
0
0.358
0
0.269
0
0.804
0
-0.246
0
0.147
0
-0.196
0
-0.505
0
-0.366
0
-0.851
0
-0.724
0
-0.9
0
0.404
0
-0.877
0
-0.96
0
0.185
0
0.942
0
0.433
0
-0.409
0
-0.332
0
-0.784
0
0
0
0
-0.556
0
-0.347
0
-0.331
0
0.646
0
-0.619
0
0.039
0
-0.013
0
-0.937
0
0.32
0
0.525
0
-0.656
0
-0.635
0
0.825
0
0.918
0
0.464
0
-0.398
0
0.747
0
0.058
0
-0.212
0
0.132
0
-0.255
0
0.51
0
-0.075
0
0.584
0
0.503
0
-0.983
0
0.729
0
0.647
0
0.129
0
0


-7.986
0
0.074
1
-21.836
0
18.037
0
2.554
1
-15.617
1
-11.9
1
-8.464
0
-0.502
0
6.784
1
-14.02
0
0.628
1
-13.816
1
-28.549
0
-0.333
0
-0.409
0
-0.987
1
-2.837
0
-3.495
1
4.849
0
-18.102
1
-19.609
1
-13.558
0
-27.748
1
-26.557
1
0.797
1
16.13
1
-4.938
0
6.477
0
-6.828
0
-7.986
3.424
0
0.673
0
-0.929
0
-2.774
1
-4.544
0
0.498
1
-2.548
0
-0.791
1
0.127
0
-0.027
0
1.898
0
3.685
0
-17.989
0
-3.685
0
-3.711
1
-4.956
0
-14.631
1
17.572
0
-3.268
0
7.862
1
4.413
0
2.609
1
-1.247
1
-1.171
1
-22.956
0
-0.347
1
-13.123
1
-11.84
0
-11.877
0
-0.44
1
3.424
4.826
0
0.213
1
-15.875
1
-1.219
1
-5.542
1
-0.056
0
-6.749
0
6.488
0
-5.723
1
-8.92
1
-2.4
1
-1.943
0
-3.342
1
17.911
1
8.371
0
9.496
0
5.688
0
-3.278
0
-0.428
0
-15.608
1
-22.274
0
-4.413
1
-18.632
0
6.601
1
-20.368
1
-24.862
1
-25.602
0
-1.278
0
-16.409
1
5.549
0
4.826
12.353
1
-19.96
1
14.184
0
-8.179
1
-8.504
0
3.473
0
-7.003
1
6.186
1
-32.907
1
-22.465
1
-39.817
1
3.695
0
-15.617
0
-7.331
1
3.216
0
-31.247
0
-0.949
1
-0.236
0
1.712
1
-25.771
0
-8.501
1
0.217
1
3.08
1
-11.815
0
-0.475
0
-21.982
1
-12.796
0
-12.956
0
19.721
0
9.778
0
12.353
-28.061
0
4.603
0
12.918
1
-15.416
0
-27.594
1
5.18
0
-6.08
1
-14.079
0
-0.713
0
-0.33
1
-12.015
0
-3.953
0
-21.24
0
-2.954
0
-6.706
0
10.312
0
-9.904
0
-3.886
0
-10.702
0
1.972
1
1.833
1
-11.698
1
2.376
1
3.21
1
12.155
0
0.216
0
10.497
0
2.987
1
1.268
0
-21.045
0
-28.061
-17.736
1
-9.616
1
-4.849
0
-0.576
1
-0.804
1
6.742
1
-32.311
0
-16.472
1
-4.752
0
-11.355
0
-8.668
1
-7.921
0
0.948
0
-2.362
0
0.015
1
-13.759
0
-8.086
0
-13.394
0
0.47
0
-15.568
1
-11.555
1
17.619
1
8.244
0
2.295
0
-12.03
0
-15.95
1
4.4
1
-22.471
0
0.049
1
-2.944
0
-17.736


9.11
1
-27.309
0
-1.403
0
15.363
1
-9.467
1
-15.565
1
-8.631
0
-39.745
1
-31.548
0
-11.426
0
-0.863
1
-9.622
1
-22.477
0
-7.135
1
-18.656
1
-5.004
1
-19.825
1
-10.884
1
-3.174
0
-3.164
0
-0.137
1
-21.532
1
-4.687
0
-4.115
0
0.604
0
-0.064
1
-27.164
1
11.061
1
13.969
1
-9.988
1
9.11
-3.448
1
0.427
0
2.137
1
-4.286
1
-6.46
1
0.347
1
10.857
0
-1.176
0
9.92
1
-4.554
0
0.929
0
-19.671
1
10.048
0
-9.185
1
-14.393
0
-11.583
1
-19.891
1
8.14
1
15.863
1
37.987
1
1.391
1
2.01
0
0.366
0
7.938
0
7.362
1
-1.502
1
2.162
1
-16.08
0
-0.696
0
-18.736
1
-3.448
18.001
1
-7.766
0
-0.827
1
2.355
0
19.737
0
-0.513
0
-19.184
0
-0.674
0
0.959
1
2.731
1
-19.283
0
-0.784
0
-6.563
0
-10.272
1
-5.913
0
-5.746
1
-10.058
1
-0.034
1
-10.228
1
-15.902
1
1.819
1
-1.457
0
5.854
0
6.609
1
-25.964
0
-0.762
0
-0.335
1
0.451
1
8.577
0
3.708
0
18.001
-29.705
1
-1.333
0
-26.922
1
-14.637
0
3.483
0
1.887
0
-7.035
1
-9.425
0
-2.622
1
-5.171
0
-11.919
1
17.129
0
6.189
1
2.272
1
2.909
0
-2.82
1
2.646
1
-11.118
1
4.424
0
-0.709
0
4.458
1
-31.174
0
-0.722
1
1.145
1
-1.617
0
1.525
1
-4.166
1
-12.171
1
-3.541
0
5.055
1
-29.705
21.401
0
0.891
1
-0.662
0
17.236
0
-7.313
1
-15.573
1
-10.359
0
-7.981
0
-17.05
0
-0.221
0
12.581
1
2.858
0
-24.569
0
1.868
1
-0.838
0
-0.546
1
-11.057
0
6.995
1
10.239
1
-17.172
1
-8.804
0
0.195
1
-26.636
1
-3.207
1
-13.333
0
-15.253
0
23.712
1
12.076
1
9.855
0
-5.847
1
21.401
10.919
1
-16.973
0
5.494
0
6.667
1
2.761
1
-10.975
0
2.488
0
6.717
0
11.732
0
-10.908
1
3.6
0
-9.809
0
-3.982
1
1.123
0
1.512
0
0.224
0
2.452
1
7.024
0
0.819
0
-11.449
1
-25.262
1
-18.351
1
7.321
1
21.817
0
-0.684
1
-3.58
0
-5.959
0
-20.773
0
9.784
1
12.833
0
10.919


-23.697
0
-3.883
0
-0.704
1
4.015
0
0.274
0
-3.533
1
-8.33
1
-7.558
0
-9.235
1
4.223
0
-16.686
0
-6.569
0
-0.234
0
-13.398
1
-13.671
0
-6.057
0
-18.678
0
-11.407
1
-7.672
1
-5.039
1
-6.07
0
-3.62
0
-9.826
0
3.702
1
4.186
0
-24.284
0
-7.421
1
-2.114
0
-3.335
1
-3.201
0
-23.697
-22.939
1
-6.073
1
-4.504
1
-0.662
0
-1.697
1
7.704
1
0.467
1
-35.948
1
0.301
1
27.858
1
14.616
1
1.201
1
-16.238
1
11.713
1
26.03
0
-7.229
1
16.229
1
-23.273
0
-12.097
1
-19.76
1
-32.365
1
7.1
1
-26.064
1
-8.773
0
-0.687
1
-5.137
0
-9.093
1
-13.415
0
-20.112
1
-44.353
1
-22.939
-21.024
0
-0.635
1
-20.931
1
-32.52
0
-2.986
1
2.255
0
-0.168
0
3.695
1
-6.439
1
-13.379
1
0.154
1
-22.138
0
0.924
0
14.999
0
-0.513
0
-8.304
1
-36.021
0
13.397
1
-14.454
0
-0.12
0
7.235
1
-5.02
0
-0.336
0
2.314
1
5.156
0
-1.196
1
-11.162
0
-0.864
1
8.724
0
2.904
1
-21.024
-2.497
1
-0.46
1
-0.515
1
-3.967
1
-9.684
1
-37.951
1
-5.88
0
-13.579
1
-28.931
1
-3.005
0
1.034
0
-1.215
1
-21.929
1
2.954
0
-0.727
1
-7.55
0
-4.116
1
-29.953
0
-14.145
1
-0.62
0
-4.893
0
-12.269
0
-1.276
1
-12.162
0
6.292
1
-25.895
0
0.071
1
9.051
1
-11.956
0
-11.273
1
-2.497
-24.166
0
-14.23
0
-0.091
1
-11.596
1
-37.09
0
-26.309
0
-20.766
0
-9.464
1
13.081
0
-26.538
1
-16.691
0
-10.096
1
-30.097
0
-0.634
1
6.19
0
3.743
0
-2.116
0
4.462
1
-5.433
1
-3.559
0
-0.728
1
1.119
0
-0.867
1
23.995
0
2.473
1
2.479
1
-9.887
0
0.829
0
-3.807
0
-9.274
1
-24.166
-34.786
1
-9.527
1
1.76
1
-4.961
1
1.371
1
-1.438
1
-6.454
0
17.41
1
5.443
1
6.238
1
-15.971
0
-5.68
1
-15.318
0
-18.193
1
-33.019
0
-1.673
1
0.307
0
-17.316
0
-18.051
0
2.07
0
-1.625
1
27.64
1
1.363
0
-1.887
0
-7.004
0
-0.075
0
-0.814
1
-1.748
0
-0.304
0
-10.2
1
-34.786


1.178
0
-0.952
0
0.569
0
-0.424
1
6.109
1
-3.168
0
0.767
0
0.259
0
-0.402
0
0.276
1
-0.333
0
-2.544
1
-4.34
1
-6.003
0
-0.393
1
2.189
0
-0.384
0
-0.461
0
0.572
0
0.856
0
0.395
1
-1.432
0
-0.076
0
0.783
0
-0.269
1
-2.958
0
0.7
0
0.635
0
-0.695
0
-0.483
0
1.178


0
0
0.255
0
0.615
0
0.484
0
0.286
0
-0.979
0
-0.161
0
0.556
0
0.87
0
-0.895
0
-0.171
0
0.266
0
0.0599999
0
-0.711
0
0.537
0
-0.863
0
0.305
0
-0.00700003
0
0.518
0
0.107
0
-0.79
0
-0.919
0
-0.659
0
-0.293
0
0.477
0
0.703
0
-0.878
0
-0.99
0
-0.068
0
0.206
0
0
0
0
-0.941
0
-0.177
0
0.915
0
0.33
0
0.765
0
-0.753
0
-0.786
0
0.995
0
-0.613
0
-0.967
0
-0.694
0
-0.41
0
0.071
0
0.469
0
-0.759
0
-0.606
0
0.934
0
0.178
0
-0.934
0
0.923
0
0.092
0
-0.321
0
-0.082
0
-0.724
0
0.165
0
0.672
0
-0.485
0
0.768
0
0.945
0
0
0
0
0.00300002
0
0.735
0
0.306
0
0.712
0
-0.107
0
0.541
0
-0.852
0
0.554
0
0.095
0
-0.529
0
-0.09
0
0.066
0
-0.871
0
0.0140001
0
0.43
0
-0.43
0
0.891
0
-0.013
0
0.208
0
-0.053
0
-0.109
0
-0.316
0
-0.875
0
-0.496
0
0.854
0
0.702
0
0.218
0
-0.437
0
-0.358
0
0
0
0
-0.768
0
0.195
0
0.343
0
0.126
0
-0.305
0
0.764
0
-0.809
0
0.492
0
-0.323
0
0.601
0
-0.919
0
0.046
0
-0.475
0
-0.709
0
0.857
0
-0.00300002
0
-0.918
0
0.516
0
0.0650001
0
0.013
0
-0.735
0
0.892
0
0.842
0
-0.046
0
-0.243
0
0.13
0
-0.013
0
0.612
0
0.715
0
0
0
0
-0.000999987
0
0.607
0
-0.985
0
-0.732
0
-0.979
0
-0.85
0
-0.423
0
-0.989
0
-0.488
0
-0.386
0
-0.391
0
0.817
0
-0.933
0
-0.533
0
0.452
0
-0.945
0
0.153
0
-0.517
0
-0.491
0
0.871
0
0.368
0
-0.044
0
-0.691
0
0.374
0
0.559
0
-0.916
0
0.376
0
0.553
0
0.598
0
0
0
0
0.731
0
0.604
0
0.523
0
-0.969
0
-0.93
0
-0.265
0
0.431
0
-0.302
0
0.856
0
0.135
0
0.613
0
0.103
0
-0.848
0
0.212
0
0.972
0
0.796
0
0.393
0
0.81
0
-0.772
0
-0.539
0
-0.946
0
-0.942
0
0.556
0
0.496
0
-0.354
0
-0.669
0
0.805
0
0.288
0
-0.885
0
0
0
0
0.855
0
-0.435
0
0.707
0
-0.341
0
-0.374
0
0.716
0
0.626
0
-0.28
0
-0.768
0
0.606
0
0.146
0
-0.166
0
0.955
0
0.27
0
0.194
0
0.72
0
0.938
0
-0.626
0
0.809
0
-0.78
0
-0.146
0
-0.866
0
-0.822
0
-0.335
0
-0.693
0
0.285
0
0.054
0
0.224
0
0.145
0
0
0
0
0.339
0
-0.388
0
0.255
0
-0.00400001
0
0.374
0
-0.391
0
0.279
0
-0.936
0
0.803
0
-0.213
0
-0.369
0
0.096
0
0.725
0
-0.148
0
0.69
0
-0.661
0
-0.241
0
0.999
0
0.599
0
-0.083
0
-0.419
0
-0.714
0
0.27
0
0.672
0
0.251
0
-0.665
0
0.937
0
0.208
0
-0.139
0
0
0
0
0.11
0
0.847
0
-0.204
0
0.761
0
0.317
0
-0.218
0
0.604
0
-0.457
0
0.497
0
-0.474
0
-0.294
0
-0.144
0
0.393
0
0.878
0
-0.86
0
-0.891
0
-0.246
0
0.433
0
0.603
0
-0.149
0
-0.402
0
0.878
0
-0.826
0
0.567
0
-0.74
0
-0.654
0
0.908
0
0.81
0
0.202
0
0
0
0
0.878
0
0.881
0
-0.142
0
0.63
0
-0.702
0
-0.784
0
0.674
0
0.123
0
-0.141
0
0.915
0
0.875
0
0.535
0
0.236
0
0.677
0
-0.131
0
0.745
0
-0.37
0
0.852
0
-0.082
0
0.878
0
0.243
0
-0.524
0
0.895
0
-0.875
0
0.464
0
-0.329
0
0.046
0
-0.142
0
-0.934
0
0


7.48
0
0.609
1
-20.043
1
9.681
0
0.646
0
0.892
0
-0.777
1
-6.973
0
-1.624
1
-8.47
1
-0.187
0
-9.856
0
-0.657
0
-0.6
0
-26.998
1
8.639
1
-12.363
0
-4.633
1
-5.742
0
1.104
0
-22.028
0
-0.094
1
-11.57
0
8.482
1
1.079
0
0.609
1
-1.068
0
-22.894
0
-22.85
1
-8.946
1
7.48
-22.504
1
-12.444
0
2.745
0
-5.525
0
-9.516
0
-2.658
0
0.9
1
-21.713
1
-12.31
0
-17.034
1
-17.472
1
5.452
1
-18.144
1
18.129
0
-10.127
1
-16.58
0
3.114
0
-14.388
1
-13.03
1
7.852
0
-11.534
1
-10.909
0
-11.081
0
0.915
1
-5.726
0
-24.724
1
-5.386
0
-6.064
1
3.972
1
1.135
1
-22.504
3.477
0
-11.235
0
2.871
1
-0.767
1
-18.303
1
-20.249
0
-1.891
1
-25.489
0
-17.071
0
-0.381
1
-8.835
1
3.626
1
-10.022
1
-28.947
0
1.685
0
0.885
0
-26.245
1
11.926
0
-0.382
0
10.875
0
-0.089
1
-14.211
0
-0.075
0
-9.086
0
-6.452
0
-2.838
1
-33.246
1
3.298
0
-19.056
0
-16.46
0
3.477
-12.599
0
-19.032
1
-7.494
1
-14.463
1
-23.68
0
-5.873
1
-32.891
1
-6.15
1
-2.94
0
3.642
0
-0.91
1
-13.884
1
5.365
0
6.203
0
-5.022
0
2.656
1
-1.973
0
2.608
1
-2.839
1
-10.942
0
-1.853
1
-14.59
1
-11.948
0
0.969
1
-4.787
0
4.651
0
-25.544
0
-5.34
1
-4.566
1
10.487
0
-12.599
-2.677
1
3.542
1
-4.855
1
0.807
1
-4.452
0
-5.059
0
3.568
0
3.908
0
11.019
0
-12.085
0
0.06
0
3.488
1
-11.167
0
-4.155
0
-0.324
0
-15.122
0
11.191
0
-2.428
0
-0.99
1
-14.971
1
0.59
0
0.202
0
0.665
1
11.145
0
-6.422
0
-16.356
0
6.967
0
-11.453
1
5.667
1
6.213
1
-2.677
-5.24
0
-14.384
0
-6.504
0
3.567
0
-5.078
1
-26.801
1
2.982
0
-9.126
0
0.686
1
-14.352
0
-15.983
1
-1.218
0
-2.468
0
-7.232
0
1.712
0
-12.42
1
-23.722
1
1.703
0
-19.407
1
-9.608
1
-3.873
0
-11.344
1
22.641
1
-6.232
0
0.344
0
-11.895
1
-13.927
0
1.827
0
-20.376
0
-3.662
0
-5.24


0.32
0
0.976
0
-0.893
0
0.61
0
-0.575
1
-6.489
0
0.8
0
0.383
0
0.476
0
-0.703
0
-0.714
1
-13.313
1
0.96
1
-4.488
1
-1.04
1
6
0
-0.725
0
-0.761
1
0.02
1
-12.533
1
9.596
0
-21.988
1
-3.39
1
-31.134
0
-0.924
0
-5.896
1
0.616
0
-9.328
1
-13.586
1
11.898
0
0.32
-12.696
1
-21.349
1
-16.174
1
-3.821
0
-31.234
1
11.579
0
2.675
1
-8.509
1
-0.248
0
-10.115
0
9.869
1
1.823
1
-23.013
1
2.041
0
-16.773
1
-4.258
0
-9.789
0
9.692
1
-32.915
1
-15.471
1
7.225
0
-3.218
1
-4.796
0
12.478
0
29.655
0
-0.5
0
2.526
0
-8.986
0
-15.558
0
2.825
1
-12.696
-6.447
1
0.141
1
3.301
1
-26.276
0
1.129
0
-8.862
1
2.708
1
-12.33
1
-22.52
1
-1.764
0
-1.451
0
3.427
1
-32.576
0
-0.975
1
-0.175
1
-2.681
0
4.101
1
-11.508
0
3.926
1
-1.475
1
-0.035
1
-2.166
1
-6.122
0
5.636
0
-0.136
0
-11.422
1
-10.961
1
-11.196
0
-25.301
1
-11.179
1
-6.447
-22.705
0
0.602
0
1.72
0
2.108
0
-0.149
1
-22.124
0
-5.551
1
-10.236
0
-4.213
1
20.668
1
-19.816
0
-0.172
0
-17.123
0
-3.927
1
-18.3
1
-4.175
1
-22.541
0
-0.72
0
3.475
1
-10.366
0
-2.362
0
8.152
1
-10.338
1
-0.375
1
-0.768
1
-23.718
0
-5.94
1
-7.671
1
0.28
1
-9.991
0
-22.705
-12.528
1
0.286
1
-15.63
1
5.062
0
-5.522
0
24.112
0
32.133
0
2.463
1
-12.214
0
-0.782
1
-9.57
1
-4.188
0
7.278
0
-14.973
0
-19.58
1
3.157
0
-12.454
1
-12.014
0
-11.224
0
-8.662
0
-7.011
1
-6.249
1
1.595
0
-0.122
0
-3.116
1
-17.934
1
-20.481
0
6.896
0
-0.203
1
5.494
0
-12.528
18.886
1
-8.41
0
-13.518
0
-0.063
0
-25.873
1
6.706
0
12.762
0
-3.001
1
-12.514
1
-9.303
1
-18.977
0
3.427
1
5.643
1
-13.498
1
13.368
1
12.592
1
9.56
0
-0.25
1
1.447
0
3.57
1
-13.18
1
-8.671
1
-19.312
1
-10.398
1
-6.668
0
23.297
1
-1.331
1
25.341
1
-3.825
0
-0.405
1
18.886


-3.748
0
-42.411
0
2.927
0
-2.758
0
0.133
0
5.381
0
-2.362
0
-6.006
0
10.134
0
-0.855
0
10.812
0
4.672
0
-6.242
1
-15.255
1
-17.781
1
-12.061
1
-22.234
0
2.967
1
-17.996
1
0.447
0
-8.04
1
3.732
0
3.884
1
6.027
1
22.04
1
9.955
1
-6.564
1
-3.893
1
-3.456
1
-5.503
0
-3.748
9.118
0
0.979
1
-21.461
0
-4.321
1
1.257
0
-9.125
1
-3.647
0
0.0779999
1
-15.228
1
-25.379
0
-5.869
0
-15.275
0
29.601
1
-4.897
0
-1.142
0
-19.547
0
-2.839
1
-7.456
0
-24.018
1
4.585
1
-17.378
1
-26.372
0
-4.785
1
7.239
1
-1.847
1
-3.853
1
5.032
0
-3.928
0
-14.454
1
-8.288
1
9.118
-2.734
0
-15.815
1
-14.583
1
2.548
1
-4.66
0
-7.437
1
0.468
1
-33.271
1
-18.513
1
-10.746
1
-3.49
1
-11.508
0
-15.067
0
0.344
1
11.179
1
-5.053
0
-12.168
1
-0.386
1
-9.907
0
-11.249
0
-7.791
0
-25.59
0
5.774
0
-3.693
0
9.292
0
1.13
0
-1.738
0
-18.451
1
-8.511
1
-40.683
1
-2.734
-9.041
0
-13.398
0
-6.888
1
2.904
0
-11.858
1
-39.544
1
-21.955
1
-21.263
0
4.576
0
-6.688
1
-5.809
1
-32.552
1
-41.367
0
-3.731
1
15.316
0
-0.64
0
-18.071
1
17.875
1
-22.099
1
-3.653
0
-20.47
0
8.293
0
-2.359
1
-5.194
1
-13.394
0
-9.368
0
0.456
1
21.944
0
-7.797
1
8.858
1
-9.041
9.86
1
-14.066
0
0.73
1
-21.856
1
-31.688
0
0.899
0
-21.623
0
-6.272
1
-2.568
1
-8.594
1
-23.631
0
2.836
0
9.149
0
-0.419
1
-6.004
1
-1.037
1
-32.53
0
-0.083
0
7.9
1
-13.938
1
-5.748
0
9.573
0
-7.935
0
-27.422
0
-25.231
1
3.028
0
-18.545
1
11.456
1
-33.943
1
-7.393
0
9.86
-7.946
0
-13.606
1
0.394
1
-6.919
0
-10.389
0
-8.374
0
6.911
1
-8.597
1
-14.621
1
3.199
0
-0.176
1
-0.817
0
2.783
1
-12.191
0
-14.197
1
-3.27
0
-0.343
1
6.118
1
-25.129
0
2.56
1
1.29
1
-14.641
0
-2.489
0
14.703
1
-15.005
1
-10.876
0
-16.811
1
-12.474
1
-10.3
1
-9.323
1
-7.946


0.074
0
0.081
0
0.57
0
-0.444
0
-0.653
1
-4.578
0
-0.893
0
-0.836
0
0.594
0
-0.434
0
-0.941
0
-6.525
0
-0.871
0
0.392
0
-0.791
1
-0.583
0
-0.742
1
-0.038
1
-4.322
0
-0.637
1
3.667
0
0.92
0
-0.089
0
0.872
0
0.168
0
-0.435
0
-0.654
0
-0.216
1
-1.538
0
-0.479
0
0.074


0
0
-0.548
0
-0.569
0
0.185
0
-0.375
0
0.005
0
-0.135
0
-0.722
0
-0.179
0
0.328
0
0.751
0
0.0700001
0
0.385
0
0.128
0
0.097
0
0.11
0
-0.009
0
-0.049
0
0.653
0
-0.988
0
-0.631
0
-0.737
0
-0.271
0
-0.391
0
0.562
0
0.552
0
-0.522
0
-0.698
0
-0.726
0
-0.779
0
0
0
0
-0.408
0
-0.862
0
0.979
0
0.801
0
-0.509
0
0.137
0
-0.2
0
0.073
0
-0.966
0
-0.867
0
0.416
0
0.161
0
-0.939
0
-0.858
0
0.152
0
-0.287
0
-0.037
0
0.991
0
-0.00300002
0
0.673
0
-0.427
0
-0.036
0
-0.638
0
0.781
0
0.531
0
0.192
0
0.56
0
0.614
0
-0.451
0
0
0
0
-0.518
0
-0.147
0
-0.274
0
-0.495
0
0.357
0
-0.469
0
-0.926
0
-0.203
0
-0.904
0
-0.775
0
-0.631
0
0.669
0
0.905
0
-0.879
0
0.724
0
0.487
0
0.362
0
0.363
0
0.664
0
0.451
0
0.59
0
0.563
0
0.115
0
-0.474
0
-0.279
0
0.651
0
-0.078
0
-0.422
0
-0.824
0
0
0
0
-0.792
0
-0.718
0
-0.269
0
-0.906
0
0.185
0
-0.323
0
0.698
0
0.617
0
-0.279
0
-0.589
0
0.948
0
0.196
0
0.845
0
0.342
0
0.493
0
0.514
0
0.839
0
-0.19
0
-0.031
0
-0.399
0
-0.297
0
0.818
0
0.668
0
0.924
0
0.02
0
-0.314
0
-0.958
0
0.039
0
0.763
0
0
0
0
0.859
0
-0.633
0
-0.981
0
-0.35
0
0.163
0
0.29
0
-0.257
0
0.695
0
0.917
0
-0.693
0
-0.765
0
-0.11
0
-0.955
0
0.841
0
-0.719
0
-0.446
0
0.039
0
-0.417
0
0.816
0
0.852
0
0.244
0
0.768
0
0.805
0
0.663
0
0.718
0
-0.412
0
-0.757
0
-0.576
0
0.343
0
0
0
0
0.991
0
0.719
0
0.0190001
0
-0.736
0
0.866
0
0.589
0
0.277
0
0.773
0
0.137
0
-0.288
0
-0.764
0
0.255
0
-0.198
0
-0.378
0
-0.423
0
-0.847
0
-0.106
0
0.412
0
0.504
0
0.22
0
-0.549
0
0.695
0
0.151
0
0.464
0
-0.693
0
0.179
0
0.544
0
0.272
0
0.349
0
0
0
0
0.005
0
-0.941
0
-0.425
0
-0.733
0
-0.874
0
-0.996
0
0.763
0
0.698
0
0.839
0
-0.838
0
-0.608
0
0.0599999
0
0.543
0
0.038
0
0.829
0
0.228
0
-0.914
0
-0.141
0
0.169
0
0.793
0
-0.593
0
-0.96
0
0.867
0
0.147
0
-0.902
0
-0.958
0
0.641
0
0.141
0
-0.035
0
0
0
0
-0.868
0
0.62
0
0.418
0
-0.245
0
0.623
0
-0.969
0
0.214
0
0.279
0
0.36
0
0.011
0
0.049
0
0.703
0
0.202
0
0.411
0
-0.755
0
-0.925
0
-0.238
0
0.369
0
-0.065
0
-0.106
0
-0.485
0
-0.161
0
-0.278
0
-0.896
0
-0.691
0
-0.757
0
0.291
0
-0.975
0
-0.955
0
0
0
0
0.792
0
0.075
0
0.653
0
-0.682
0
-0.829
0
0.24
0
-0.054
0
0.553
0
-0.697
0
-0.441
0
-0.245
0
-0.17
0
-0.493
0
0.262
0
0.252
0
-0.025
0
-0.496
0
0.172
0
-0.015
0
0.132
0
-0.405
0
0.677
0
0.759
0
-0.799
0
-0.442
0
-0.788
0
0.828
0
0.694
0
0.139
0
0
0
0
0.847
0
0.707
0
-0.918
0
-0.066
0
-0.315
0
0.391
0
-0.322
0
-0.617
0
-0.626
0
-0.332
0
-0.848
0
0.462
0
0.752
0
0.02
0
-0.983
0
-0.231
0
0.54
0
0.763
0
-0.294
0
-0.618
0
0.136
0
0.863
0
0.624
0
0.716
0
0.477
0
0.812
0
-0.00700003
0
-0.06
0
-0.429
0
0


-27.37
1
-14.958
0
-4.089
1
14.283
1
13.95
0
-18.366
1
-39.519
1
5.989
0
-29.75
1
-11.907
1
9.353
1
4.832
1
-8.128
0
-11.003
0
-15.916
0
0.024
1
-9.236
1
15.677
1
2.716
1
-23.921
0
-11.646
1
-8.953
1
-21.074
1
-12.768
1
3.675
1
-5.101
1
5.982
1
9.097
1
16.833
1
-22.934
0
-27.37
-10.956
1
4.35
1
-1.804
1
3.421
1
5.654
0
-0.955
1
1.516
0
-0.789
0
0.621
0
2.627
0
-0.618
1
-4.718
1
0.681
0
-16.102
0
-25.594
0
3.573
1
-4.485
0
-18.36
0
-4.778
0
3.934
0
9.042
0
-25.198
0
12.244
0
-4.622
1
0.613
1
27.434
0
-0.443
1
1.255
1
-1.931
1
-3.147
1
-10.956
-19.551
0
-1.694
1
-9.578
1
-0.783
1
0.696
1
-26.14
0
-7.167
0
-14.742
0
-12.108
1
5.92
1
1.989
0
13.577
0
-6.411
0
0.234
0
-22.495
0
-0.903
1
-12.728
0
-5.56
0
0.164
1
-4.396
1
-3.186
0
0.75
1
-13.172
1
-8.756
0
-10.462
0
7.058
0
-17.675
1
-25.581
0
-0.863
0
-8.635
0
-19.551
-26.138
1
-33.554
1
-13.67
1
-16.553
0
-4.182
0
-0.434
1
-6.401
1
-21.751
1
-14.22
1
13.361
1
-1.814
0
-0.238
0
3.023
1
-0.925
0
-14.545
1
6.4
0
-13.946
0
0.328
1
-11.048
0
-14.412
0
4.877
1
-7.626
1
-17.911
1
-10.217
1
-15.778
1
-12.012
1
-8.009
0
-2.878
1
6.431
1
-6.725
0
-26.138
20.493
0
-5.071
1
-0.347
1
-40.467
1
-9.451
0
-30.408
0
3.2
1
-10.139
0
3.042
0
-24.349
0
-1.624
0
-11.546
0
-0.387
1
-6.32
1
-3.804
0
-5.116
0
-14.33
0
-0.397
1
-15.647
0
-0.527
1
-4.165
1
4.868
1
-9.071
0
-17.91
1
1.12
0
-2.918
0
-7.535
0
-0.41
0
-4.73
1
-19.961
0
20.493
-22.195
1
-3.65
0
3.477
0
-10.36
0
-17.722
1
-15.02
1
-16.694
0
-33.748
1
-14.474
0
2.99
1
-4.723
0
1.465
1
-5.738
1
-14.837
1
-13.713
0
-0.027
0
-14.257
0
5.634
0
-12.356
0
9.35
0
-5.848
1
39.336
0
0.183
1
-15.85
1
-4.957
0
-8.654
0
-5.838
0
-0.958
1
-16.777
0
9.066
0
-22.195


4.926
1
-26.732
0
17.005
1
1.312
0
-10.243
0
8.115
1
-4.666
0
-1.009
1
-14.746
0
0.265
0
-21.593
1
-6.477
0
0.305
1
5.67
0
4.497
0
-3.88
0
0.709
1
-2.643
0
-23.143
1
4.37
1
19.442
0
-2.086
1
-25.018
1
-19.862
1
-3.812
1
-7.405
0
-4.835
0
-10.688
0
-2.531
1
-3.415
1
4.926
-19.82
0
-10.557
1
4.415
1
2.656
0
-30.143
0
1.744
1
-2.79
0
-0.394
1
-0.216
1
2.891
0
-10.698
1
-17.507
0
-0.443
0
-11.91
0
-2.125
0
0.307
1
-0.793
0
-2.769
1
-21.469
0
-10.156
0
-11.584
0
-8.233
1
-4.289
1
-32.061
1
-11.055
1
1.131
0
-5.466
0
-3.343
0
8.467
1
-23.667
1
-19.82
-29.623
0
0.904
1
-8.988
0
-4.78
0
2.711
1
-23.929
0
-23.326
0
4.007
0
-0.278
0
-0.342
0
-29.336
1
3.286
1
-30.608
0
7.707
1
-46.715
0
2.271
1
-9.083
1
-4.795
0
2.8
0
-18.416
1
1.825
0
-18.928
1
-9.522
1
0.032
0
-2.484
0
1.575
1
-15.483
0
-15.195
1
-12.543
1
-0.742
0
-29.623
-36.166
0
-12.498
1
3.92
1
-36.913
0
0.19
0
1.707
1
-6.334
1
-4.997
0
-3.508
0
3.428
0
-7.04
0
4.154
0
10.971
1
-22.828
1
-14.25
0
-14.641
1
-7.537
1
-6.571
0
-17.54
1
17.445
1
-0.869
0
-0.381
0
-5.526
0
-1.097
1
-9.252
1
-27.167
1
4.448
1
-8.791
0
1.91
0
-4.346
0
-36.166
-24.264
1
-11.678
1
-5.423
0
12.787
0
8.456
1
-6.667
0
-2.836
1
-27.246
1
10.322
0
-6.463
0
-10.353
1
3.738
1
-14.306
0
1.248
0
-1.325
1
-18.394
0
-8.595
1
3.044
0
-6.114
1
-5.635
1
-1.291
0
-4.718
0
-12.221
1
-1.019
1
-5.965
1
-15.895
1
-1.842
0
-18.888
0
-15.176
1
-7.677
1
-24.264
5.259
0
-0.156
0
-10.437
1
-0.062
0
-11.482
1
-0.461
0
-28.517
0
10.944
0
-0.507
0
-6.056
0
0.159
1
-2.692
1
-15.428
1
8.94
0
-11.975
0
5.095
0
7.668
0
-5.814
0
4.387
0
1.678
0
-8.402
0
-24.804
0
-1.308
0
-3.338
0
8.849
1
-15.735
1
4.912
0
0.173
0
4.634
0
2.278
0
5.259


-7.648
0
3.56
1
-14.203
0
-1.826
1
10.069
1
-17.706
1
4.878
1
-7.616
1
-11.742
1
-9.767
1
-2.896
0
9.198
1
11.401
0
-0.758
1
-12.535
0
-11.712
0
-3.537
1
-1.007
1
-2.927
0
-0.349
1
-37.177
0
-2.034
1
7.583
1
-20.053
1
-5.396
0
-9.697
1
-11.239
0
16.918
0
-0.244
0
0.462
1
-7.648
19.772
1
-32.793
1
10.496
0
-5.143
1
-20.686
0
5.881
0
-19.042
1
-4.076
0
-14.309
1
-5.68
0
5.857
0
0.625
0
0.678
1
-24.296
1
-27.511
0
-5.537
0
5.862
0
-12.829
1
-10.341
0
-7.509
1
-2.245
1
0.438
1
-3.845
1
-5.102
1
-13.463
1
-0.901
1
8.428
0
2.844
0
-3.766
0
-6.693
0
19.772
5.153
0
-3.271
1
0.569
1
2.324
1
-3.683
0
6.045
1
-0.829
0
0.345
1
2.721
1
-1.05
0
-0.625
1
3.095
1
-9.425
0
-36.541
0
0.24
1
-3.457
1
-3.633
1
-4.282
0
5.028
1
10.664
0
-5.701
1
-16.706
1
19.001
0
4.731
0
-13.161
0
-1.797
1
-15.508
1
-12.15
1
-6.633
1
-23.977
0
5.153
-1.389
0
-0.457
0
0.316
0
-0.125
1
-6.37
0
-0.627
0
1.101
1
0.339
0
0.141
0
0.527
0
-0.307
0
-3.379
1
0.015
1
-0.794
1
-1.138
0
0.985
0
-0.6
1
0.887
0
-0.543
1
-0.657
0
0.286
0
0.955
0
0.957
0
0.411
1
1.264
1
1.906
1
-2.641
0
1.959
1
14.156
1
-7.757
0
-1.389
10.557
0
-31.244
0
-0.147
1
7.187
1
2.571
1
-5.42
0
2.405
0
-22.735
1
-47.921
1
-6.905
0
-1.363
0
-4.669
0
3.104
0
-26.41
0
-22.078
1
8.863
0
0.571
0
-1.557
1
-6.696
1
-3.131
1
-0.752
1
-3.246
1
-8.656
1
2.539
1
-4.128
0
-10.747
1
-13.579
1
-10.092
1
19.62
1
-16.229
0
10.557
-16.059
1
-20.03
1
16.914
1
3.026
1
-0.401
0
-1.764
0
1.756
0
0.706
1
4.516
1
-16.332
0
-2.235
0
-24.248
0
-8.459
0
-0.563
0
2.508
0
0.327
1
-7.279
1
1.812
0
-14.589
0
-1.387
0
-7.1
1
-22.28
1
-13.54
1
7.765
0
0.194
0
3.932
1
3.991
1
-4.599
1
0.726
1
5.446
0
-16.059


0
0
0.183
0
0.873
0
0.225
0
-0.703
0
0.457
1
7.93
0
0.798
0
0.368
0
-0.297
0
0.091
1
-8.33
0
-0.981
0
-0.547
0
-0.487
0
-0.884
0
0.347
0
-0.021
0
-2.169
1
-1.445
0
0.403
1
-3.915
1
0.359
0
-0.82
1
-5.285
0
-0.304
1
1.302
1
5.783
0
-0.261
1
2.13
1
0
