

0
0
0.586
0
0.499
0
0.987
0
-0.465
0
0.474
0
-0.831
0
0.358
0
-0.681
0
-0.875
0
0.283
0
0.136
0
-0.96
0
0.14
0
0.956
0
-0.242
0
0.738
0
-0.325
0
0.74
0
0.874
0
-0.615
0
0.81
0
-0.294
0
0.658
0
0.59
0
0.321
0
-0.253
0
-0.533
0
0.342
0
0.511
0
0.564
0
-0.649
0
-0.582
0
0.509
0
0.5
0
0.652
0
0
0
0
0.453
0
0.12
0
0.454
0
0.026
0
0.885
0
0.706
0
0.127
0
0.715
0
0.592
0
0.771
0
0.057
0
-0.473
0
-0.872
0
-0.38
0
0.949
0
0.544
0
0.631
0
-0.871
0
0.092
0
0.937
0
0.132
0
-0.561
0
-0.25
0
-0.23
0
-0.635
0
-0.302
0
-0.515
0
0.629
0
0.228
0
-0.91
0
-0.351
0
0.073
0
-0.171
0
0.647
0
0.797
0
0
0
0
-0.461
0
-0.00599998
0
0.867
0
-0.871
0
-0.41
0
0.275
0
0.029
0
0.75
0
-0.744
0
0.536
0
-0.015
0
0.34
0
-0.462
0
0.615
0
0.924
0
-0.75
0
0.654
0
0.935
0
0.865
0
0.992
0
-0.832
0
0.599
0
-0.405
0
-0.373
0
0.517
0
-0.409
0
-0.573
0
-0.215
0
0.668
0
-0.107
0
-0.093
0
-0.471
0
0.769
0
0.267
0
0.684
0
0
0
0
-0.666
0
0.469
0
-0.209
0
0.651
0
0.65
0
0.582
0
0.216
0
-0.54
0
-0.075
0
0.1
0
0.00399995
0
0.446
0
-0.063
0
0.333
0
0.028
0
-0.87
0
0.0779999
0
0.406
0
-0.88
0
0.763
0
0.048
0
-0.621
0
-0.632
0
0.301
0
0.5
0
0.52
0
0.453
0
-0.458
0
0.168
0
-0.851
0
0.363
0
0.732
0
0.396
0
-0.905
0
0.611
0
0
0
0
0.981
0
-0.1
0
-0.904
0
0.543
0
0.167
0
-0.526
0
-0.695
0
0.397
0
-0.554
0
0.082
0
-0.585
0
-0.308
0
-0.512
0
0.7
0
-0.098
0
-0.845
0
0.483
0
0.346
0
0.132
0
-0.637
0
0.892
0
-0.88
0
-0.455
0
-0.245
0
0.288
0
-0.955
0
-0.819
0
-0.932
0
-0.566
0
-0.863
0
0.611
0
0.636
0
-0.362
0
0.823
0
0.644
0
0
0
0
0.917
0
0.423
0
0.785
0
-0.556
0
-0.679
0
-0.289
0
-0.344
0
-0.689
0
-0.697
0
-0.378
0
0.65
0
0.793
0
0.28
0
-0.327
0
0.139
0
0.408
0
-0.427
0
-0.685
0
-0.085
0
0.859
0
0.9
0
0.158
0
0.941
0
-0.792
0
0.546
0
0.247
0
-0.325
0
-0.557
0
0.674
0
0.93
0
-0.584
0
0.161
0
0.693
0
-0.625
0
-0.826
0
0
0
0
0.475
0
0.169
0
-0.996
0
-0.728
0
-0.151
0
0.796
0
-0.898
0
-0.246
0
0.594
0
0.00199997
0
-0.428
0
-0.742
0
-0.837
0
-0.864
0
0.359
0
-0.367
0
-0.186
0
0.825
0
-0.281
0
-0.419
0
-0.212
0
-0.886
0
0.322
0
-0.3
0
-0.294
0
-0.281
0
-0.44
0
0.105
0
-0.023
0
-0.299
0
-0.819
0
0.077
0
-0.446
0
-0.119
0
0.0470001
0
0
0
0
0.529
0
-0.599
0
-0.857
0
0.729
0
-0.19
0
-0.296
0
0.567
0
0.713
0
0.738
0
0.555
0
-0.333
0
-0.306
0
-0.025
0
0.624
0
-0.837
0
-0.103
0
0.383
0
0.636
0
0.87
0
-0.814
0
-0.575
0
0.331
0
-0.439
0
-0.339
0
0.1
0
-0.614
0
-0.487
0
0.956
0
-0.113
0
0.576
0
-0.723
0
-0.987
0
-0.223
0
0.724
0
0.312
0
0
0
0
0.315
0
-0.539
0
0.902
0
0.105
0
0.417
0
0.755
0
-0.195
0
-0.673
0
-0.534
0
0.387
0
0.55
0
0.211
0
-0.679
0
0.48
0
-0.252
0
-0.704
0
-0.991
0
-0.353
0
0.1
0
-0.291
0
-0.294
0
-0.025
0
-0.382
0
0.035
0
-0.457
0
0.738
0
-0.098
0
0.372
0
-0.395
0
-0.316
0
-0.177
0
0.457
0
0.502
0
0.38
0
0.44
0
0
0
0
0.904
0
-0.453
0
-0.663
0
0.143
0
0.686
0
-0.964
0
-0.000999987
0
0.209
0
-0.455
0
0.695
0
0.379
0
0.0190001
0
-0.415
0
-0.651
0
-0.842
0
-0.632
0
-0.786
0
0.474
0
-0.915
0
-0.213
0
-0.659
0
-0.798
0
-0.558
0
-0.986
0
-0.828
0
-0.61
0
-0.911
0
-0.287
0
-0.669
0
0.889
0
-0.794
0
-0.242
0
0.379
0
0.017
0
0.141
0
0


-1.617
0
1.708
0
-0.581
1
0.664
1
-0.762
0
-1.212
0
0.362
1
0.686
0
0.102
0
-1.531
0
-0.466
1
-1.003
1
-1.43
0
2.316
1
0.178
0
-0.898
0
-0.804
0
-1.03
1
-2.41
0
-0.381
0
-0.057
0
-0.755
0
-0.865
1
0.09
1
-2.279
0
0.451
1
-0.921
1
-0.866
1
2.003
0
-0.516
0
0.473
1
-0.414
0
-3.213
0
-1.342
0
-0.047
0
0.033
0
-1.617
-5.53
0
-0.178
0
1.668
0
0.313
0
0.704
0
0.315
0
-0.906
0
0.251
0
0.478
0
0.159
0
0.025
0
-2.796
0
0.217
0
0.914
1
0.779
0
0.387
0
-1.018
0
-0.431
0
0.576
0
0.349
0
-0.459
1
0.291
0
0.5
0
1.428
0
1.845
0
0.701
0
0.169
1
0.882
0
0.735
1
0.338
1
0.87
0
0.512
0
-0.457
0
0.719
0
0.954
0
0.527
0
-5.53
-13.816
1
-1.688
0
0.897
0
-0.199
0
0.347
0
-0.324
1
-0.897
0
0.849
0
0.476
0
-0.075
1
0.308
0
0.365
0
0.147
1
0.319
0
-2.547
0
-0.174
0
0.385
0
0.291
0
2.324
1
-0.773
0
-1.806
0
-2.523
1
-0.525
1
0.807
1
-2.959
1
0.654
1
0.913
0
-0.93
0
-0.811
0
0.953
0
1.834
1
2.606
0
-0.00700003
0
-0.592
0
-0.325
0
-1.162
1
-13.816
-17.684
0
-0.608
0
-3.315
0
-0.13
0
-0.665
0
0.398
0
-0.409
0
1.565
0
-1.452
0
3.139
1
-0.48
0
0.44
0
-2.125
0
0.96
1
0.057
0
1.11
0
-0.141
0
0.372
0
-0.631
1
-0.999
0
-2.475
0
0.739
0
0.918
0
-0.824
0
0.354
0
0.517
0
1.985
1
-2.446
0
-5.299
0
0.866
0
0.468
0
-0.738
0
0.702
1
0.503
0
0.392
0
0.8
1
-17.684
-18.147
0
-1.752
1
0.015
0
-0.582
1
-0.565
1
-0.247
1
-0.735
1
1.185
0
-0.676
0
-0.042
0
1.254
1
0.892
0
-0.765
0
0.84
0
-0.61
0
-0.907
0
-1.041
0
0.615
0
0.127
1
-0.692
0
-0.843
1
0.973
0
0.621
0
-2.751
0
0.525
0
-0.63
0
0.051
0
-0.713
1
-0.917
1
-1.802
1
-2.414
0
-1.304
0
-0.91
0
0.451
0
-0.113
1
0.78
1
-18.147
-6.108
0
-0.124
0
-0.222
0
0.603
0
-0.109
1
0.565
1
-0.702
0
0.00100005
0
1.782
0
-0.738
0
-0.044
1
-1.556
1
-1.499
0
-0.844
1
-1.479
1
-0.472
0
0.808
0
-2.769
0
-0.237
1
-1.195
0
-2.124
0
-0.483
0
0.291
0
-0.346
1
-0.0429999
1
0.932
0
1.008
0
-0.538
0
-0.731
1
0.903
0
-0.18
0
-0.7
0
-0.15
0
-0.983
0
-1.363
0
-0.563
1
-6.108
-1.839
0
-0.865
0
-1.649
0
-0.179
0
-0.141
0
-2.298
1
-2.397
0
0.452
1
-0.051
1
0.517
1
2.213
1
-0.432
1
0.745
0
0.682
0
-0.736
1
-5.123
0
-0.134
1
0.843
0
0.651
1
-0.293
0
-0.699
0
-2.011
1
-2.421
0
-0.812
0
0.531
0
-0.751
1
-0.669
0
0.414
0
0.248
0
-0.887
0
1.147
0
-0.713
0
-0.398
0
-1.103
0
-2.32
0
-1.707
0
-1.839
-6.111
1
-0.373
0
-0.192
0
-0.605
1
-0.268
1
0.329
0
-1.902
0
0.719
0
0.854
1
0.248
1
-0.881
1
-0.378
0
-0.906
0
-3.161
1
0.608
1
-0.458
0
-0.215
0
-0.568
1
2.996
1
-0.157
0
-2.374
1
0.233
0
-0.284
0
-2.515
0
-0.8
0
1.563
0
-0.096
0
-0.543
0
-0.886
0
-0.59
1
-0.083
0
-0.841
1
-0.286
0
0.328
0
-0.858
1
-3.341
0
-6.111


-4.728
0
-0.16
0
-1.212
0
2.596
0
-0.492
1
-0.809
0
3.821
0
-0.243
1
0.449
1
0.683
0
0.293
0
-0.17
0
0.0459999
0
0.152
0
-1.424
0
0.176
0
0.079
0
0.311
0
-0.11
1
-0.15
1
-0.456
0
2.14
0
-1.893
0
0.452
1
-0.203
0
-0.065
1
-0.137
1
-0.213
1
-0.011
1
-0.628
0
-0.882
1
-0.93
0
-2.282
0
-0.226
0
0.918
0
0.00399995
0
-4.728
-3.976
0
2.276
0
0.264
0
-0.187
1
0.548
0
-2.264
1
-0.156
0
0.947
1
0.574
1
0.589
1
-0.751
0
3.088
0
-0.466
1
0.559
0
0.958
0
0.466
0
-0.544
0
-0.729
0
1.171
1
-0.815
0
-2.007
1
-0.709
0
-1.019
1
0.052
0
-0.213
0
0.945
1
0.298
0
-0.829
0
-0.385
0
3.604
0
-0.964
0
-0.279
0
0.656
0
0.052
0
1.223
0
2.138
0
-3.976
-9.898
0
0.896
1
2.68
0
0.081
0
-1.889
0
-0.339
0
-1.721
0
1.834
0
-0.94
0
0.0289999
0
-3.219
0
-0.345
0
-3.343
0
-0.582
1
0.639
0
0.436
0
-0.757
0
0.113
0
0.797
0
-0.26
0
-1.483
0
0.031
0
-0.334
1
-0.538
0
0.73
1
-0.084
0
-0.462
1
0.913
0
0.444
0
-0.2
0
-0.00400001
0
-0.699
0
0.0420001
0
0.914
1
-1.352
1
-0.023
0
-9.898
2.165
0
2.737
0
-0.954
1
-0.212
0
1.727
0
-0.73
0
0.746
1
-0.648
1
-0.419
0
0.454
1
-0.796
0
2.713
0
-2.206
1
-2.683
0
0.181
1
-3.085
0
-1.759
1
0.412
0
0.779
1
-0.505
0
1.181
0
0.288
1
-0.875
1
-0.038
0
-2.454
1
2.878
1
0.318
0
0.898
0
-0.399
0
-0.416
0
-0.683
0
0.915
0
0.00399995
0
-0.736
1
0.417
1
0.558
1
2.165
-1.001
1
-0.908
0
-0.851
1
0.847
0
0.782
0
0.8
0
0.185
0
0.539
1
0.943
0
1.514
0
0.323
0
0.95
0
-0.342
0
0.71
0
-0.263
0
0.835
0
2.853
0
0.34
1
0.879
0
0.971
0
-0.817
1
0.646
0
0.122
1
-0.175
0
0.582
1
0.168
0
-0.752
0
1.463
0
0.299
0
-1.333
1
0.00100005
1
-0.344
0
0.268
0
-1.794
0
-0.764
0
1.04
1
-1.001
-5.789
0
-0.032
0
0.362
1
-0.073
0
0.196
0
2.761
0
-1.739
0
0.883
0
0.383
1
0.464
0
-0.992
0
-0.328
1
2.267
0
0.204
0
1.358
0
0.24
1
0.391
0
2.291
0
0.154
0
0.00199997
0
-0.305
0
-0.011
0
-0.654
1
0.5
0
-0.083
1
0.992
0
0.0999999
0
0.0470001
0
0.663
0
0.071
1
0.946
1
-0.398
1
1.156
0
2.452
1
-0.282
1
1.746
1
-5.789
-3.467
0
-0.685
1
1.49
0
-0.538
0
-0.495
0
-0.31
0
-0.942
1
-0.013
0
0.142
0
-0.429
0
0.186
1
-0.664
1
-0.63
0
0.678
1
0.877
0
-0.692
0
-1.277
0
0.577
0
-0.794
1
-0.033
0
1.245
1
-0.187
0
-0.173
0
0.0129999
0
-0.852
0
-0.766
0
0.389
0
2.47
1
-1.745
0
0.324
1
0.446
0
-1.657
1
-0.576
0
-2.059
0
-0.921
1
0.476
0
-3.467
-6.744
1
2.402
0
-0.092
0
-0.824
0
-1.738
0
-0.021
0
-0.0270001
1
-0.111
0
1.015
0
0.0760001
0
0.469
1
0.457
0
-0.075
0
0.96
1
-3.022
0
0.955
1
-0.461
0
0.223
1
-0.143
1
0.7
0
0.00300002
0
-0.0510001
1
-0.633
0
0.528
0
-0.642
0
0.641
1
-0.859
0
-2.914
1
0.254
0
0.578
1
0.927
0
0.336
0
-0.192
0
0.86
0
0.87
1
-0.56
0
-6.744


-10.327
1
-0.955
1
0.073
0
-0.969
0
0.302
0
-0.525
0
0.824
0
-0.83
0
-0.354
0
0.895
0
-1.221
0
-0.244
0
-0.069
1
-0.487
0
-0.719
1
0.075
0
0.931
1
2.819
1
-2.528
1
0.053
1
-0.392
1
-1.742
1
1.083
0
0.59
0
0.345
1
0.72
0
0.647
0
-0.579
0
-1.368
0
0.749
0
-0.032
0
-1.55
0
-0.022
1
0.683
0
-0.837
0
-0.99
0
-10.327
-11.732
0
-0.655
0
-0.096
0
-0.539
0
0.687
1
-0.027
0
0.728
0
-0.577
0
-2.69
1
-2.184
0
0.925
0
-0.908
0
-0.429
0
0.337
0
-3.397
0
-0.069
0
-1.523
1
-0.736
0
0.236
1
0.963
0
-0.00800002
0
-1.7
1
-0.799
1
-1.626
0
-1.04
0
-0.866
0
-0.378
1
2.032
0
0.285
0
0.135
0
-2.578
0
-1.394
0
-0.705
0
1.452
0
0.497
0
0.403
0
-11.732
10.746
1
-3.217
1
-0.748
1
0.678
0
-1.592
1
-0.467
0
-0.036
0
0.868
0
-0.381
1
-2.05
0
0.761
0
0.888
0
0.805
0
0.835
1
-0.056
0
0.323
0
-0.679
0
1.778
1
0.0549999
0
-2.554
0
-0.704
0
0.424
0
0.399
0
-0.058
0
-1.423
0
2.184
0
0.018
0
1.407
1
0.827
0
0.288
1
-0.015
0
-1.712
0
-0.949
0
-1.506
1
-0.255
0
-0.069
0
10.746
0.773
0
0.367
1
-2.382
1
2.134
1
0.761
1
1.288
1
-0.933
1
-0.54
0
0.656
0
0.496
0
0.041
1
-0.315
0
-0.276
0
0.784
1
-0.086
1
-0.392
0
1.942
0
0.445
1
-3.316
0
-0.62
0
-0.826
0
-0.422
0
-0.385
0
0.42
1
0.792
1
-3.274
0
-0.087
0
-0.054
0
0.585
1
-0.225
0
0.847
0
-0.938
0
-0.826
1
-0.229
1
-0.016
0
-3.306
0
0.773
-3.628
1
0.391
0
2.133
0
-0.93
0
-2.211
0
2.341
0
-2.498
1
0.067
0
0.724
1
0.774
0
0.529
0
0.942
0
-0.154
0
-0.087
1
-0.994
0
-0.652
0
-1.68
0
-0.593
1
-0.07
1
-0.67
1
-0.39
0
-0.223
1
0.0589999
0
-0.434
0
-0.172
1
-0.651
1
1.738
0
1.39
0
-1.118
1
-0.359
0
0.671
0
1.137
0
0.128
0
0.5
1
0.567
1
0.454
1
-3.628
-9.26
0
-2.012
0
0.545
0
-2.269
0
-0.325
0
-1.697
0
-1.815
1
0.346
0
-0.158
1
0.481
0
-0.031
0
-0.142
0
0.596
1
-0.922
0
0.978
0
-0.986
1
2.097
0
1.183
1
-0.081
1
-0.597
0
-0.155
0
0.843
0
0.313
0
0.37
1
-0.595
0
-0.504
0
-0.849
0
0.393
0
-0.133
0
0.071
1
-0.465
1
0.669
0
0.159
0
0.36
1
-2.111
0
0.97
0
-9.26
-8.93
0
-0.429
0
0.297
0
2.293
0
0.551
0
-2.451
0
0.762
0
-0.698
0
0.059
0
-0.541
1
-0.223
0
-0.186
1
-0.756
0
-0.719
0
-0.695
0
-0.138
1
-2.198
0
-0.698
0
0.759
0
0.874
0
-0.035
0
-0.239
0
0.938
0
0.831
1
-0.869
0
0.754
1
-0.421
0
2.895
0
-0.983
0
0.752
0
0.736
0
-0.072
0
-0.055
0
0.526
1
-0.5
0
0.581
1
-8.93
-2.383
0
0.624
0
0.78
0
-0.863
0
0.386
0
-1.221
0
0.388
0
-0.186
0
0.887
0
0.888
0
1.468
0
0.57
1
0.458
0
0.808
1
-1.436
0
-1.4
0
-0.441
0
0.383
0
-2.429
0
0.853
0
0.775
0
1.075
1
-4.664
0
-0.348
0
0.274
1
-0.766
0
0.479
0
0.057
1
-0.775
1
-0.488
0
0.442
0
0.251
0
-0.658
0
-1.576
1
-0.416
0
-0.224
0
-2.383


5.913
1
-0.761
0
0.138
0
-0.292
0
-0.37
0
-0.972
1
-1.185
0
-1.337
1
0.206
0
0.318
1
-0.551
0
-0.901
0
0.775
0
-2.62
0
2.931
0
0.502
0
0.631
0
-0.596
0
1.262
0
0.957
0
0.479
0
-0.257
1
0.945
0
-0.716
0
-1.822
0
0.353
1
0.172
0
0.694
0
0.00399995
0
0.773
1
0.323
0
0.881
1
-0.276
0
0.608
1
-0.309
0
-0.575
0
5.913


0
0
-0.667
0
-0.295
0
-0.486
0
0.414
0
0.894
0
0.602
0
-0.257
0
-0.922
0
0.686
0
0.689
0
0.966
0
0.873
0
-0.856
0
-0.944
0
0.652
0
-0.429
0
-0.256
0
-0.685
0
0.09
0
-0.527
0
-0.251
0
-0.171
0
0.864
0
0.173
0
-0.867
0
0.054
0
0.719
0
0.957
0
0.679
0
0.251
0
0.341
0
0.36
0
-0.739
0
0.134
0
-0.018
0
0
0
0
0.488
0
0.249
0
-0.518
0
-0.167
0
0.516
0
0.905
0
0.474
0
0.87
0
0.534
0
0.141
0
0.287
0
-0.063
0
-0.492
0
0.803
0
-0.317
0
-0.129
0
-0.476
0
-0.296
0
0.295
0
-0.713
0
-0.53
0
-0.702
0
-0.66
0
-0.967
0
-0.317
0
0.29
0
0.419
0
0.802
0
0.0140001
0
0.452
0
0.915
0
0.0930001
0
0.297
0
-0.983
0
-0.068
0
0
0
0
-0.873
0
-0.438
0
0.519
0
0.626
0
0.639
0
0.972
0
0.948
0
0.948
0
-0.544
0
0.565
0
-0.745
0
-0.246
0
0.298
0
0.307
0
-0.00400001
0
-0.842
0
0.789
0
0.878
0
0.867
0
0.00399995
0
0.211
0
-0.733
0
-0.133
0
0.264
0
0.819
0
-0.078
0
-0.221
0
0.214
0
-0.009
0
-0.14
0
-0.147
0
0.327
0
-0.439
0
0.849
0
-0.157
0
0
0
0
-0.799
0
-0.994
0
-0.406
0
-0.87
0
-0.927
0
0.773
0
-0.065
0
0.894
0
-0.183
0
0.323
0
-0.649
0
-0.385
0
-0.581
0
0.829
0
-0.234
0
-0.288
0
-0.498
0
0.242
0
-0.884
0
0.579
0
-0.387
0
0.979
0
-0.186
0
0.028
0
0.586
0
0.084
0
-0.921
0
-0.571
0
-0.682
0
-0.38
0
0.089
0
-0.893
0
0.901
0
-0.71
0
-0.818
0
0
0
0
0.784
0
0.876
0
-0.275
0
0.32
0
-0.027
0
-0.871
0
-0.2
0
-0.917
0
-0.947
0
0.146
0
0.849
0
-0.85
0
0.188
0
-0.654
0
-0.404
0
0.428
0
0.1
0
-0.094
0
0.734
0
0.549
0
-0.694
0
0.124
0
-0.444
0
0.691
0
-0.353
0
-0.652
0
-0.042
0
0.657
0
-0.69
0
-0.471
0
0.022
0
0.451
0
-0.559
0
0.312
0
-0.995
0
0
0
0
-0.654
0
0.504
0
0.422
0
-0.226
0
0.319
0
0.43
0
-0.951
0
-0.461
0
-0.189
0
0.262
0
0.777
0
-0.962
0
0.688
0
0.63
0
-0.226
0
-0.665
0
-0.26
0
0.367
0
0.654
0
-0.018
0
0.069
0
-0.424
0
0.333
0
0.754
0
0.53
0
0.327
0
0.905
0
-0.848
0
-0.325
0
-0.137
0
-0.107
0
-0.904
0
-0.596
0
-0.121
0
-0.973
0
0
0
0
-0.593
0
-0.072
0
-0.929
0
-0.858
0
0.105
0
-0.661
0
-0.518
0
-0.71
0
-0.243
0
0.174
0
-0.142
0
-0.015
0
0.348
0
-0.064
0
0.473
0
-0.637
0
-0.558
0
0.753
0
-0.513
0
-0.447
0
0.598
0
-0.312
0
0.883
0
-0.674
0
0.18
0
0.018
0
-0.518
0
0.0140001
0
0.749
0
0.46
0
0.926
0
-0.594
0
0.253
0
0.866
0
0.2
0
0
0
0
-0.471
0
-0.624
0
0.072
0
-0.935
0
0.00999999
0
-0.492
0
0.227
0
-0.411
0
0.928
0
-0.00800002
0
-0.89
0
-0.052
0
0.789
0
0.477
0
-0.113
0
0.074
0
0.199
0
0.325
0
0.552
0
0.282
0
0.017
0
-0.986
0
-0.8
0
0.466
0
-0.217
0
-0.131
0
-0.993
0
-0.882
0
0.833
0
0.98
0
-0.508
0
-0.55
0
0.732
0
0.455
0
0.016
0
0
0
0
0.02
0
-0.856
0
0.241
0
-0.632
0
0.434
0
-0.953
0
-0.225
0
-0.032
0
-0.365
0
0.755
0
-0.406
0
-0.656
0
0.492
0
-0.431
0
0.947
0
-0.247
0
-0.332
0
-0.469
0
-0.482
0
-0.435
0
0.491
0
-0.527
0
-0.629
0
-0.853
0
0.878
0
-0.434
0
0.936
0
-0.628
0
-0.52
0
-0.964
0
-0.347
0
0.03
0
0.539
0
-0.806
0
0.823
0
0
0
0
-0.627
0
-0.255
0
0.939
0
-0.79
0
0.533
0
0.368
0
-0.471
0
-0.111
0
0.29
0
0.934
0
0.372
0
-0.707
0
-0.346
0
0.921
0
0.341
0
-0.158
0
-0.915
0
-0.403
0
-0.982
0
0.764
0
-0.614
0
0.959
0
0.304
0
0.699
0
0.275
0
0.451
0
-0.428
0
0.384
0
0.449
0
-0.079
0
-0.309
0
0.488
0
-0.016
0
-0.565
0
-0.833
0
0


0.229
0
-0.514
1
-0.712
1
1.768
1
0.221
1
-1.028
1
0.341
0
0.415
0
0.844
0
-3.075
0
-0.65
0
-1.8
0
0.414
0
-3.104
1
-1.555
0
0.467
0
-0.165
0
4.572
0
0.999
0
-0.87
0
0.462
0
2.66
0
0.749
0
0.143
1
-1.374
0
-0.404
0
-0.911
0
-0.11
0
-2.225
0
0.698
0
0.928
0
0.96
1
-0.086
0
0.174
0
0.68
0
0.175
1
0.229
-6.056
0
-0.062
0
-0.344
0
-0.423
0
-0.237
0
0.525
1
0.749
0
-0.405
0
-1.706
1
-0.981
0
-0.227
1
0.932
0
0.468
1
-0.724
0
-0.579
0
0.769
0
-0.324
1
2.216
0
0.586
0
0.802
1
-0.137
0
0.954
0
-0.997
0
-2.03
1
-0.298
0
-0.165
0
0.493
0
-0.411
0
0.458
1
-0.853
1
0.827
0
0.189
0
-0.0180001
1
-0.538
0
0.584
0
-1.126
1
-6.056
-2.482
0
-0.765
0
0.0740001
1
-0.381
0
0.564
1
-0.702
1
0.923
0
-0.184
0
1.533
1
0.805
1
-1.434
1
1.546
0
-1.722
0
-0.893
1
0.742
0
0.585
0
0.668
0
-0.385
1
-0.847
1
0.828
0
-0.613
0
0.139
0
-0.75
0
-0.549
0
-0.431
1
-0.48
1
-0.34
1
-0.621
1
0.314
0
1.495
0
-0.567
0
-0.479
0
2.3
0
0.099
1
-0.684
0
-1.892
1
-2.482
-2.865
1
0.184
0
0.579
1
-0.098
0
-0.392
0
0.856
0
-0.389
0
-1.285
0
-0.854
0
0.337
1
-0.545
1
-0.146
0
2.847
0
-2.541
0
-0.334
0
0.221
0
-0.625
0
2.27
1
0.184
0
-0.062
1
-0.225
0
-0.663
0
-0.363
0
0.075
0
-0.634
0
-3.053
0
-0.225
1
0.24
0
0.789
0
0.041
1
0.37
0
-2.677
1
1.154
1
-2.225
0
0.324
0
0.645
0
-2.865
5.373
0
-0.695
0
0.577
0
0.38
1
0.97
1
-0.619
0
-0.615
1
-1.496
0
0.408
0
-0.223
0
-0.419
1
0.611
0
-0.782
0
0.224
0
-0.347
0
0.877
0
-0.402
0
-0.328
1
-2.142
0
-1.014
1
-0.951
1
-0.281
0
-1.25
0
1.807
0
-0.77
0
-0.344
1
-0.441
0
-0.973
1
0.548
0
0.979
0
-0.898
0
-0.795
0
1.4
0
0.43
1
0.715
1
-0.547
0
5.373
2.432
0
1.668
0
0.99
0
1.509
0
-0.239
0
-1.057
1
2.587
0
0.677
0
-0.791
1
-0.013
0
-3.206
0
0.722
0
0.897
0
1.382
0
-0.439
0
0.043
1
-0.78
1
0.32
1
0.625
1
1.346
0
0.0829999
0
-0.554
1
-0.283
1
-0.749
0
0.36
1
2.861
0
0.142
0
-3.129
0
1.76
1
-0.783
1
0.156
1
-0.607
0
0.035
0
-1.384
1
0.357
0
-3.798
1
2.432
-6.335
0
-0.692
1
-0.805
0
-0.869
0
1.55
0
-0.672
1
0.749
1
2.036
1
0.342
1
0.545
0
0.233
0
1.693
0
-0.176
0
-3.026
1
-0.607
1
-4.384
0
-0.973
0
-0.534
0
0.729
0
0.171
0
-0.00800002
1
-0.749
1
-0.725
0
-0.484
0
-0.758
0
-0.878
0
-0.305
1
-1.126
0
-0.836
1
-0.705
0
0.384
0
-0.877
0
-0.663
1
4.004
0
-0.918
0
-0.128
1
-6.335
2.328
1
0.131
0
0.00899994
1
0.496
1
2.078
1
-1.182
0
-1.105
1
-1.964
0
0.117
0
0.547
0
2.294
1
2.694
0
-0.07
0
0.259
0
-2.522
0
-0.937
1
-0.116
0
1.314
0
0.63
0
-1.911
0
0.27
1
-0.272
0
-0.837
0
1.266
0
-0.125
0
0.365
0
-0.619
0
-0.413
0
0.651
0
1.258
1
-0.908
1
0.379
1
0.677
0
0.743
1
1.948
0
0.49
1
2.328


0.00399983
1
1.948
0
-0.989
1
0.379
0
-0.203
0
0.946
1
-0.42
1
0.158
1
-0.651
1
2.168
0
0.813
0
0.741
0
-3.807
1
0.59
0
0.247
0
0.734
0
1.126
1
0.628
0
0.895
1
0.257
0
-0.954
0
-1.561
1
0.058
1
1.767
0
1.001
0
2.775
0
-0.397
0
-0.988
0
0.791
0
-0.262
1
0.219
1
0.527
0
-0.773
1
0.781
0
-0.696
0
1.685
0
0.00399983
-4.24
1
-0.287
0
-0.035
0
0.285
0
0.198
0
0.081
0
1.453
1
0.374
1
0.544
0
0.667
1
-1.062
0
0.382
0
0.261
0
-0.855
1
0.594
0
0.751
1
-0.764
0
3.013
0
-0.469
0
-0.636
0
-0.455
1
0.732
0
-0.213
0
0.634
0
-0.993
0
-0.405
0
-0.884
0
0.0890001
1
0.132
0
-1.889
0
-1.57
0
1.501
1
0.843
0
-1.502
0
-0.977
0
-0.886
0
-4.24
-1.028
0
-2.427
0
0.015
0
-0.982
0
-0.814
0
-0.529
1
1.571
0
-0.379
1
0.355
0
2.637
0
-0.892
1
1.38
0
-0.046
0
-0.374
1
-0.628
0
-0.0970001
0
0.953
0
0.178
1
0.277
0
-0.153
0
-0.316
0
1.672
0
-0.756
1
-0.72
0
0.751
0
-0.527
1
-2.258
0
-0.1
0
1.692
0
0.701
0
-0.842
0
2.387
0
0.501
0
0.525
1
-1.226
1
-0.385
0
-1.028
10.766
0
-0.883
0
0.618
0
-3.315
0
-0.052
0
0.982
0
1.297
1
-1.906
0
-0.792
1
-0.639
1
0.997
0
1.974
0
-1.851
0
-0.446
0
-0.326
0
-0.901
0
-1.493
0
0.266
0
-0.0389999
0
2.128
0
0.234
0
-0.884
0
3.799
0
0.313
0
-1.065
1
0.648
1
0.109
1
0.069
0
0.564
1
-0.669
0
-0.222
0
0.568
1
0.192
0
0.192
0
2.327
0
-0.03
0
10.766
-5.261
0
-0.34
0
2.087
1
-0.239
1
0.00899994
0
0.913
0
0.556
0
-2.114
0
-0.098
1
-0.592
0
-0.261
0
-0.531
0
-2.594
0
2.878
0
-1.996
0
-0.693
0
-0.348
0
-0.182
0
-0.783
0
0.634
0
0.103
1
0.32
0
-0.78
0
-2.357
0
1.138
1
0.332
0
0.509
1
0.744
0
-4.606
0
0.502
1
0.667
0
0.481
1
2.773
0
-1.062
1
-0.094
0
-0.733
0
-5.261
2.988
0
-0.399
1
2.093
0
-1.066
0
-0.559
0
0.057
0
-0.26
1
0.875
0
-1.422
0
-0.884
0
1.2
0
0.845
1
-0.0829999
0
0.171
1
-0.966
0
0.144
1
-5.162
0
-0.471
1
-1.778
0
1.729
0
0.136
0
0.116
1
-1.742
1
1.607
1
0.603
1
0.372
0
0.765
0
-0.967
0
1.088
0
-0.762
1
-0.949
0
-0.705
0
2.228
1
0.064
0
-0.269
1
0.644
0
2.988
1.683
0
-1.523
1
-4.722
0
-1.265
0
0.261
0
0.581
0
-1.748
0
-0.74
0
-0.735
1
-0.123
0
0.321
1
0.04
0
-0.788
1
0.946
0
0.141
1
-0.859
0
-2.491
1
3.013
0
0.059
1
-1.955
1
0.648
0
0.687
0
-1.114
1
0.843
1
-0.566
1
0.715
1
-2.378
0
-1.618
0
-1.396
1
0.436
0
-0.931
0
-0.334
0
0.572
1
0.452
1
0.476
0
-2.006
1
1.683
-0.707999
0
0.526
0
-0.484
1
1.97
0
-0.829
1
0.827
0
0.397
0
0.54
0
-0.73
0
0.257
0
0.0259999
0
2.221
0
-0.911
0
-0.96
0
0.725
0
-0.921
0
-0.66
0
-3.278
0
-0.435
0
-3.388
0
0.974
0
-0.397
0
-0.639
1
-3.012
0
0.175
1
-0.138
0
-0.141
1
0.956
0
0.00999999
0
-2.478
1
0.325
1
0.867
0
-0.76
1
-0.576
0
0.689
0
0.643
1
-0.707999


-12.177
0
0.184
0
0.496
0
0.935
0
-0.00800002
0
0.745
0
0.729
1
0.063
0
0.074
0
-0.124
0
-0.255
1
-0.729
0
-0.894
0
0.24
1
0.903
0
-0.24
0
0.614
0
-0.838
0
0.349
0
0.495
0
0.666
0
1.505
1
-0.288
1
0.811
0
3.333
0
1.385
0
0.372
0
0.429
0
0.765
1
-1.716
1
-0.209
1
-1.887
0
0.801
0
-0.731
1
-0.674
0
0.592
0
-12.177
1.529
0
1.318
0
-0.798
0
-0.298
1
-0.572
1
0.925
0
0.434
0
0.351
1
-0.173
0
0.43
0
0.169
0
-1.932
0
0.804
1
-0.697
0
-1.957
1
-0.236
0
0.509
1
-0.731
0
0.818
0
-1.388
1
2.339
1
-1.811
1
-0.108
0
0.527
0
-1.876
0
-0.838
0
0.817
1
-0.227
0
2.05
0
-0.244
0
-0.531
1
0.474
0
0.137
0
-0.707
0
-0.663
0
-0.214
1
1.529
-6.398
1
0.64
0
-0.999
0
-0.438
0
0.474
0
0.994
0
0.157
0
-0.808
0
0.051
0
0.267
0
0.33
1
-2.639
0
-0.327
0
0.228
0
0.271
0
-2.431
0
-1.102
0
-0.458
0
-0.228
0
1.465
0
0.177
0
0.957
1
-0.801
1
-0.693
0
-0.08
1
-0.634
0
-0.432
0
-0.462
1
0.779
0
-0.312
0
-0.0939999
1
-3.898
0
0.661
0
-1.021
0
-0.696
0
-0.98
0
-6.398
0.304
0
-2.464
0
-0.418
0
0.249
0
-0.082
0
0.942
0
-0.029
0
-0.683
0
-0.449
0
3.331
0
2.253
0
-2.076
1
-0.683
1
-0.836
0
0.373
0
-1.117
0
-0.877
0
-0.843
0
0.78
0
-0.928
0
-1.107
0
0.595
0
0.323
0
0.0779999
0
-0.022
1
0.138
0
1.337
0
-1.066
1
1.303
0
-0.574
0
-2.165
1
-0.076
0
0.739
0
-1.173
0
-0.418
0
2.808
1
0.304
7.072
1
-0.214
1
0.848
0
-2.546
1
3.375
0
0.57
1
0.669
0
0.0880001
1
-0.722
1
-0.182
1
-0.18
0
0.302
0
-0.97
0
-0.66
0
1.619
0
0.91
0
-0.695
0
-0.734
0
-0.944
0
-2.307
0
0.856
0
0.094
0
-0.933
1
4.246
0
0.95
0
1.948
0
-0.206
0
-0.767
0
-0.261
0
0.00899994
0
1.732
0
0.676
0
0.373
0
-0.22
0
-0.365
0
0.929
0
7.072
-5.331
0
-0.566
0
-0.082
0
-0.791
0
0.404
0
-0.962
0
-0.903
1
-1.623
0
2.938
0
-0.075
0
0.412
0
3.163
1
0.552
1
-0.338
0
0.744
0
-0.00599998
0
-0.586
1
-1.295
0
-2.275
0
-0.819
1
0.09
1
-2.165
1
-1.249
1
0.026
0
1.67
0
-0.307
0
0.952
0
0.839
0
0.809
0
-1.523
1
0.104
1
0.883
1
-0.887
0
1.482
0
-0.365
0
0.885
0
-5.331
3.242
0
0.908
0
0.612
0
2.434
0
-0.365
1
-1.689
0
0.767
0
-0.595
1
-1.382
1
0.499
0
-0.786
0
0.25
1
1.065
0
0.231
1
-0.248
0
0.0549999
0
-1.809
1
-0.858
0
1.475
0
-0.2
0
0.574
0
-0.343
1
0.648
0
0.928
0
-2.263
1
2.683
1
-1.245
1
-1.199
1
0.753
1
-1.35
0
0.298
1
0.635
1
2.429
0
-0.8
0
0.844
1
0.334
0
3.242
-15.482
0
-0.392
1
-0.983
0
0.54
1
-0.843
0
-2.106
0
0.296
0
-1.74
1
-0.944
0
-0.839
0
0.704
1
-1.326
0
0.76
1
0.645
1
-0.369
0
0.465
1
0.6
0
-0.912
0
0.466
1
-0.087
0
0.73
0
1.561
0
1.655
0
0.978
0
-0.045
1
-0.96
0
0.446
0
-0.944
0
0.0669999
0
0.955
0
-0.011
0
-0.988
1
0.849
0
-0.208
0
0.084
0
0.764
0
-15.482


5.363
0
1.784
0
-0.493
0
-1.544
1
-0.8
1
0.882
1
-0.024
0
2.576
0
-0.00599998
0
-0.821
1
-0.615
1
0.759
0
0.586
0
1.85
0
-0.856
0
0.615
1
-0.623
1
-0.792
1
-1.373
0
1.155
0
-1.819
0
0.168
1
-1.03
0
-0.484
0
-3.229
0
-0.282
0
0.887
0
0.294
0
-2.28
0
0.87
0
-0.927
0
-0.215
0
2.626
0
-0.444
0
0.19
0
-0.639
0
5.363


0
0
0.638
0
0.787
0
-0.086
0
0.467
0
0.488
0
-0.372
0
-0.644
0
-0.09
0
-0.612
0
-0.519
0
0.612
0
0.081
0
0.513
0
-0.117
0
-0.163
0
-0.937
0
-0.387
0
-0.021
0
0.477
0
-0.365
0
0.576
0
0.252
0
-0.978
0
-0.468
0
0.693
0
0.061
0
0.235
0
-0.95
0
0.292
0
0.819
0
0.301
0
0.952
0
-0.469
0
-0.425
0
-0.104
0
0
0
0
-0.516
0
-0.721
0
-0.27
0
0.365
0
-0.061
0
-0.849
0
-0.097
0
-0.635
0
0.194
0
0.875
0
0.789
0
0.73
0
-0.254
0
0.579
0
-0.399
0
-0.669
0
-0.552
0
-0.31
0
-0.274
0
-0.986
0
-0.153
0
-0.072
0
-0.62
0
0.165
0
-0.652
0
0.0779999
0
-0.319
0
0.153
0
-0.55
0
0.28
0
0.043
0
-0.689
0
-0.177
0
-0.697
0
0.292
0
0
0
0
0.528
0
0.51
0
0.885
0
-0.121
0
0.735
0
-0.319
0
-0.853
0
-0.788
0
0.96
0
0.156
0
0.515
0
0.477
0
-0.337
0
-0.696
0
-0.851
0
-0.626
0
-0.834
0
0.931
0
-0.426
0
-0.489
0
-0.089
0
0.732
0
0.319
0
-0.235
0
-0.653
0
-0.566
0
0.208
0
-0.353
0
0.459
0
0.385
0
0.685
0
0.731
0
0.109
0
-0.009
0
-0.536
0
0
0
0
-0.556
0
-0.664
0
0.529
0
0.267
0
0.313
0
0.808
0
-0.974
0
-0.7
0
0.147
0
0.418
0
-0.054
0
-0.699
0
0.304
0
-0.626
0
0.628
0
-0.269
0
0.049
0
-0.379
0
0.862
0
0.577
0
-0.256
0
0.443
0
0.098
0
-0.334
0
-0.556
0
0.365
0
0.601
0
-0.769
0
0.69
0
-0.809
0
0.507
0
0.28
0
-0.97
0
0.313
0
0.073
0
0
0
0
0.283
0
-0.00199997
0
0.08
0
-0.457
0
0.686
0
-0.605
0
-0.044
0
-0.11
0
-0.651
0
0.00300002
0
-0.951
0
0.217
0
0.964
0
-0.241
0
0.49
0
-0.858
0
-0.296
0
-0.158
0
-0.571
0
0.61
0
0.391
0
0.631
0
-0.499
0
0.278
0
0.313
0
0.058
0
-0.242
0
-0.578
0
0.103
0
0.892
0
-0.065
0
0.784
0
0.243
0
-0.485
0
-0.164
0
0
0
0
0.689
0
-0.044
0
0.338
0
-0.253
0
0.156
0
0.0319999
0
-0.773
0
-0.205
0
-0.00199997
0
-0.89
0
0.82
0
0.605
0
-0.314
0
-0.323
0
0.598
0
-0.557
0
0.207
0
-0.735
0
-0.852
0
-0.458
0
0.199
0
-0.823
0
0.853
0
-0.423
0
0.098
0
0.807
0
-0.984
0
-0.616
0
-0.32
0
-0.48
0
-0.424
0
0.393
0
0.0930001
0
0.397
0
-0.68
0
0
0
0
0.433
0
0.48
0
0.41
0
0.725
0
0.892
0
0.993
0
-0.54
0
0.726
0
0.383
0
-0.938
0
-0.95
0
0.00800002
0
-0.399
0
0.251
0
0.214
0
-0.262
0
-0.462
0
0.658
0
0.152
0
0.868
0
0.094
0
0.084
0
-0.67
0
0.741
0
0.436
0
0.757
0
-0.184
0
-0.995
0
0.343
0
0.299
0
-0.698
0
-0.116
0
-0.876
0
0.784
0
-0.654
0
0
0
0
0.902
0
-0.796
0
0.97
0
-0.282
0
-0.934
0
0.979
0
0.313
0
-0.905
0
0.796
0
0.898
0
-0.533
0
0.353
0
0.814
0
0.554
0
-0.024
0
0.892
0
0.892
0
0.634
0
0.466
0
-0.689
0
-0.421
0
0.973
0
0.586
0
-0.103
0
0.996
0
0.827
0
-0.956
0
-0.367
0
0.05
0
-0.014
0
0.68
0
0.665
0
0.0420001
0
0.774
0
-0.358
0
0
0
0
-0.922
0
-0.228
0
-0.471
0
-0.217
0
0.321
0
0.162
0
0.0930001
0
-0.527
0
0.057
0
-0.201
0
0.568
0
0.599
0
0.311
0
-0.929
0
-0.309
0
-0.703
0
-0.016
0
0.668
0
-0.403
0
0.154
0
-0.793
0
0.149
0
0.303
0
0.367
0
0.258
0
-0.109
0
-0.144
0
0.47
0
-0.271
0
0.414
0
-0.673
0
-0.687
0
0.044
0
-0.904
0
-0.737
0
0
0
0
-0.488
0
-0.72
0
0.658
0
0.477
0
0.778
0
0.459
0
-0.147
0
0.00199997
0
-0.78
0
-0.53
0
0.576
0
-0.486
0
-0.388
0
-0.519
0
-0.458
0
0.562
0
-0.504
0
0.136
0
-0.77
0
0.635
0
0.79
0
0.61
0
0.497
0
0.861
0
0.478
0
-0.303
0
-0.349
0
0.811
0
-0.939
0
-0.445
0
-0.408
0
0.937
0
-0.045
0
-0.912
0
0.57
0
0


-7.542
0
-4.067
0
-3.092
0
-0.301
0
0.092
0
0.734
0
-0.378
0
0.789
1
0.278
1
0.16
0
0.916
0
0.61
1
0.447
0
0.647
0
-0.576
0
0.579
0
-0.407
0
-2.496
1
0.666
0
0.018
0
0.033
0
0.784
0
0.27
0
0.588
0
0.106
0
-1.245
1
0.913
0
0.739
0
0.894
1
-0.505
0
-1.65
0
0.58
0
-0.906
0
0.095
1
-1.698
0
-0.791
1
-7.542
0.601
0
0.207
0
0.877
0
-0.116
0
-0.34
0
0.326
0
-1.102
0
1.41
0
-0.255
0
-0.039
0
-0.209
1
0.398
0
0.613
0
0.953
1
-0.0369999
0
1.468
0
0.531
1
-0.426
0
-0.566
0
0.0989997
0
-0.344
0
0.933
0
-0.174
0
-0.899
1
0.208
0
-2.442
0
-3.286
0
0.889
0
-2.152
1
0.712
0
0.588
0
3.039
0
-0.035
0
-0.937
1
0.682
0
-1.303
0
0.601
-10.674
0
-0.231
0
-0.565
0
-0.069
0
0.154
0
0.225
0
-0.993
0
0.794
1
-0.558
0
1.785
0
0.00199997
1
0.0659999
0
1.358
1
-0.083
0
-1.188
0
-0.262
0
2.028
0
-0.644
0
-0.918
0
-0.668
0
0.902
1
0.414
1
-0.261
0
-1.261
0
-2.139
0
0.021
1
0.498
0
0.649
0
1.578
1
-0.544
0
-0.275
0
-0.671
0
-0.63
0
-0.795
1
-0.907
0
2.547
0
-10.674
-9.094
0
0.245
0
1.245
0
-0.371
0
0.91
0
-2.392
0
-0.564
1
0.376
0
0.255
0
-0.343
1
0.682
0
-0.0919999
0
1.087
0
0.894
0
1.047
0
0.817
0
-1.163
0
-1.935
0
0.639
1
-0.819
1
1.951
0
-0.66
0
1.693
0
1.082
0
-0.68
0
0.44
1
-0.8
1
0.939
1
-0.882
0
-0.577
1
0.813
1
0.641
1
0.652
0
0.054
0
0.76
1
-1.951
1
-9.094
-13.246
1
-0.813
0
0.497
0
1.805
0
0.324
0
0.0650001
1
-0.243
1
-0.87
0
1.657
0
2.126
0
0.592
0
2.361
0
-1.857
0
0.285
0
-0.572
0
0.662
0
1.74
0
-2.514
0
-2.311
1
0.314
1
0.566
0
0.433
0
0.319
0
2.991
1
-0.164
0
-1.155
0
2.476
1
-0.235
0
-1.945
0
-0.557
1
0.107
0
-0.927
0
-0.0469999
1
0.779
0
0.742
1
-0.723
0
-13.246
-12.992
0
2.788
1
1.03
1
0.379
0
-0.368
0
0.119
0
2.654
0
0.385
0
1.886
0
-3.134
0
1.29
0
0.712
0
0.189
0
-1.691
1
0.461
0
0.284
0
-3.829
1
-0.00599998
1
-0.068
0
0.693
0
-0.723
1
-0.611
0
-0.143
0
0.155
0
0.969
0
0.877
0
-2.591
0
-0.505
0
0.222
0
-0.263
0
-2.532
1
-1.796
0
1.64
0
-1.177
0
2.293
0
-0.157
0
-12.992
-0.718
0
-0.699
1
1.362
1
-2.045
0
-0.635
0
0.058
0
-0.324
0
0.771
1
0.976
0
-1.672
1
-2.048
1
3.364
0
0.309
0
-0.041
0
1.808
1
1.212
0
2.014
0
-0.746
0
-0.065
0
-0.394
0
-0.0780001
0
-0.851
0
0.476
0
-0.527
0
-0.062
0
-0.989
0
1.405
0
-0.883
1
0.172
0
0.794
1
0.723
0
-0.276
0
0.535
0
1.711
1
0.0590001
0
-0.443
0
-0.718
-3.992
0
-0.024
1
-0.446
0
0.986
0
-0.517
0
-0.612
0
1.832
1
-1.508
1
-0.648
0
-0.395
1
0.604
1
0.462
0
0.392
0
1.499
0
2.876
1
0.753
0
0.913
0
0.136
0
0.396
0
0.457
0
-0.509
1
-0.614
0
-2.732
0
0.142
0
-0.962
1
-0.479
1
-0.622
0
-0.0779999
0
-1.415
0
-0.0319999
0
-1.785
0
-0.443
1
-0.012
0
0.821
0
-2.061
0
0.574
0
-3.992


-1.165
0
-2.09
1
0.0930001
0
0.041
0
-0.866
0
-0.589
0
0.729
1
-0.036
0
-0.604
0
0.745
0
0.21
0
1.211
0
0.681
1
0.354
0
0.539
0
-0.111
0
0.723
0
0.398
0
1.441
0
-0.955
0
0.246
0
0.979
0
-0.69
0
-0.89
0
-1.246
0
-0.449
1
0.554
0
0.768
1
2.456
0
-0.65
0
0.72
0
2.445
0
2.195
1
0.478
1
0.537
0
0.785
1
-1.165
-12.268
0
0.308
0
0.922
0
-0.604
0
0.818
0
-2.935
0
-2.026
1
0.806
0
0.246
0
0.672
1
-1.571
0
-0.427
1
-2.05
0
0.329
0
-1.942
1
0.106
0
-2.571
0
-0.545
1
-0.084
0
-0.346
0
0.758
1
4.939
0
-0.623
0
0.498
0
-0.094
1
-0.469
0
-2.144
0
-1.815
0
0.359
0
0.615
0
-0.057
0
-0.147
1
-1.082
1
0.058
0
-1.35
1
-0.969
0
-12.268
0.622
1
-0.348
0
-0.056
0
5.004
0
-1.208
0
-0.809
1
-0.155
1
-0.39
0
0.573
0
0.189
0
-0.652
0
-0.807
0
0.746
0
0.281
1
0.431
0
-0.044
0
2.372
0
-1.213
1
-3.142
0
0.963
0
-3.439
0
-0.64
1
0.133
0
-1.568
0
-0.565
1
-2.55
1
0.265
0
0.228
1
0.224
0
-0.61
0
-0.457
0
-1.796
0
-0.572
0
-1.563
1
-0.74
1
2.385
0
0.622
-3.92
1
-0.875
0
-3.125
0
-0.075
0
-0.419
1
-1.193
1
-1.247
0
-0.964
0
0.392
0
1.352
1
-0.444
1
3.012
0
-0.895
0
2.759
1
-0.349
0
1.786
0
-2.331
0
1.759
0
0.824
0
-0.032
1
-0.59
0
2.791
0
1.673
0
-0.944
0
-0.44
0
-0.694
1
-0.072
1
1.037
1
-0.97
0
-0.885
0
-1
1
0.324
1
0.118
0
0.942
1
-1.209
1
-0.691
0
-3.92
1.677
0
-1.028
0
-0.42
1
-0.29
0
1.539
0
-0.932
1
-0.241
1
0.515
0
-0.845
0
0.584
0
0.901
0
-0.649
1
-0.779
1
-0.24
0
1.177
1
-0.634
1
0.077
0
-0.979
0
1.765
0
-0.503
0
-1.382
0
0.051
1
-2.044
0
0.905
0
-0.772
1
-0.409
1
-0.521
0
0.61
1
1.455
0
0.848
0
0.354
1
2.772
0
-0.483
1
0.912
1
0.561
1
-0.508
0
1.677
-7.591
1
-0.452
1
-0.976
0
0.229
0
-0.294
0
-0.999
1
0.805
1
-0.651
0
1.761
0
-0.821
0
-0.967
1
1.439
0
-0.211
0
-0.868
0
0.062
1
0.14
1
-2.824
0
3.369
1
-0.036
0
-0.879
1
0.891
1
-0.651
1
-0.171
0
-0.593
0
4.021
1
-3.933
0
0.289
0
-0.349
0
0.255
1
-0.605
0
-0.781
0
1.022
0
-0.939
0
-1.175
1
0.907
0
0.168
0
-7.591
5.21
0
-0.97
0
-0.515
0
-0.968
0
1.586
0
0.467
1
0.121
0
0.261
0
-0.917
0
2.494
1
-0.981
0
0.456
0
-0.484
1
1.476
0
-0.093
0
-0.896
0
-0.0929999
0
-0.755
0
0.767
1
-0.187
0
-0.112
0
-3.414
1
-0.552
1
-0.623
0
0.426
1
-0.415
0
-0.265
1
-0.393
1
0.593
1
-2.387
1
-0.132
0
0.807
0
0.945
0
-0.112
0
0.544
1
0.766
1
5.21
-20.647
1
-0.504
0
-0.0250002
1
-0.228
0
-0.254
0
0.301
0
-1.541
0
0.08
0
-1.017
0
-2.218
0
-0.292
1
0.995
1
0.044
1
0.71
0
-2.02
0
-1.725
0
0.237
0
0.339
0
-2.574
0
0.159
0
0.967
0
0.342
0
-1.012
1
0.361
0
0.729
0
-0.907
1
-2.793
1
0.51
1
0.157
0
0.935
0
-0.053
0
0.951
0
-0.052
1
0.514
0
-0.871
0
-4.378
0
-20.647


-6.282
1
3.868
0
-0.018
0
-0.505
1
0.0550001
0
-0.143
0
-2.891
0
-0.576
0
-0.261
0
-1.431
0
-1.226
0
-0.36
0
2.907
0
0.0319999
0
-0.439
0
-0.135
1
-1.165
0
1.267
0
-0.715
0
0.785
1
-0.405
0
-0.229
0
-0.861
0
-0.173
0
-0.773
0
-0.184
0
-0.25
1
-0.5
0
1.67
1
0.699
0
-0.382
0
-0.757
0
0.061
0
-0.08
0
0.798
0
0.005
0
-6.282
0.00500011
0
-2.523
0
-0.644
0
-1.288
0
-1.624
0
-0.23
1
0.597
0
0.763
0
-0.338
0
0.224
0
-1.23
0
0.685
1
0.015
1
0.588
0
0.408
0
0.092
0
-1.839
0
-0.479
0
0.333
0
-1.465
1
0.344
0
0.621
0
3.646
0
-0.713
0
-1.774
1
-0.381
0
-0.851
0
-0.772
0
-0.098
0
0.52
1
-0.433
0
-0.579
1
0.487
0
0.429
1
-0.148
1
0.973
0
0.00500011
-1.346
0
-0.242
0
-0.753
1
-0.738
1
-0.259
0
-0.72
1
0.307
0
0.435
0
0.359
0
-0.22
0
0.307
1
-0.203
0
-0.126
0
0.191
1
0.333
0
-0.446
0
0.997
0
0.679
0
1.653
0
0.064
0
0.158
1
-0.353
0
-3.573
0
-0.286
0
-0.746
1
-0.191
0
0.423
0
-0.695
0
0.215
0
-0.253
0
0.251
0
0.757
0
-0.997
0
-0.326
0
-0.602
0
-1.075
0
-1.346
-7.025
1
-1.28
1
-2.343
0
-0.936
1
0.605
0
0.43
0
0.438
0
-0.324
0
-2.504
1
-0.495
0
-1.581
0
-1.018
0
-0.428
1
-1.986
0
-0.779
0
-0.471
1
-0.892
0
-0.885
0
0.145
1
-2.954
1
0.379
0
-0.354
0
1.711
1
0.74
0
-2.575
1
0.559
0
1.072
0
0.05
0
-1.951
1
-0.549
0
-0.63
0
-0.91
1
0.839
0
-0.879
0
-0.276
0
-1.849
0
-7.025
-5.489
0
0.469
1
-2.646
1
-0.605
0
4.007
0
-1.171
0
-0.395
0
-0.849
1
-0.204
0
1.637
1
-0.738
0
2.338
0
-0.868
0
1.82
1
-0.439
0
0.634
0
-2.104
0
0.224
0
2.144
0
-0.933
1
1.419
1
0.405
0
-2.036
1
-1.844
0
0.024
1
-0.603
0
-0.717
0
-0.681
0
-0.617
0
-0.238
0
0.029
0
0.384
0
1.042
1
0.282
0
0.431
0
0.676
0
-5.489
4.263
0
-0.419
0
0.898
1
0.481
0
0.098
1
1.014
1
0.028
1
0.00999999
1
-1.291
0
0.283
0
-0.389
0
0.675
0
-1.06
0
2.808
1
-1.623
0
-0.264
0
-0.529
0
-1.616
0
-0.32
0
-0.765
0
-0.756
0
-0.971
1
-0.8
0
1.913
0
1.299
0
0.44
1
0.246
0
-0.346
0
-0.244
0
-0.584
0
0.543
0
-0.457
0
-0.766
0
2.142
0
-0.877
0
0.886
0
4.263
-2.351
0
0.849
0
0.907
0
-0.564
0
-0.575
0
-0.54
1
0.896
0
0.926
1
1.169
0
0.843
1
0.557
0
0.856
0
-0.942
0
-0.888
1
-0.523
0
-0.909
0
-0.172
0
0.031
1
1.107
0
1.139
1
-0.196
0
0.13
1
3.722
1
-0.669
0
-1.934
0
-0.804
0
-2.348
0
0.508
0
-0.12
0
-0.26
0
-1.547
1
-0.367
0
-0.459
1
-2.083
0
-0.665
0
1.457
0
-2.351
7.335
1
2.874
0
0.928
0
0.218
0
0.944
0
-0.225
0
-0.873
0
-0.65
0
-0.372
1
-0.426
0
0.724
0
0.072
0
-0.749
0
-0.455
1
-0.57
1
1.459
0
-0.095
0
-2.221
0
-1.357
0
-1.057
0
0.819
0
-1.056
1
0.206
0
-0.934
0
0.724
0
0.458
0
0.715
1
1.984
0
-0.519
0
-1.07
0
-0.092
0
-0.491
0
-1.522
1
1.413
0
0.472
1
0.32
0
7.335


-1.907
0
0.637
0
0.885
0
-0.654
0
-0.439
0
-0.031
0
-1.928
1
-0.158
1
0.144
0
-0.602
0
0.719
1
-0.705
0
0.134
0
-0.286
0
0.776
0
0.899
0
0.984
0
-0.634
0
2.14
0
0.818
0
-0.83
0
0.887
0
1.297
0
-0.76
1
0.043
0
-0.533
0
0.768
0
0.994
0
-0.387
1
-0.186
0
-0.72
0
0.192
0
1.413
1
0.678
0
-0.675
0
1.036
0
-1.907


0
0
0.426
0
-0.819
0
-0.999
0
0.728
0
-0.411
0
0.00100005
0
0.514
0
0.528
0
0.262
0
-0.875
0
-0.519
0
0.566
0
-0.829
0
-0.959
0
0.195
0
-0.00400001
0
0.837
0
-0.908
0
0.469
0
0.533
0
0.577
0
0.775
0
-0.762
0
-0.953
0
0.823
0
-0.723
0
-0.6
0
-0.16
0
-0.993
0
-0.306
0
0.505
0
-0.185
0
-0.943
0
0.084
0
0.309
0
0
0
0
0.694
0
0.574
0
-0.317
0
0.794
0
-0.317
0
0.126
0
0.069
0
0.234
0
0.705
0
0.396
0
-0.984
0
0.061
0
-0.905
0
0.462
0
-0.968
0
-0.852
0
-0.425
0
0.814
0
0.597
0
0.874
0
-0.064
0
0.864
0
-0.937
0
0.991
0
0.963
0
0.643
0
0.783
0
0.244
0
0.164
0
0.021
0
0.096
0
0.134
0
0.484
0
0.988
0
0.366
0
0
0
0
0.291
0
-0.698
0
0.476
0
0.189
0
0.913
0
-0.85
0
-0.394
0
0.534
0
-0.751
0
-0.322
0
-0.306
0
0.437
0
-0.819
0
0.543
0
0.215
0
-0.254
0
0.411
0
0.035
0
-0.114
0
0.567
0
-0.515
0
0.022
0
-0.083
0
-0.027
0
-0.252
0
-0.685
0
-0.91
0
0.195
0
0.709
0
0.218
0
0.063
0
0.633
0
0.127
0
0.304
0
0.434
0
0
0
0
0.807
0
0.28
0
-0.822
0
0.949
0
-0.16
0
-0.466
0
-0.872
0
0.762
0
-0.818
0
-0.616
0
0.986
0
-0.446
0
-0.355
0
0.757
0
0.884
0
0.256
0
0.211
0
-0.237
0
0.03
0
0.584
0
-0.363
0
0.207
0
-0.227
0
-0.207
0
0.957
0
-0.592
0
-0.88
0
-0.261
0
-0.421
0
0.629
0
0.839
0
0.834
0
0.634
0
0.955
0
-0.469
0
0
0
0
0.435
0
-0.23
0
-0.45
0
0.889
0
-0.716
0
0.978
0
-0.403
0
-0.756
0
-0.723
0
0.176
0
-0.876
0
0.27
0
0.605
0
-0.407
0
-0.582
0
-0.945
0
-0.601
0
-0.184
0
0.471
0
0.545
0
0.096
0
0.697
0
0.094
0
0.256
0
-0.741
0
-0.233
0
-0.963
0
0.895
0
-0.361
0
-0.863
0
-0.686
0
-0.875
0
0.615
0
0.369
0
-0.752
0
0
0
0
-0.992
0
-0.669
0
0.808
0
0.172
0
-0.94
0
0.897
0
-0.496
0
-0.667
0
0.188
0
0.929
0
0.792
0
-0.047
0
-0.258
0
0.384
0
0.094
0
-0.873
0
0.254
0
0.881
0
0.694
0
0.974
0
-0.43
0
0.692
0
-0.369
0
0.101
0
0.739
0
-0.197
0
-0.84
0
0.273
0
0.823
0
-0.103
0
-0.108
0
-0.628
0
-0.899
0
0.108
0
0.00999999
0
0
0
0
-0.211
0
-0.545
0
-0.334
0
0.544
0
-0.714
0
-0.536
0
-0.556
0
0.085
0
-0.957
0
0.187
0
-0.898
0
-0.283
0
0.811
0
-0.587
0
0.404
0
-0.224
0
-0.895
0
0.657
0
0.779
0
-0.182
0
0.086
0
-0.233
0
0.057
0
-0.158
0
-0.751
0
0.66
0
-0.471
0
0.784
0
0.77
0
0.985
0
-0.669
0
-0.028
0
-0.109
0
0.518
0
0.924
0
0
0
0
0.152
0
-0.87
0
0.806
0
-0.631
0
-0.512
0
0.683
0
0.215
0
0.389
0
-0.138
0
-0.601
0
0.571
0
0.681
0
0.174
0
-0.126
0
0.127
0
-0.598
0
-0.278
0
-0.17
0
0.026
0
0.159
0
0.208
0
0.513
0
-0.909
0
-0.518
0
-0.739
0
-0.709
0
-0.401
0
0.233
0
0.858
0
0.027
0
0.0420001
0
0.168
0
-0.674
0
0.714
0
-0.088
0
0
0
0
-0.328
0
-0.852
0
-0.857
0
-0.352
0
-0.979
0
0.489
0
0.00699997
0
-0.148
0
0.723
0
-0.616
0
-0.289
0
0.727
0
-0.094
0
-0.135
0
-0.34
0
-0.368
0
0.156
0
0.252
0
0.367
0
-0.705
0
0.715
0
-0.75
0
0.183
0
-0.043
0
-0.809
0
0.16
0
-0.315
0
-0.843
0
-0.884
0
0.837
0
-0.26
0
0.467
0
0.395
0
0.652
0
0.856
0
0
0
0
-0.812
0
0.304
0
0.213
0
0.725
0
-0.419
0
-0.929
0
0.184
0
0.58
0
0.197
0
-0.577
0
0.877
0
-0.414
0
0.309
0
0.871
0
0.00600004
0
-0.661
0
-0.858
0
0.0549999
0
0.606
0
0.232
0
0.455
0
-0.736
0
0.274
0
-0.76
0
0.595
0
-0.87
0
0.497
0
0.782
0
0.831
0
0.336
0
-0.016
0
0.343
0
-0.558
0
-0.561
0
0.32
0
0


-20.868
1
-0.676
0
-0.912
0
-0.984
1
-0.191
0
1.095
0
0.123
1
0.571
0
-0.502
0
-0.785
1
0.717
0
0.232
1
0.159
1
-0.445
1
0.53
0
0.136
0
-0.486
1
0.589
1
-0.208
1
2.574
1
0.024
0
-0.475
0
0.753
1
-0.519
1
0.249
0
0.279
0
0.736
0
0.635
1
1.553
0
0.734
0
-2.15
0
-0.092
0
-0.624
1
0.669
0
-3.652
1
0.39
0
-20.868
-1.956
0
0.314
0
-1.389
0
0.679
0
-1.789
0
-0.957
0
0.114
1
-0.109
0
0.086
0
0.473
1
-3.475
1
-0.846
1
-1.13
0
-0.032
0
0.392
0
-0.264
1
0.565
0
-1.628
0
0.419
0
-2.369
1
-0.699
1
-0.635
0
1.518
0
0.054
1
-0.356
1
-2.419
1
-0.447
0
0.318
0
-1.108
0
-0.638
0
-0.678
1
-0.55
1
-1.817
1
-0.582
0
0.944
1
0.457
0
-1.956
-1.551
1
2.052
0
-1.75
0
-0.237
0
0.557
1
-0.941
1
1.271
0
-0.997
0
-1.081
0
-0.843
0
-0.545
0
0.527
1
-0.517
0
-2.109
0
0.569
0
-1.636
1
-1.843
1
0.562
0
0.754
0
-0.378
0
0.261
1
0.779
0
-5.262
1
1.045
0
-0.801
0
-0.871
0
-0.213
0
-0.912
1
-0.894
1
0.33
0
-0.381
0
0.09
0
-0.654
1
-0.464
0
0.795
0
0.043
0
-1.551
-0.533
0
0.26
1
-0.029
1
0.214
0
0.606
0
-0.123
0
-0.486
0
0.27
0
-0.199
1
2.284
0
-0.764
1
-4.136
1
0.845
0
0.467
0
0.866
1
0.624
0
0.522
1
1.834
0
0.092
1
-0.233
1
-0.547
0
1.571
0
-0.513
0
0.875
0
0.932
0
-1.333
0
0.177
1
0.809
0
-0.572
1
0.977
0
0.637
1
0.868
0
-0.241
0
0.168
0
-0.357
0
0.266
1
-0.533
3.466
1
-1.143
0
0.202
1
0.228
0
0.709
0
0.277
0
0.333
0
0.924
0
-0.779
1
0.0420001
0
-0.948
0
-0.913
0
1.839
0
0.479
0
-1.107
0
-0.931
1
-0.383
0
-0.389
0
0.203
0
0.806
0
-0.672
0
0.879
1
-2.401
1
0.848
0
-0.551
1
1.091
0
0.102
0
2.543
1
-0.352
0
0.916
1
0.886
1
-1.958
0
3.184
1
0.068
0
0.361
0
0.335
1
3.466
2.431
1
-0.553
0
-0.087
1
-0.015
0
-0.365
1
-0.065
0
1.44
0
-0.859
0
-0.974
0
1.743
0
-0.212
1
-1.994
0
2.806
0
-2.489
0
-0.408
0
-0.408
0
0.872
0
-0.668
0
0.43
1
0.017
1
-2.27
0
2.639
1
0.071
1
0.498
0
0.027
0
-0.865
0
-1.338
0
-0.618
1
-0.445
0
0.288
1
1.431
0
2.916
0
-0.402
0
0.201
1
0.266
0
0.254
1
2.431
1.388
0
0.219
1
0.027
1
0.13
0
-1.906
0
0.391
1
-1.507
1
-2.52
0
0.865
1
0.049
0
0.832
1
0.764
1
-0.85
0
-0.923
0
-0.946
0
0.444
1
-0.987
0
0.638
0
-0.0590001
0
0.564
0
0.915
0
-1.7
1
-1.045
0
0.676
0
1.75
0
-0.253
0
-0.841
0
-0.953
1
2.464
0
-0.681
0
2.512
1
0.729
0
0.95
1
0.905
1
-0.298
1
0.528
1
1.388
1.802
0
-0.743
1
-0.049
0
-0.778
0
1.623
0
0.557
1
-0.915
0
-0.518
0
-0.804
0
1.526
0
0.699
0
-0.634
0
-1.318
0
-2.326
0
0.047
1
1.951
1
2.952
0
0.768
0
-2.299
0
-0.789
1
1.643
0
0.794
1
-0.847
0
-0.596
0
0.282
0
2.622
0
-2.392
0
-1.741
0
1.122
0
-0.572
0
-0.618
1
0.543
0
-0.063
1
-1.167
1
-0.304
0
0.844
0
1.802


4.367
0
-0.013
0
3.356
0
-0.535
0
-0.04
0
-0.311
1
0.085
1
-0.632
0
3.815
1
0.031
0
0.653
1
0.325
1
-0.621
0
-1.779
0
1.788
0
-0.92
0
-2.432
0
0.981
1
0.858
1
0.234
0
1.859
0
0.692
0
0.678
0
0.64
1
0.454
0
2.106
1
-0.221
0
1.529
0
0.763
0
0.167
1
-1.516
0
1.751
1
-2.947
0
0.168
0
-0.912
0
-0.977
0
4.367
-5.508
0
0.378
1
-0.845
1
-0.864
0
-0.88
1
1.761
0
0.818
0
-0.362
0
1.729
0
0.454
1
-0.301
0
-0.384
0
-0.916
0
1.885
1
1.38
1
-0.877
1
-1.649
0
0.206
0
-0.0769999
1
-0.33
0
-0.532
0
0.312
0
-2.62
0
-0.471
1
-0.996
0
-0.436
0
0.837
0
-0.922
1
0.867
1
-0.597
0
2.96
0
0.218
0
2.665
0
-0.383
0
0.83
0
1.199
1
-5.508
2.944
0
0.393
0
-0.528
0
-1.268
0
0.729
0
-0.0389999
1
0.577
0
0.551
0
-2.254
1
0.879
1
0.352
0
1.336
0
0.00900006
1
0.75
0
-0.147
1
0.797
0
-1.913
1
-0.005
0
-0.117
0
-0.156
0
0.808
0
0.558
1
-1.918
0
-0.829
0
0.573
0
-0.898
0
-0.902
1
-0.593
0
-0.106
0
0.33
1
2.152
0
0.485
0
-0.206
0
-2.508
1
0.115
0
-0.959
0
2.944
-4.457
0
-0.552
0
-2.497
0
-0.628
0
0.277
1
-0.066
0
-0.462
1
-0.934
1
2.762
1
0.883
1
-0.765
0
-0.435
1
0.945
0
-0.136
1
-1.121
1
-0.065
0
-1.063
0
1.177
0
-0.356
1
0.664
0
0.324
1
-0.207
0
1.595
0
0.0369999
1
0.964
0
-1.221
1
-1.096
0
-2.996
0
-0.648
0
-0.684
0
0.00100005
0
0.757
0
-0.274
1
2.667
0
0.543
1
0.254
0
-4.457
-4.562
0
0.536
1
-1.746
0
0.051
1
0.815
0
2.211
0
-0.012
0
1.533
0
-0.231
0
-0.731
0
-0.592
0
0.782
0
-0.683
0
0.459
1
-0.821
0
-0.775
1
0.485
1
0.38
1
0.845
1
2.336
0
-3.078
0
-0.63
0
0.408
0
-0.265
1
0.207
1
-0.885
0
-0.871
0
0.624
0
0.754
1
-2.068
1
-0.198
0
-0.736
1
0.496
1
1.446
0
0.464
0
-2.216
0
-4.562
3.785
1
-0.93
0
-2.391
0
0.917
0
0.6
0
-1.46
0
1.975
0
-0.698
1
2.037
0
-0.774
0
-0.634
1
1.323
0
-0.898
0
0.538
0
-0.348
0
-0.265
0
-1.733
0
0.257
1
0.466
0
-0.154
1
-0.074
1
-2.079
0
2.624
1
0.308
1
-1.31
0
0.999
0
1.525
1
0.82
1
0.573
1
0.166
0
-0.257
1
0.507
0
-2.794
1
-0.238
0
0.413
0
1.442
1
3.785
2.185
0
1.851
0
-1.815
0
0.61
1
-0.098
0
0.579
1
2.455
0
-0.649
0
0.25
0
-0.901
0
0.251
0
0.145
1
-1.161
0
-2.42
0
0.777
0
-0.627
0
-0.147
0
-1.161
1
-1.753
0
0.215
0
-0.644
1
-0.291
0
-0.858
0
-0.151
1
-0.709
1
-1.597
1
-0.885
0
0.82
0
1.808
0
-2.703
0
-0.815
0
0.282
0
0.707
1
-0.035
0
0.257
0
-0.981
0
2.185
-5.506
0
0.082
0
0.16
1
0.805
1
-0.368
1
1.285
1
-0.971
0
-0.338
1
-1.984
0
-2.531
0
-0.544
1
-0.856
0
-1.899
0
-0.193
0
2.302
1
-0.477
1
-0.111
0
-0.79
0
1.653
1
-2.683
0
-0.126
0
0.018
0
-1.446
0
-1.934
0
0.446
1
-0.252
0
-1.345
0
-0.876
1
2.843
1
-2.771
1
-0.014
0
2.533
0
-0.679
1
-0.275
0
-0.049
0
-0.149
0
-5.506


3.641
0
-0.289
1
-0.613
0
-0.462
0
-0.159
0
2.798
0
-0.971
1
-0.997
0
0.488
0
-0.424
0
-1.495
1
1.267
0
-0.793
1
0.734
0
-0.865
0
0.953
0
0.775
0
0.718
1
1.571
0
0.087
1
-0.757
0
-0.214
0
0.781
1
-0.876
1
-1.235
1
0.944
1
-1.839
0
0.547
1
-0.036
0
-1.664
1
-1.254
1
-0.277
0
0.229
0
-2.746
0
-0.843
0
0.904
1
3.641
0.704
0
0.23
0
-1.563
1
0.179
0
0.501
0
2.322
0
0.79
0
-1.515
1
-0.288
1
-0.017
1
1.9
0
-1.481
0
0.761
0
-0.937
1
-0.549
0
-0.839
1
0.358
0
-0.842
1
-0.965
1
0.462
0
-0.461
0
-1.084
0
-0.973
1
-1.259
1
-1.682
0
-0.973
0
-0.224
0
0.874
0
0.595
0
1.475
0
-2.639
1
0.264
0
-1.606
1
0.881
0
-0.997
0
-0.53
1
0.704
-11.59
0
-0.926
0
1.732
0
-0.973
0
0.892
0
0.711
0
3.097
0
-1.813
0
-2.867
0
0.777
0
0.051
0
-0.193
0
-0.959
0
2.022
1
-0.418
1
-1.584
0
0.142
0
0.685
1
-0.803
0
0.442
0
1.933
1
0.929
1
-0.988
0
0.136
0
1.597
0
0.842
0
0.83
1
-0.493
1
-0.112
0
-1.488
0
-0.299
0
0.00199997
0
0.089
1
-0.605
1
-0.687
0
-1.724
0
-11.59
-13.378
0
0.157
0
-0.462
0
-0.789
1
-0.426
0
0.4
0
0.302
0
0.216
0
0.04
0
-0.566
1
0.687
0
1.609
0
0.471
0
-0.387
0
0.487
0
-0.625
0
0.171
0
-3.989
1
-0.611
1
0.42
0
-0.135
0
-0.707
0
2.649
1
-2.164
0
-1.031
1
-0.991
1
2.791
1
-0.915
0
0.537
0
0.391
0
-0.503
1
3.984
1
-0.483
1
0.589
1
1.701
0
0.654
0
-13.378
4.612
0
-1.766
1
0.098
1
0.303
0
-0.545
1
1.837
0
-2.673
0
0.139
1
0.707
0
1.742
0
2.415
1
0.159
0
0.181
1
-0.38
0
-0.171
1
-0.646
0
0.058
0
-0.228
0
0.05
1
0.74
1
0.778
1
-0.921
0
1.618
1
-0.00499988
0
-1.542
1
0.462
0
-0.716
0
-0.855
1
0.275
1
0.27
0
2.902
0
-0.535
0
2.168
1
0.45
0
-0.758
0
0.927
1
4.612
4.295
0
0.182
1
0.479
0
-0.633
0
1.247
1
0.734
0
-0.044
0
3.048
1
0.617
0
-0.535
0
-1.02
0
-0.208
0
-2.116
0
-0.467
0
-0.231
0
-0.041
0
0.338
0
0.305
0
1.975
0
-0.168
1
-0.35
0
-1.372
1
-0.00599998
0
1.545
1
-0.459
1
0.189
0
-0.498
0
1.451
1
0.424
0
-0.851
1
0.541
1
-0.525
0
0.039
0
-0.544
0
0.716
0
-0.496
0
4.295
-16.184
1
-0.253
0
-0.385
0
-0.337
0
1.231
0
-0.035
1
-1.426
0
-0.101
1
0.303
0
-0.733
0
-0.32
0
-1.25
0
-0.16
0
-0.56
0
0.0190001
0
-0.976
0
-0.469
0
-0.343
0
0.258
0
2.044
1
-0.952
0
-2.497
1
-0.471
0
-1.543
0
-0.85
0
0.657
0
-0.734
0
0.497
0
-0.721
0
0.65
0
3.947
0
0.884
0
2.12
0
-0.396
0
-0.108
0
-0.202
0
-16.184
-1.325
1
0.545
1
-0.108
0
-2.524
0
-0.314
1
-1.774
0
0.535
0
-0.237
0
0.434
1
-0.816
0
-4.191
0
-0.572
1
-0.386
0
-0.421
0
-2.764
0
1.849
0
-0.41
0
1.427
1
-0.659
1
0.872
0
-0.249
1
-0.262
0
-0.351
1
-0.261
0
0.977
0
2.036
1
-1.709
0
0.103
0
-3.763
1
-0.115
1
-0.511
0
-0.894
0
-0.998
0
-0.755
0
0.404
1
-0.9
1
-1.325


-0.915
0
-0.513
0
-2.68
0
1.59
0
2.454
0
0.993
1
0.43
0
-0.469
1
-0.268
0
-0.07
0
0.474
1
3.187
0
-1.009
0
-1.357
0
0.909
0
-0.666
0
0.407
0
-0.271
0
-0.833
0
1.711
0
-0.187
0
0.106
0
1.306
0
-2.431
0
0.828
0
0.953
1
-0.075
0
-2.057
0
-1.987
0
-0.55
0
-1.931
0
-0.517
0
-0.625
0
-0.47
0
0.851
0
-0.389
0
-0.915
