

0
0
-0.11
0
-0.279
0
0.98
0
-0.305
0
0.824
0
-0.576
0
-0.323
0
-0.744
0
-0.509
0
0.303
0
-0.223
0
0.619
0
-0.889
0
0.233
0
-0.716
0
0.0319999
0
-0.85
0
-0.835
0
0.41
0
-0.037
0
0.224
0
-0.68
0
-0.213
0
0.238
0
0.817
0
-0.919
0
0.972
0
-0.287
0
0.938
0
0
0
0
-0.076
0
0.108
0
-0.771
0
0.763
0
0.563
0
0.931
0
-0.019
0
0.69
0
-0.341
0
0.744
0
0.198
0
0.015
0
-0.643
0
0.601
0
0.654
0
0.863
0
-0.448
0
-0.547
0
-0.282
0
-0.367
0
-0.148
0
-0.462
0
0.956
0
0.505
0
0.533
0
0.442
0
-0.286
0
-0.269
0
0.676
0
0
0
0
-0.487
0
0.492
0
0.353
0
0.069
0
-0.746
0
0.427
0
-0.544
0
0.131
0
-0.869
0
-0.08
0
-0.00800002
0
-0.437
0
-0.063
0
-0.18
0
-0.672
0
-0.65
0
-0.623
0
-0.388
0
-0.983
0
-0.937
0
0.897
0
0.838
0
-0.388
0
0.349
0
0.336
0
-0.271
0
-0.286
0
0.189
0
0.00300002
0
0
0
0
-0.176
0
-0.687
0
-0.907
0
0.79
0
0.233
0
-0.564
0
-0.24
0
0.711
0
-0.247
0
0.321
0
0.27
0
0.731
0
-0.362
0
0.482
0
0.627
0
0.099
0
-0.535
0
0.657
0
-0.165
0
0.554
0
0.648
0
-0.256
0
-0.288
0
0.099
0
0.564
0
-0.649
0
-0.964
0
0.594
0
-0.877
0
0
0
0
-0.866
0
-0.512
0
0.859
0
-0.987
0
-0.251
0
-0.607
0
0.95
0
-0.63
0
0.624
0
-0.439
0
0.316
0
-0.498
0
0.617
0
0.88
0
-0.295
0
0.568
0
0.731
0
-0.56
0
0.808
0
-0.826
0
-0.76
0
-0.559
0
-0.392
0
-0.093
0
0.433
0
0.727
0
-0.409
0
0.987
0
-0.031
0
0
0
0
-0.946
0
0.234
0
-0.457
0
0.625
0
0.564
0
-0.283
0
-0.027
0
0.253
0
-0.224
0
0.9
0
0.33
0
-0.861
0
0.36
0
0.235
0
-0.273
0
0.013
0
-0.924
0
0.35
0
0.545
0
-0.865
0
0.532
0
-0.052
0
-0.214
0
-0.497
0
-0.041
0
0.125
0
0.0319999
0
-0.632
0
-0.087
0
0
0
0
-0.303
0
-0.308
0
0.935
0
0.829
0
-0.182
0
0.315
0
0.415
0
-0.691
0
-0.314
0
0.603
0
-0.678
0
0.436
0
0.624
0
0.915
0
-0.904
0
0.3
0
-0.297
0
-0.242
0
-0.602
0
-0.81
0
-0.021
0
-0.322
0
0.173
0
-0.453
0
-0.131
0
0.579
0
-0.305
0
0.0369999
0
0.962
0
0
0
0
0.319
0
-0.887
0
0.397
0
0.796
0
-0.982
0
-0.387
0
0.162
0
0.953
0
0.257
0
0.252
0
-0.35
0
-0.549
0
-0.609
0
-0.199
0
-0.504
0
0.408
0
0.704
0
-0.577
0
0.558
0
-0.373
0
-0.459
0
0.423
0
-0.437
0
-0.588
0
0.268
0
-0.036
0
0.655
0
-0.256
0
-0.864
0
0
0
0
-0.422
0
-0.42
0
-0.429
0
-0.648
0
0.226
0
-0.922
0
-0.541
0
-0.816
0
-0.627
0
0.586
0
0.998
0
0.59
0
0.926
0
-0.301
0
-0.329
0
0.222
0
-0.46
0
-0.51
0
0.941
0
-0.866
0
0.563
0
-0.328
0
-0.022
0
0.468
0
0.551
0
0.71
0
-0.302
0
0.949
0
0.182
0
0
0
0
0.13
0
-0.074
0
0.476
0
-0.986
0
-0.619
0
0.176
0
-0.887
0
0.772
0
0.557
0
0.179
0
-0.722
0
0.395
0
0.503
0
-0.837
0
-0.231
0
0.274
0
0.702
0
-0.445
0
-0.807
0
0.376
0
0.244
0
-0.648
0
0.182
0
0.731
0
-0.303
0
0.64
0
0.847
0
-0.199
0
0.09
0
0


-21.838
1
-17.192
0
-25.83
0
7.08
0
-9.495
0
-4.75
0
-12.411
0
6.021
1
-12.227
0
-8.393
0
5.333
0
2.694
0
-0.543
1
19.086
1
-32.346
0
-3.393
0
-0.243
1
-6.933
1
-15.425
1
-7.67
1
-0.937
1
-8.132
1
-5.762
0
-1.66
0
-37.078
1
12.518
0
-0.278
1
-11.596
0
-10.761
1
-5.575
0
-21.838
-16.195
1
-9.424
1
-11.515
1
-8.32
1
-5.101
0
4.022
1
-26.704
0
6.806
0
3.313
1
-6.19
0
-6.123
0
-2.696
0
1.313
0
-24.872
1
-46.05
1
-15.943
0
-21.884
1
-39.237
0
-11.269
0
-9.134
1
1.396
0
-24.506
0
-18.974
1
-12.432
0
0.109
0
1.631
1
-23.083
1
-8.383
1
-35.451
1
-21.518
0
-16.195
-15.435
0
-0.244
1
-13.116
0
-8.063
0
-18.264
1
6.003
1
-10.051
1
-8.852
1
7.187
0
-12.27
1
-15.222
0
-7.315
1
2.215
1
-10.22
1
1.575
1
-5.359
1
22.54
1
-9.727
1
10.425
0
-2.876
0
-1.375
0
-20.669
1
-6.468
1
-5.755
0
-15.46
0
-0.849
1
-5.972
1
1.981
1
-25.528
0
-1.888
1
-15.435
-7.89
1
1.818
1
-8.099
0
-9.936
1
1.057
1
-17.614
0
-12.713
0
6.173
1
-21.104
0
-5.241
0
-3.398
0
0.893
1
-28.371
1
3.293
1
-17.83
1
16.203
0
3.675
1
-0.422
0
0.059
1
-22.891
1
-24.364
0
-7.94
0
-16.123
1
-5.811
0
-35.089
1
-12.343
0
-5.813
1
-3.118
1
1.267
0
-12.385
0
-7.89
-21.563
0
-6.247
0
-0.835
1
-1.253
1
7.781
0
-1.973
1
-14.787
1
-5.631
1
-6.828
1
-25.117
1
-5.319
1
-2.245
1
-13.443
1
-17.804
1
-0.575
1
8.497
0
-0.944
1
7.169
1
-37.904
0
4.126
1
0.947
0
13.485
1
-4.823
0
-8.355
0
-0.35
1
9.89
0
1.399
1
1.534
0
-5.241
0
-6.145
1
-21.563
-13.138
0
2.437
1
-6.754
1
1.799
0
-17.222
1
-13.664
0
-3.595
1
-16.377
1
7.151
1
-3.741
1
-19.641
0
7.421
0
-9.417
0
15.414
0
-18.179
1
-30.713
1
5.35
1
-32.608
0
-7.073
0
1.685
1
-13.05
0
8.397
1
-25.239
1
-12.346
0
-2.504
0
-0.67
1
-31.292
1
-0.263
0
-17.497
0
1.537
0
-13.138


-39.804
1
-9.656
1
-13.681
0
-26.95
1
-17.341
0
-23.713
1
-1.129
0
8.499
0
-4.998
1
3.996
0
-59.297
0
-15.132
0
0.645
1
-3.946
1
-2.258
1
-1.314
1
-17.887
1
-17.744
0
-8.859
1
-1.112
1
-0.033
1
-4.018
0
-23.661
0
-8.955
0
0.255
0
19.187
1
-20.077
0
8.491
0
-0.602
1
-7.884
0
-39.804
-34.17
1
-6.189
0
-2.168
1
3.993
1
-18.742
1
-14.682
0
3.639
1
-11.865
0
-11.493
0
-21.372
1
-2.091
0
-14.488
0
-11.794
1
3.042
1
-4.881
1
-17.124
0
-4.135
0
4.641
0
-5.974
0
0.545
1
1.437
0
-8.883
0
-11.815
0
-17.638
0
11.484
0
-4.557
1
-5.344
0
-6.831
0
5.247
1
-8.319
0
-34.17
-11.446
1
7.315
0
-17.6
1
1.592
1
-13.14
1
6.117
1
6.36
1
-24.977
0
-11.899
0
11.328
0
-8.8
0
0.577
0
0.366
0
-10.143
1
14.67
0
-8.174
1
-7.902
1
-13.712
0
-7.681
1
-4.611
0
-17.084
1
-19.366
0
-5.725
0
-17.421
1
-14.875
0
2.232
0
-0.675
0
-27.427
0
-18.312
0
13.341
1
-11.446
-15.932
1
-17.097
0
-18.917
0
-1.531
0
-12.775
1
-81.266
1
-2.378
0
18.913
1
11.615
1
-3.787
0
1.639
1
-15.306
1
-22.177
0
0.271
0
-5.257
1
-3.81
0
-33.471
0
-23.121
1
-18.172
0
-29.472
0
-18.616
0
-13.11
1
-12.468
0
4.829
0
-1.763
1
-10.821
1
-33.623
1
-13.718
1
10.875
0
0.834
0
-15.932
-1.952
0
-10.032
1
-2.281
1
-14.732
0
-3.741
1
17.62
0
0.445
0
-4.824
0
8.172
0
-6.995
1
-20.253
0
-6.804
0
-14.901
0
2.616
1
-22.699
1
-6.12
0
-6.068
1
-15.197
0
-5.302
0
-8.301
0
-4.025
0
-0.162
1
-9.255
0
-2.509
1
1.761
1
-5.632
0
-18.257
0
-20.437
0
-25.871
1
-19.709
0
-1.952
-7.572
1
15.007
1
-18.826
0
-4.996
0
-14.622
1
0.82
0
-26.742
1
-27.015
1
-4.682
1
-3.275
0
-16.292
0
-29.339
1
-19.839
1
4.196
0
2.775
1
-1.314
0
4.047
1
-12.207
0
-18.919
0
7.03
1
-36.608
0
-1.502
1
-16.924
0
-2.33
0
7.98
0
-0.853
0
-2.469
1
1.426
0
-0.651
1
3.459
0
-7.572


2.998
1
-19.153
1
-17.163
1
-17.962
0
-22.54
0
-20.308
1
-13.143
1
-44.314
1
-9.136
0
9.585
0
-36.356
1
-18.279
1
-8.151
0
-12.016
1
-8.756
0
-6.975
0
-20.691
1
-15.474
1
-16.729
1
9.029
1
-0.777
1
-10.143
1
-6.709
1
-31.687
1
-5.773
1
-0.81
1
2.987
0
0.356
1
6.809
0
-5.018
0
2.998
13.3
0
2.188
0
-7.81
0
-0.428
0
0.251
0
3.307
0
-14.872
1
-7.854
1
3.822
1
1.559
1
-16.7
1
-17.48
1
-29.752
0
-2.392
1
-0.594
0
-12.12
1
-5.862
0
-0.755
0
0.612
0
-15.453
1
14.424
0
-0.165
0
-17.214
1
-3.476
0
-3.138
1
-10.821
0
-1.28
0
-8.627
0
-9.396
1
-9.31
0
13.3
-13.995
0
10.141
1
17.524
1
-0.343
1
-1.476
1
-11.901
0
-12.835
1
-37.806
0
-3.859
1
-12.408
0
-13.387
1
-3.724
0
0.688
0
-14.851
1
-22.065
0
2.213
1
0.687
1
-5.493
1
-3.054
1
-45.991
1
-6.779
1
-46.761
0
1.148
0
-6.155
0
2.913
0
-13.063
0
-6.182
1
6.944
0
-27.547
0
8.363
0
-13.995
-19.119
0
-17.677
1
-3.201
0
-3.761
1
-5.292
0
-0.825
1
-2.101
0
-29.291
1
2.302
1
-15.836
0
-0.565
0
-9.851
0
3.05
0
3.59
1
-4.245
0
-32.1
1
2.486
0
-22.885
0
-8.99
0
4.631
1
-5.577
1
9.807
1
-3.098
0
-0.614
0
3.734
0
-0.085
0
-14.491
1
-25.34
1
-8.654
0
16.156
0
-19.119
-15.057
1
-14.2
0
4.609
0
-5.529
1
4.371
0
-21.298
1
4.712
1
2.639
0
6.993
0
-0.362
0
-18.426
1
6.204
1
-29.006
0
4.702
0
10.33
0
0.25
1
-3.412
1
-25.158
0
-18.367
0
-13.145
0
-6.89
1
-8.857
0
-32.113
0
24.374
1
-5.679
1
-31.266
1
-20.837
1
9.251
1
-10.211
1
-17.039
1
-15.057
-36.129
0
-0.086
1
-20.73
0
-9.532
1
-23.637
1
1.936
0
-7.499
0
-17.812
1
8.945
0
6.412
1
1.489
1
10.859
0
0.493
0
-2.332
0
-37.14
1
-13.991
1
5.969
0
0.986
0
-5.384
0
1.193
0
-28.565
1
-26.526
1
-7.608
1
-4.234
0
4.878
0
-4.578
0
3.137
0
5.323
1
-7.752
1
-20.607
1
-36.129


-1.382
0
-0.299
0
0.742
0
-0.71
0
0.15
0
-0.26
0
-0.05
0
0.142
0
0.059
1
-0.768
0
-0.285
1
-27.977
0
0.0700001
0
-0.732
0
-6.329
0
-0.342
0
0.839
0
0.386
0
0.335
0
-0.323
0
0.495
0
-0.726
0
0.824
0
0.609
0
-0.425
1
-1.417
0
0.041
0
-0.809
0
0.641
0
0.423
1
-1.382


0
0
-0.293
0
0.217
0
0.801
0
0.099
0
-0.438
0
0.862
0
-0.395
0
0.23
0
0.752
0
0.716
0
-0.454
0
0.735
0
-0.695
0
-0.238
0
0.081
0
-0.91
0
-0.113
0
0.137
0
-0.934
0
0.679
0
0.389
0
-0.449
0
0.242
0
-0.846
0
0.805
0
-0.19
0
-0.358
0
0.883
0
0.12
0
0
0
0
0
0
0.519
0
-0.85
0
0.791
0
-0.16
0
-0.561
0
0.959
0
-0.623
0
-0.231
0
-0.774
0
0.167
0
-0.449
0
-0.821
0
-0.036
0
0.903
0
-0.00199997
0
0.575
0
-0.709
0
-0.212
0
0.488
0
0.603
0
-0.493
0
0.084
0
-0.094
0
0.951
0
0.393
0
0.864
0
0.00899994
0
0.133
0
0
0
0
0.334
0
0.684
0
0.0700001
0
0.985
0
0.254
0
0.933
0
0.697
0
-0.174
0
0.407
0
0.218
0
-0.166
0
0.305
0
0.072
0
0.364
0
0.00699997
0
0.937
0
0.745
0
-0.924
0
-0.24
0
-0.84
0
-0.597
0
-0.852
0
-0.549
0
0.846
0
-0.607
0
0.366
0
0.934
0
0.704
0
0.911
0
0
0
0
0.6
0
-0.078
0
0.02
0
-0.367
0
-0.673
0
0.56
0
-0.068
0
0.176
0
0.366
0
0.481
0
-0.511
0
-0.505
0
0.721
0
-0.562
0
-0.969
0
0.32
0
0.461
0
0.089
0
0.249
0
0.66
0
0.644
0
0.99
0
0.514
0
-0.189
0
0.022
0
0.184
0
-0.849
0
-0.938
0
0.554
0
0
0
0
-0.702
0
0.222
0
0.031
0
0.815
0
0.368
0
0.891
0
-0.076
0
0.683
0
0.22
0
-0.26
0
-0.458
0
-0.826
0
0.555
0
-0.192
0
0.984
0
-0.939
0
-0.24
0
-0.738
0
-0.506
0
-0.107
0
0.176
0
-0.887
0
0.198
0
0.965
0
-0.316
0
0.516
0
-0.083
0
-0.957
0
0.831
0
0
0
0
0.00300002
0
-0.815
0
-0.109
0
0.974
0
0.631
0
-0.981
0
0.867
0
-0.429
0
0.636
0
-0.86
0
-0.637
0
0.927
0
-0.383
0
-0.756
0
0.437
0
0.895
0
0.398
0
0.687
0
-0.014
0
0.585
0
0.562
0
-0.853
0
-0.994
0
0.061
0
-0.867
0
0.902
0
-0.209
0
-0.069
0
-0.544
0
0
0
0
0.789
0
-0.751
0
0.802
0
-0.688
0
0.454
0
-0.989
0
0.986
0
0.783
0
0.804
0
0.838
0
0.289
0
-0.02
0
-0.03
0
0.379
0
-0.926
0
0.585
0
-0.103
0
0.282
0
0.196
0
0.465
0
-0.551
0
0.487
0
-0.000999987
0
0.94
0
0.154
0
0.483
0
-0.736
0
-0.432
0
-0.745
0
0
0
0
-0.167
0
-0.723
0
0.278
0
0.382
0
0.284
0
-0.128
0
-0.821
0
-0.748
0
-0.424
0
0.239
0
0.401
0
0.219
0
-0.177
0
-0.135
0
-0.07
0
-0.713
0
0.404
0
0.497
0
0.626
0
-0.343
0
0.629
0
0.03
0
-0.116
0
-0.958
0
-0.294
0
0.597
0
-0.227
0
-0.388
0
-0.642
0
0
0
0
-0.299
0
0.894
0
-0.107
0
-0.502
0
0.893
0
-0.672
0
0.323
0
0.807
0
0.69
0
0.358
0
0.269
0
0.804
0
-0.246
0
0.147
0
-0.196
0
-0.505
0
-0.366
0
-0.851
0
-0.724
0
-0.9
0
0.404
0
-0.877
0
-0.96
0
0.185
0
0.942
0
0.433
0
-0.409
0
-0.332
0
-0.784
0
0
0
0
-0.556
0
-0.347
0
-0.331
0
0.646
0
-0.619
0
0.039
0
-0.013
0
-0.937
0
0.32
0
0.525
0
-0.656
0
-0.635
0
0.825
0
0.918
0
0.464
0
-0.398
0
0.747
0
0.058
0
-0.212
0
0.132
0
-0.255
0
0.51
0
-0.075
0
0.584
0
0.503
0
-0.983
0
0.729
0
0.647
0
0.129
0
0


-19.828
0
-22.461
1
-4.302
1
5.146
1
-15.601
1
6.484
0
-3.051
1
-35.009
0
-0.502
0
-0.711
1
-20.077
0
-0.738
1
-14.447
1
-23.432
0
-16.724
0
-5.372
1
-11.562
0
-8.916
0
-6.884
1
-19.707
1
-21.821
1
-1.955
1
0.403
1
-30.387
1
-21.208
1
-1.914
0
-1.744
1
8.963
1
-11.434
0
-1.553
1
-19.828
3.736
0
0.673
0
-0.929
0
-2.774
1
-2.158
0
0.498
0
-0.229
0
-0.791
0
0.0319999
1
2.78
0
1.898
0
6.35
0
-17.522
1
-4.215
0
-6.372
0
4.63
1
-8.371
1
19.878
1
-17.071
1
21.741
1
8.509
1
-4.343
1
8.265
0
0.501
1
-20.827
0
-0.347
1
-28.211
1
-7.528
1
-13.869
1
-2.177
1
3.736
-5.668
0
0.213
1
-9.385
1
-12.982
0
-6.168
1
-37.794
0
-8.069
1
22.785
1
-20.323
1
-13.014
0
0.33
1
-11.685
1
-4.013
0
20.013
1
1.552
1
-15.366
1
14.434
1
-14.699
0
-0.428
0
-13.96
1
-16.76
1
-1.378
0
-11.098
1
-3.034
0
-23.474
0
-5.885
0
-4.682
1
6.946
0
-1.473
1
11.86
0
-5.668
17.406
1
-1.989
1
-4.29
1
4.329
1
23.82
1
19.628
0
-17
1
2.153
1
-19.264
1
-30.258
1
-31.79
1
-7.628
1
-19.788
1
-40.024
0
-27.325
0
-1.831
1
28.954
1
-4.961
1
-9.544
0
-6.163
0
7.842
0
7.178
0
0.415
0
11.793
1
-1.299
1
-39.898
0
-25.544
0
-21.087
1
27.527
0
-2.851
1
17.406
-27.911
1
18.021
1
11.153
0
-10.172
0
-30.485
0
13.283
1
-10.424
1
17.021
1
-14.462
0
-5.061
1
2.637
1
-19.823
1
-15.677
0
2.588
0
-6.331
1
10.519
1
-12.406
1
-4.449
1
-30.14
1
13.819
0
9.656
1
-8.96
1
-8.525
0
3.574
0
-4.755
1
-9.36
1
5.988
0
-26.466
0
20.51
0
-21.045
0
-27.911
-17.133
1
-21.496
1
-7.626
1
6.854
1
-1.686
1
22.824
0
-15.77
0
-16.472
1
-14.863
0
-17.213
1
-2.793
0
-9.618
1
-7.656
1
-23.885
1
-15.806
1
-43.679
1
-23.09
1
-16.9
1
-12.106
1
-25.1
1
2.515
0
0.698
0
12.78
1
4.365
0
-14.303
0
-19.523
0
-21.254
1
-53.844
0
-7.276
0
-5.464
0
-17.133


-0.124
1
-16.93
1
1.439
1
1.741
1
-5.468
1
3.887
1
-4.151
1
-24.001
1
-17.153
0
-29.107
0
-2.897
1
2.626
1
-24.669
0
-13.264
0
-3.267
0
-0.897
0
-8.844
1
-2.559
0
-6.982
0
-10.654
1
-3.623
0
-4.559
0
-0.864
1
-3.572
1
-7.101
1
7.004
0
-4.694
1
17.069
0
12.132
0
-24.417
0
-0.124
-14.769
1
5.295
0
0.28
1
-3.056
1
-9.849
0
2.07
1
14.467
0
-3.026
0
-17.679
1
-11.996
0
0.929
1
1.221
0
-0.845
0
-10.388
1
-13.083
0
-8.925
1
-9.439
1
-7.985
0
31.068
1
6.866
1
-6.684
1
2.768
1
7.17
1
28.553
1
12.551
1
-15.002
0
-3.074
0
-12.438
0
-6.882
1
-24.842
0
-14.769
-2.792
0
9.841
1
0.195
1
-9.214
0
22.179
0
0.957
1
-19.987
1
-8.044
0
0.959
0
-8.854
1
-5.921
0
-5.674
1
4.478
1
-15.273
0
-5.694
0
-3.171
1
-7.191
1
-10.748
0
-6.826
1
-6.503
0
-0.837
0
1.541
0
-4.081
0
-2.817
0
-19.923
1
-33.684
1
6.212
1
24.839
1
19.715
0
1.186
1
-2.792
-28.583
1
0.112
1
-11.877
1
-14.112
1
-5.192
1
-8.258
1
2.255
1
6.695
1
-2.503
1
-4.558
0
-11.919
0
-5.48
1
-4.778
0
5.869
1
8.321
1
-13.773
0
0.031
1
-9.608
0
0.333
1
-3.571
1
-9.137
1
7.883
0
-0.869
1
-15.971
0
4.327
0
4.939
0
4.152
0
-20.623
0
-20.251
0
-8.183
0
-28.583
-0.009
1
-18.396
1
-8.104
1
9.85
1
-19.28
0
-0.74
0
-1.566
0
-7.981
1
-30.861
1
-34.328
1
23.796
0
-1.711
1
-28.835
0
7.332
1
5.534
1
-6.172
0
-2.572
0
11.454
0
3.019
1
-10.393
1
-15.099
1
-4.918
0
-16.413
0
13.963
0
2.335
0
-22.662
0
-4.256
1
-7.474
1
23.854
1
-6.642
0
-0.009
-1.255
1
-20.096
1
6.556
1
9.669
0
9.086
0
-12.352
0
1.728
0
15.161
1
15.651
1
-15.538
0
-1.303
0
-13.539
1
-32.319
0
-3.172
1
6.904
0
-6.328
1
-5.211
1
1.572
0
0.819
1
-8.283
0
-34.516
0
6.377
0
-0.714
1
7.588
0
-4.714
0
-2.308
0
-7.184
1
-12.9
1
11.195
0
2.026
1
-1.255


-16.783
1
0.283
1
-11.978
0
-0.684
1
12.761
0
-1.508
0
-21.627
0
-2.014
0
-9.235
1
35.194
1
-25.551
1
-4.869
1
-22.716
0
-15.688
1
5.477
1
-23.167
1
-24.138
0
-13.095
1
10.465
1
-2.086
1
25.118
1
-3.62
0
-9.236
0
4.946
1
-28.217
0
-27.086
1
-7.864
0
-3.032
0
-3.335
0
-0.789
0
-16.783
-39.975
0
-26.594
1
9.205
0
-3.066
1
-24.364
1
-24.822
0
0.843
0
-16.619
0
-6.372
1
3.129
1
20.548
1
5.067
0
-29.714
0
1.646
0
12.532
1
5.743
1
11.562
1
-29.033
1
-19.43
0
-7.156
1
-14.955
1
15.885
1
-21.591
1
-18.273
1
4.455
0
1.694
1
-3.904
1
-17.748
1
-5.144
0
-28.459
0
-39.975
-6.106
0
-0.635
0
-7.884
1
-15.953
0
-9.606
1
-7.353
1
-10.089
1
-0.361
1
-5.371
0
-22.732
1
-13.883
0
-5.507
0
0.924
1
-9.622
1
-13.612
0
-3.629
0
-22.985
1
12.239
1
9.303
1
20.405
0
4.085
0
0.596
0
-0.336
0
-0.817
0
11.198
1
-9.654
1
-9.593
0
-0.864
1
-6.826
0
-0.229
0
-6.106
-16.065
1
1.075
0
7.329
0
-9.519
0
-5.921
0
-5.495
1
-23.631
0
0.278
0
-13.648
0
-5.464
0
1.034
1
2.247
0
-21.928
0
10.77
1
-3.939
0
6.289
0
-4.116
0
-29.29
0
-12.851
0
4.223
1
-15.106
0
-9.031
0
-8.257
1
-30.965
1
-5.898
1
-29.829
0
0.071
1
-6.595
0
6.608
0
-5.662
0
-16.065
-15.37
0
-17.834
1
11.536
1
-16.206
0
-9.473
0
-39.581
0
-25.244
0
-18.748
1
-14.338
0
-15.685
0
-13.907
0
-11.684
1
-18.25
0
-1.153
1
2.291
0
-6.445
0
-2.116
0
11.251
1
-15.579
0
8.918
1
6.882
1
-6.321
1
-8.447
0
12.147
1
10.705
0
15.174
1
-1.961
0
-11.952
1
-23.739
1
1.848
1
-15.37
-41.752
0
-13.37
1
-1.681
0
-2.332
0
-3.245
0
4.492
1
-0.241
0
14.795
1
-2.419
1
4.019
1
-20.622
0
-19.601
0
-13.862
0
-24.316
0
-27.599
0
-1.673
0
3.256
0
-13.765
1
-29.78
1
1.408
0
0.068
0
6.24
0
2.351
1
24.445
1
-14.16
0
-8.364
1
-13.712
0
-16.641
1
-13.733
1
-36.119
0
-41.752


-2.994
0
-0.952
0
0.569
0
-0.424
1
8.093
1
-1.889
1
0.419
0
0.259
0
-0.402
0
0.276
1
-0.333
1
-6.86
1
-1.809
1
-4.091
0
-0.393
1
1.074
0
-0.384
0
-0.461
0
0.572
0
0.856
0
0.395
1
-4.795
1
0.594
0
0.783
0
-0.269
1
-2.271
0
0.7
0
0.635
0
-0.695
0
-0.483
1
-2.994


0
0
0.255
0
0.615
0
0.484
0
0.286
0
-0.979
0
-0.161
0
0.556
0
0.87
0
-0.895
0
-0.171
0
0.266
0
0.0599999
0
-0.711
0
0.537
0
-0.863
0
0.305
0
-0.00700003
0
0.518
0
0.107
0
-0.79
0
-0.919
0
-0.659
0
-0.293
0
0.477
0
0.703
0
-0.878
0
-0.99
0
-0.068
0
0.206
0
0
0
0
-0.941
0
-0.177
0
0.915
0
0.33
0
0.765
0
-0.753
0
-0.786
0
0.995
0
-0.613
0
-0.967
0
-0.694
0
-0.41
0
0.071
0
0.469
0
-0.759
0
-0.606
0
0.934
0
0.178
0
-0.934
0
0.923
0
0.092
0
-0.321
0
-0.082
0
-0.724
0
0.165
0
0.672
0
-0.485
0
0.768
0
0.945
0
0
0
0
0.00300002
0
0.735
0
0.306
0
0.712
0
-0.107
0
0.541
0
-0.852
0
0.554
0
0.095
0
-0.529
0
-0.09
0
0.066
0
-0.871
0
0.0140001
0
0.43
0
-0.43
0
0.891
0
-0.013
0
0.208
0
-0.053
0
-0.109
0
-0.316
0
-0.875
0
-0.496
0
0.854
0
0.702
0
0.218
0
-0.437
0
-0.358
0
0
0
0
-0.768
0
0.195
0
0.343
0
0.126
0
-0.305
0
0.764
0
-0.809
0
0.492
0
-0.323
0
0.601
0
-0.919
0
0.046
0
-0.475
0
-0.709
0
0.857
0
-0.00300002
0
-0.918
0
0.516
0
0.0650001
0
0.013
0
-0.735
0
0.892
0
0.842
0
-0.046
0
-0.243
0
0.13
0
-0.013
0
0.612
0
0.715
0
0
0
0
-0.000999987
0
0.607
0
-0.985
0
-0.732
0
-0.979
0
-0.85
0
-0.423
0
-0.989
0
-0.488
0
-0.386
0
-0.391
0
0.817
0
-0.933
0
-0.533
0
0.452
0
-0.945
0
0.153
0
-0.517
0
-0.491
0
0.871
0
0.368
0
-0.044
0
-0.691
0
0.374
0
0.559
0
-0.916
0
0.376
0
0.553
0
0.598
0
0
0
0
0.731
0
0.604
0
0.523
0
-0.969
0
-0.93
0
-0.265
0
0.431
0
-0.302
0
0.856
0
0.135
0
0.613
0
0.103
0
-0.848
0
0.212
0
0.972
0
0.796
0
0.393
0
0.81
0
-0.772
0
-0.539
0
-0.946
0
-0.942
0
0.556
0
0.496
0
-0.354
0
-0.669
0
0.805
0
0.288
0
-0.885
0
0
0
0
0.855
0
-0.435
0
0.707
0
-0.341
0
-0.374
0
0.716
0
0.626
0
-0.28
0
-0.768
0
0.606
0
0.146
0
-0.166
0
0.955
0
0.27
0
0.194
0
0.72
0
0.938
0
-0.626
0
0.809
0
-0.78
0
-0.146
0
-0.866
0
-0.822
0
-0.335
0
-0.693
0
0.285
0
0.054
0
0.224
0
0.145
0
0
0
0
0.339
0
-0.388
0
0.255
0
-0.00400001
0
0.374
0
-0.391
0
0.279
0
-0.936
0
0.803
0
-0.213
0
-0.369
0
0.096
0
0.725
0
-0.148
0
0.69
0
-0.661
0
-0.241
0
0.999
0
0.599
0
-0.083
0
-0.419
0
-0.714
0
0.27
0
0.672
0
0.251
0
-0.665
0
0.937
0
0.208
0
-0.139
0
0
0
0
0.11
0
0.847
0
-0.204
0
0.761
0
0.317
0
-0.218
0
0.604
0
-0.457
0
0.497
0
-0.474
0
-0.294
0
-0.144
0
0.393
0
0.878
0
-0.86
0
-0.891
0
-0.246
0
0.433
0
0.603
0
-0.149
0
-0.402
0
0.878
0
-0.826
0
0.567
0
-0.74
0
-0.654
0
0.908
0
0.81
0
0.202
0
0
0
0
0.878
0
0.881
0
-0.142
0
0.63
0
-0.702
0
-0.784
0
0.674
0
0.123
0
-0.141
0
0.915
0
0.875
0
0.535
0
0.236
0
0.677
0
-0.131
0
0.745
0
-0.37
0
0.852
0
-0.082
0
0.878
0
0.243
0
-0.524
0
0.895
0
-0.875
0
0.464
0
-0.329
0
0.046
0
-0.142
0
-0.934
0
0


8.464
0
0.609
1
-16.933
1
7.181
0
0.646
0
0.892
1
2.005
1
-8.595
0
-1.624
1
-11.433
0
-0.187
1
-0.255
0
-9.451
0
-1.661
1
-30.571
1
-7.06
0
-0.847
1
-5.055
1
-7.04
1
16.893
1
-19.945
1
-4.088
1
-32.962
1
-3.541
1
5.792
1
5.354
1
-13.723
0
2.695
0
-20.991
1
-9.844
1
8.464
3.372
1
-20.381
0
2.745
0
3.841
0
-6.411
1
-9.95
1
3.386
0
-16.903
1
-4.736
1
-43.073
0
-2.756
1
-21.907
0
-0.734
1
-2.284
1
-21.881
1
-21.99
1
5.025
0
-25.49
1
-42.461
1
3.974
1
-14.012
1
11.028
1
-2.394
0
7.384
0
-17.814
0
-25.415
0
-4.609
0
7.438
1
10.547
1
-7.782
1
3.372
8.814
1
-6.169
0
2.871
0
-0.243
1
-23.582
0
-12.549
1
2.113
1
-43.617
1
12.223
0
14.363
1
-12.362
0
5.592
1
3.545
0
-23.709
0
-21.842
0
-0.327
0
-32.634
0
-9.695
1
2.973
0
4.518
1
-4.807
0
-34.539
0
18.987
0
-25.913
0
-7.166
1
4.864
1
-19.032
1
-0.096
1
-20.499
1
-29.191
1
8.814
-6.884
0
-19.032
0
0.786
0
0.122
1
-23.583
1
-3.204
1
-31.325
1
-5.695
0
-2.624
0
15.058
0
-0.91
0
-13.394
1
4.875
1
-3.678
0
-11.275
1
-12.327
1
-5.818
1
-14.232
1
-9.789
0
2.316
0
-1.853
1
11.654
1
-9.518
0
6.068
1
-16.788
1
-6.844
1
-5.563
0
-0.867
1
-0.848
0
2.284
1
-6.884
-9.407
0
-14.205
0
-14.208
1
-28.155
0
-2.113
1
-3.451
0
-1.42
0
4.868
1
-8.207
1
-29.642
0
7.39
0
-6.097
0
-14.819
0
-22.778
1
-0.43
0
-6.138
0
11.191
0
0.91
0
-10.535
0
-20.143
0
1.096
0
7.954
0
0.665
0
10.936
0
-17.996
1
-19.124
0
-7.992
1
-14.486
0
18.344
0
3.561
0
-9.407
-7.056
0
-7.064
0
-2.94
0
-19.467
1
-21.908
0
-18.349
1
1.889
0
-11.838
0
0.686
0
-5.212
1
-30.461
0
-6.355
1
-15.908
1
-5.948
1
-12.778
1
-16.159
1
-3.826
0
-4.553
0
-18.042
0
-4.676
1
-6.546
1
-9.232
0
17.658
1
-3.391
0
-9.285
0
-11.749
1
-5.118
1
11.444
1
-49.761
0
-33.269
1
-7.056


0.361
0
0.976
0
-0.893
0
0.61
0
-0.575
1
-7.034
0
0.8
0
0.383
1
-0.015
0
-0.703
0
-0.714
1
-14.093
1
1.079
1
-0.202
1
-0.378
1
-0.529
0
-0.725
0
-0.761
1
-12.087
1
-1.692
0
13.046
1
-41.782
1
15.945
1
-21.443
1
4.305
0
-2.729
0
-0.458
0
-7.318
0
-5.707
1
-18.663
1
0.361
2.214
0
-14.089
1
-10.909
1
-5.263
0
-12.716
0
3.229
0
3.619
0
-9.381
1
-12.291
1
-4.343
0
-0.702
0
3.756
1
-12.063
1
-23.581
0
-7.579
0
-19.562
0
-12.07
0
18.902
1
-33.118
0
-4.342
1
-17.315
1
-10.721
1
-5.214
1
16.922
1
19.226
1
-7.069
0
2.459
0
0.1
0
-37.291
0
-15.79
1
2.214
13.495
0
-3.59
1
-26.786
0
-4.383
0
1.129
1
-9.202
1
-7.171
1
-4.481
0
-7.541
1
6.801
0
-1.451
0
3.427
1
-18.968
0
-0.975
1
7.123
0
-10.576
1
11.684
1
-27.009
0
-3.3
0
5.728
0
-2.864
1
6.224
0
-10.805
1
-9.051
1
-6.853
1
-14.315
1
-1.955
1
-25.148
0
-13.914
1
-41.462
1
13.495
-28.547
0
-22.425
1
-42.76
0
-6.762
0
-6.463
1
-31.318
0
-9.662
0
-13.332
1
-21.516
0
4.194
1
-7.756
1
-14.661
0
-13.823
0
-5.991
0
-10.013
1
-12.876
0
-6.342
1
6.537
1
1.682
0
-2.899
1
-1.999
1
-8.875
1
-14.069
1
-7.043
1
4.369
1
-23.124
1
-9.178
1
6.029
0
-1.382
0
-3.641
0
-28.547
-22.289
0
-10.561
0
-6.419
0
-2.134
0
10.7
0
28.292
0
32.133
1
0.52
1
-18.585
0
0.723
0
-18.666
1
-22.469
0
7.278
1
-4.406
1
0.97
1
-17.17
0
7.608
1
-11.718
1
-9.387
1
11.459
1
-7.047
1
-9.374
1
9.855
1
-9.225
1
-7.327
1
-21.464
1
3.883
0
5.693
1
-3.312
1
-3.039
0
-22.289
-25.905
1
-22.637
1
-8.937
0
-0.063
1
-37.134
0
-8.327
1
5.378
0
-11.764
0
2.984
1
-15.933
1
2.649
0
3.427
0
3.447
1
-8.827
1
-2.327
0
1.071
1
11.054
1
-13.084
1
4.164
0
-4.943
0
3.021
1
12.298
1
-10.347
1
-7.986
0
-13.681
1
24.592
0
-11.689
1
-1.255
1
6.843
1
-3.557
1
-25.905


0.138
1
-37.775
1
-15.222
1
-8.284
1
11.302
0
5.002
1
-11.04
0
0.099
0
16.176
0
-4.174
1
5.001
0
-0.854
1
-10.673
1
-14.686
1
-24.847
1
-9.58
1
-37.706
1
-10.187
1
-3.161
1
-7.338
1
-25.899
1
-11.462
1
-25.07
1
5.949
1
6.165
1
6.866
1
-3.488
1
3.033
1
-21.187
0
0.67
0
0.138
9.311
1
-0.776
0
10.055
1
-2.557
0
-26.883
0
13.347
1
-11.185
1
-1.773
0
-20.011
0
-13.295
1
-35.672
0
-22
0
28.924
0
6.916
0
-3.125
1
-16.666
0
-0.974
0
-7.763
1
-28.861
0
5.693
1
-3.939
1
-26.023
0
-6.88
1
-2.541
1
12.262
1
8.471
1
15.227
0
3.205
0
-0.494
0
-2.171
1
9.311
-9.784
1
-31.179
1
-23.061
0
-3.314
0
-0.822
0
-7.143
1
-6.808
0
-13.867
0
-23.571
1
-1.464
0
-9.374
0
-24.83
1
-21.357
1
-2.513
1
-5.372
1
-15.412
1
-22.988
0
1.474
0
-15.016
1
-13.251
0
-16.979
1
-13.667
0
5.785
1
-8.317
1
-9.984
1
0.308
0
17.079
0
-35.561
1
-24.813
0
-15.094
0
-9.784
26.166
0
-46.59
0
-8.133
1
-10.191
1
-1.743
1
-29.571
0
-35.776
0
-29.871
1
-14.488
1
-3.652
1
-5.941
1
-39.479
0
-27.453
1
1.448
0
-6.523
0
-16.074
1
-18.965
0
13.143
1
-42.198
0
-1.576
0
-26.706
0
-2.333
0
-0.189
0
3.078
1
10.161
1
-17.936
0
23.942
1
30.747
0
-10.892
1
16.573
0
26.166
-20.225
0
-9.723
1
-7.067
1
-20.416
1
-18.38
1
3.117
1
-10.723
1
-5.485
0
-5.013
0
3.044
0
-54.863
1
-6.973
0
-16.561
0
6.99
1
-5.48
0
-3.587
1
-13.542
0
-6.825
0
5.677
1
9.668
1
-2.252
0
9.865
0
-9.965
0
-20.121
0
-23.843
1
8.365
0
-14.372
1
-10.395
1
-32.02
0
-8.088
1
-20.225
-2.558
1
-32.972
0
-0.934
1
-11.345
1
-15.684
1
-14.533
1
6.516
0
-7.892
0
-14.136
0
-7.936
0
-12.27
0
-20.796
1
-13.508
1
-0.54
0
-25.293
0
-17.157
1
3.627
0
-15.913
1
-2.303
0
1.259
1
1.598
1
-23.732
0
-15.916
0
13.088
1
7.759
1
-15.258
0
-25.957
0
-10.104
1
-7.908
1
20.232
1
-2.558


1.506
1
0.081
0
0.57
0
-0.444
0
-0.653
1
-5.247
0
-0.893
0
-0.836
0
0.594
0
-0.434
0
-0.941
0
-6.525
0
-0.871
0
0.392
0
-0.791
1
-0.019
0
-0.742
1
0.0210001
1
-3.869
0
-0.637
1
-0.439
0
0.92
0
-0.089
0
0.872
0
0.168
0
-0.435
0
-0.654
0
-0.008
1
1.09
0
-0.479
0
1.506


0
0
-0.548
0
-0.569
0
0.185
0
-0.375
0
0.005
0
-0.135
0
-0.722
0
-0.179
0
0.328
0
0.751
0
0.0700001
0
0.385
0
0.128
0
0.097
0
0.11
0
-0.009
0
-0.049
0
0.653
0
-0.988
0
-0.631
0
-0.737
0
-0.271
0
-0.391
0
0.562
0
0.552
0
-0.522
0
-0.698
0
-0.726
0
-0.779
0
0
0
0
-0.408
0
-0.862
0
0.979
0
0.801
0
-0.509
0
0.137
0
-0.2
0
0.073
0
-0.966
0
-0.867
0
0.416
0
0.161
0
-0.939
0
-0.858
0
0.152
0
-0.287
0
-0.037
0
0.991
0
-0.00300002
0
0.673
0
-0.427
0
-0.036
0
-0.638
0
0.781
0
0.531
0
0.192
0
0.56
0
0.614
0
-0.451
0
0
0
0
-0.518
0
-0.147
0
-0.274
0
-0.495
0
0.357
0
-0.469
0
-0.926
0
-0.203
0
-0.904
0
-0.775
0
-0.631
0
0.669
0
0.905
0
-0.879
0
0.724
0
0.487
0
0.362
0
0.363
0
0.664
0
0.451
0
0.59
0
0.563
0
0.115
0
-0.474
0
-0.279
0
0.651
0
-0.078
0
-0.422
0
-0.824
0
0
0
0
-0.792
0
-0.718
0
-0.269
0
-0.906
0
0.185
0
-0.323
0
0.698
0
0.617
0
-0.279
0
-0.589
0
0.948
0
0.196
0
0.845
0
0.342
0
0.493
0
0.514
0
0.839
0
-0.19
0
-0.031
0
-0.399
0
-0.297
0
0.818
0
0.668
0
0.924
0
0.02
0
-0.314
0
-0.958
0
0.039
0
0.763
0
0
0
0
0.859
0
-0.633
0
-0.981
0
-0.35
0
0.163
0
0.29
0
-0.257
0
0.695
0
0.917
0
-0.693
0
-0.765
0
-0.11
0
-0.955
0
0.841
0
-0.719
0
-0.446
0
0.039
0
-0.417
0
0.816
0
0.852
0
0.244
0
0.768
0
0.805
0
0.663
0
0.718
0
-0.412
0
-0.757
0
-0.576
0
0.343
0
0
0
0
0.991
0
0.719
0
0.0190001
0
-0.736
0
0.866
0
0.589
0
0.277
0
0.773
0
0.137
0
-0.288
0
-0.764
0
0.255
0
-0.198
0
-0.378
0
-0.423
0
-0.847
0
-0.106
0
0.412
0
0.504
0
0.22
0
-0.549
0
0.695
0
0.151
0
0.464
0
-0.693
0
0.179
0
0.544
0
0.272
0
0.349
0
0
0
0
0.005
0
-0.941
0
-0.425
0
-0.733
0
-0.874
0
-0.996
0
0.763
0
0.698
0
0.839
0
-0.838
0
-0.608
0
0.0599999
0
0.543
0
0.038
0
0.829
0
0.228
0
-0.914
0
-0.141
0
0.169
0
0.793
0
-0.593
0
-0.96
0
0.867
0
0.147
0
-0.902
0
-0.958
0
0.641
0
0.141
0
-0.035
0
0
0
0
-0.868
0
0.62
0
0.418
0
-0.245
0
0.623
0
-0.969
0
0.214
0
0.279
0
0.36
0
0.011
0
0.049
0
0.703
0
0.202
0
0.411
0
-0.755
0
-0.925
0
-0.238
0
0.369
0
-0.065
0
-0.106
0
-0.485
0
-0.161
0
-0.278
0
-0.896
0
-0.691
0
-0.757
0
0.291
0
-0.975
0
-0.955
0
0
0
0
0.792
0
0.075
0
0.653
0
-0.682
0
-0.829
0
0.24
0
-0.054
0
0.553
0
-0.697
0
-0.441
0
-0.245
0
-0.17
0
-0.493
0
0.262
0
0.252
0
-0.025
0
-0.496
0
0.172
0
-0.015
0
0.132
0
-0.405
0
0.677
0
0.759
0
-0.799
0
-0.442
0
-0.788
0
0.828
0
0.694
0
0.139
0
0
0
0
0.847
0
0.707
0
-0.918
0
-0.066
0
-0.315
0
0.391
0
-0.322
0
-0.617
0
-0.626
0
-0.332
0
-0.848
0
0.462
0
0.752
0
0.02
0
-0.983
0
-0.231
0
0.54
0
0.763
0
-0.294
0
-0.618
0
0.136
0
0.863
0
0.624
0
0.716
0
0.477
0
0.812
0
-0.00700003
0
-0.06
0
-0.429
0
0


-2.571
0
-23.292
0
-4.089
0
-0.551
0
12.24
1
-41.928
1
-29.035
0
1.943
0
-14.638
0
-12.283
1
4.781
0
2.502
1
12.024
0
-10.43
0
-8.47
0
-3.341
0
-4.828
0
9.067
0
3.543
0
-26.166
0
-10.673
0
-20.276
1
-25.404
0
-15.012
0
-14.416
1
-12.186
1
5.314
0
0.724
0
8.235
1
-27.283
1
-2.571
1.409
1
2.522
1
5.495
1
-1.594
1
-7.745
1
-17.518
1
-1.316
0
-0.789
0
0.621
0
-1.67
1
3.371
1
3.506
0
2.441
0
-16.102
0
-25.835
0
-4.752
0
-0.122
0
-28.238
1
15.29
0
3.934
0
2.642
1
-20.334
1
8.908
0
12.487
1
-18.205
1
-15.773
0
-0.443
1
-33.352
1
-9.887
0
-0.893
0
1.409
-31.452
0
0.774
0
-6.271
0
-7.679
1
4.411
0
-19.225
1
-4.849
1
-5.362
0
-2.899
0
-0.643
1
0.227
1
-8.418
1
-11.994
1
-14.258
1
-15.474
0
-0.903
0
-25.178
0
7.294
1
-3.678
1
-10.348
0
0.473
1
3.036
0
0.18
0
-0.907
1
-21.821
1
-9.555
0
-14.37
0
-11.56
1
-0.087
1
-5.964
0
-31.452
-24.594
1
-22.983
0
-13.788
1
-12.845
0
-0.319
0
-5.006
1
-1.275
1
-23.098
1
-19.218
1
-4.312
0
-8.768
0
9.93
0
-25.669
1
5.312
1
-21.079
0
5.13
0
-17.019
0
0.328
1
-18.08
1
-26.128
1
3.818
0
2.404
1
-34.876
0
-4.461
0
-8.758
0
0.608
0
-14.698
0
-4.675
0
-16.064
1
0.904
1
-24.594
1.741
0
-0.403
1
-41.726
1
-14.177
1
-36.149
1
0.483
0
3.2
1
11.075
1
-7.239
1
-12.477
0
-7.535
0
5.117
0
-0.387
0
-0.728
1
-12.429
1
-7.578
0
-10.545
0
-6.598
1
-13.861
0
-16.233
1
-21.75
0
-0.981
1
-22.881
1
-25.026
1
-13.008
1
1.11022e-15
0
-7.535
0
-0.41
1
-11.462
1
15.314
1
1.741
-1.466
1
0.73
0
6.192
0
-12.968
1
-20.364
1
0.707
0
-15.577
0
-38.177
0
-7.68
1
-0.645
0
-2.756
1
1.576
0
-5.783
1
-7.414
0
-7.615
1
-4.832
0
-37.063
0
-1.058
1
-11.491
1
13.706
0
-3.574
1
41.608
1
-0.929
1
-35.44
1
1.264
1
-18.584
1
-38.456
1
-2.235
1
-9.933
0
-0.789
1
-1.466


-16.764
1
-0.924
1
8.523
0
0.095
0
-7.48
0
0.519
0
0.88
0
-0.131
1
-17.644
0
-11.325
0
-21.593
1
3.088
1
-8.618
0
-12.213
0
0.559
1
-10.002
0
-3.22
1
-17.086
1
-16.517
1
6.67
0
10.024
0
-2.086
0
-39.479
1
-14.693
0
5.875
1
-8.868
0
-4.835
0
3.039
0
-4.652
1
1.618
1
-16.764
-15.491
0
-14.134
1
7.771
1
-2.925
0
-43.73
0
8.699
0
-8.123
1
4.127
0
0.381
0
7.815
0
-3.513
0
-10.481
0
-9.08
1
-16.934
1
-1.045
1
6.475
1
-6.663
0
-2.769
1
-43.422
0
-13.959
1
-15.813
0
-8.233
1
-8.774
0
-11.843
0
-1.04
0
10.2
0
0.018
1
-12.397
1
-4.975
0
-1.813
1
-15.491
-34.767
1
-4.583
0
-0.399
1
-17.238
0
-4.255
1
9.261
0
-18.339
0
7.442
1
-0.651
0
6.761
0
-19.236
0
-0.34
0
-25.85
0
18.763
0
-27.523
1
1.657
0
-5.875
0
-7.722
1
3.25
0
-12.861
1
-9.514
1
-11.888
1
-21.03
1
-24.125
1
-3.91
0
6
1
-12.352
0
-4.611
1
-7.258
0
-5.653
1
-34.767
-38.627
0
-12.498
0
-20.322
1
-42.885
0
-4.16
1
1.592
0
-5.735
1
-0.328
1
1.679
0
6.798
0
-10.198
1
-5.886
1
2.944
1
-6.019
1
-0.067
0
-13.926
1
-20.972
0
-15.656
0
-24.128
1
-2.456
1
-5.019
0
-0.381
0
-2.44
0
-13.74
1
-4.838
1
-29.641
1
2.037
0
-10.818
0
7.099
0
-4.346
1
-38.627
-19.17
1
-14.546
1
-4.525
0
-9.872
1
-7.357
0
-3.43
0
-2.689
0
-8.162
0
-28.934
0
-3.728
1
-11.332
1
19.608
0
-1.031
1
-6.631
0
-14.569
1
-23.26
1
-19.987
0
-0.354
0
-3.455
0
0.871
0
26.268
0
-1.08
0
-18.142
0
5.895
0
6.647
0
-9.095
1
-1.038
1
-8.675
1
-4.403
0
2.378
0
-19.17
12.753
0
-4.344
1
-26.141
1
-11.943
1
-23.735
1
-11.819
0
-28.517
0
10.944
0
7.545
1
-13.219
1
-6.163
0
-9.519
1
-0.292
0
-4.018
0
-11.975
0
5.095
1
-1.079
0
-4.248
1
2.342
1
-8.459
1
-1.222
1
-30.944
0
1.483
0
11.993
0
4.716
1
-29.096
1
-6.236
0
-0.958
1
-17.805
0
1.454
1
12.753


-9.925
1
-10.159
1
-28.952
1
-4.945
0
7.905
0
-18.809
0
-0.16
0
-10.317
0
-0.492
1
-36.842
1
-22.011
0
1.653
0
15.578
1
-9.002
1
-6.519
1
-8.514
0
-1.435
1
-5.029
0
-13.74
1
-0.349
0
-22.913
0
-6.029
0
26.996
1
-24.874
1
-7.01
0
-17.906
1
-20.163
1
-15.948
0
-4.324
1
-18.086
1
-9.925
19.105
0
-23.184
0
-4.208
0
-12.587
1
-8.273
0
5.881
0
-19.042
0
2.808
1
-11.662
1
6.618
1
5.817
1
0.644
1
2.717
0
1.581
1
-11.975
0
-12.402
0
4.216
1
-17.969
0
-5.563
0
0.395
1
-19.191
0
-0.826
1
6.247
0
-19.683
0
-10.138
0
-0.901
1
25.955
0
-0.948
0
-6.275
1
-24.351
0
19.105
9.592
0
-1.398
1
1.546
1
5.114
0
9.49
0
-9.186
0
-1.178
0
0.345
1
6.117
1
-12.005
1
2.101
1
-19.039
0
-4.741
0
-47.535
0
0.24
1
-8.893
0
-0.846
1
-18.516
0
5.028
1
-11.981
1
-3.202
0
-7.548
1
22.542
1
16.492
1
-10.963
0
2.151
1
-7.798
0
-22.891
0
-8.034
1
-10.597
1
9.592
-2.418
0
-0.457
0
0.316
0
-0.125
1
-8.379
0
-0.627
1
-0.254
0
-0.738
1
3.482
0
0.527
0
-0.307
1
1.661
1
4.328
1
-4.403
0
-0.678
0
0.985
1
-7.022
1
-3.903
1
-0.862
1
-0.983
0
0.286
0
0.955
0
0.957
1
0.944
0
-0.551
1
-18.748
1
11.837
0
-2.575
1
1.796
1
-18.238
0
-2.418
10.085
0
-29.105
0
-13.752
1
-0.122
0
4.002
1
1.759
1
7.686
0
-27.333
1
-31.862
0
-0.871
1
-6.35
0
0.183
0
5.087
1
-23.313
1
-8.631
0
11.39
1
7.776
0
-1.557
1
-0.315
1
-5.839
1
-1.61
1
7.015
0
-6.077
1
8.938
1
-14.947
0
-16.231
0
-11.002
0
-3.281
0
35.038
1
-22.251
1
10.085
-21.047
0
-9.708
1
19.352
1
9.109
1
-0.712
1
-7.252
1
-0.909
1
-11.326
0
-11
0
-3.912
0
-3.554
1
-22.23
0
-20.676
1
-8.856
0
0.183
0
-5.695
1
-15.427
0
-12.047
0
-6.402
1
-7.945
1
-28.226
1
10.036
0
8.19
1
4.806
0
-4.671
1
0.826
0
-16.174
1
-13.498
1
13.057
0
3.153
0
-21.047


0.456
0
0.183
0
0.873
0
0.225
1
-0.269
1
-2.697
0
-0.496
0
0.798
0
0.368
0
-0.297
0
0.091
1
-23.006
0
-0.981
0
-0.547
0
-0.487
0
-0.884
0
0.347
0
-0.021
0
-2.169
1
-0.05
0
0.403
1
-1.523
0
0.853
0
-0.82
1
-3.855
0
-0.304
1
-1.649
1
5.617
1
3.038
1
3.916
0
0.456
