

0
0
0.52
0
0.221
0
-0.209
0
-0.601
0
-0.075
0
0.393
0
-0.444
0
0.495
0
-0.535
0
0.812
0
0.925
0
-0.432
0
0.146
0
-0.769
0
-0.499
0
0.85
0
-0.104
0
-0.091
0
-0.483
0
0.215
0
-0.376
0
0.925
0
0.708
0
0.334
0
-0.702
0
0.659
0
0.55
0
-0.247
0
0.895
0
0
0
0
0.529
0
-0.185
0
0.098
0
-0.416
0
-0.359
0
-0.398
0
-0.084
0
0.386
0
-0.879
0
-0.611
0
-0.879
0
-0.997
0
-0.948
0
0.8
0
-0.834
0
0.678
0
0.068
0
0.605
0
0.247
0
0.728
0
-0.82
0
-0.725
0
0.395
0
0.384
0
-0.267
0
0.181
0
0.859
0
-0.274
0
0.405
0
0
0
0
-0.158
0
0.326
0
-0.924
0
-0.694
0
0.15
0
0.795
0
0.686
0
0.159
0
-0.097
0
0.52
0
-0.591
0
-0.427
0
-0.337
0
0.226
0
0.383
0
-0.312
0
0.415
0
-0.283
0
-0.315
0
-0.272
0
-0.084
0
-0.763
0
0.739
0
-0.835
0
-0.353
0
-0.074
0
0.972
0
-0.14
0
-0.015
0
0
0
0
0.681
0
0.334
0
-0.547
0
0.025
0
-0.355
0
-0.486
0
-0.091
0
-0.542
0
-0.597
0
-0.847
0
-0.099
0
-0.049
0
-0.451
0
0.947
0
-0.229
0
-0.024
0
-0.092
0
0.8
0
0.189
0
-0.00800002
0
0.584
0
0.721
0
0.426
0
-0.378
0
-0.627
0
0.12
0
-0.392
0
0.081
0
-0.442
0
0
0
0
0.497
0
0.094
0
-0.393
0
-0.432
0
-0.884
0
-0.059
0
0.93
0
0.479
0
0.086
0
-0.665
0
-0.734
0
-0.858
0
-0.291
0
0.228
0
-0.481
0
-0.883
0
-0.684
0
-0.421
0
0.00199997
0
-0.828
0
-0.883
0
0.232
0
0.479
0
-0.301
0
0.653
0
0.256
0
0.435
0
-0.461
0
0.955
0
0
0
0
0.879
0
-0.872
0
-0.735
0
-0.748
0
0.693
0
-0.458
0
-0.729
0
-0.952
0
-0.014
0
-0.142
0
-0.948
0
-0.086
0
0.653
0
-0.188
0
-0.96
0
0.969
0
0.61
0
0.489
0
-0.907
0
0.732
0
-0.046
0
-0.146
0
-0.584
0
-0.081
0
0.296
0
0.911
0
0.00100005
0
-0.696
0
-0.225
0
0
0
0
-0.721
0
0.323
0
0.365
0
0.059
0
-0.899
0
-0.618
0
-0.00199997
0
0.51
0
-0.556
0
0.356
0
-0.818
0
0.29
0
0.079
0
0.44
0
-0.805
0
-0.791
0
0.587
0
0.576
0
-0.528
0
0.553
0
-0.217
0
-0.577
0
0.033
0
-0.865
0
0.232
0
-0.398
0
0.598
0
0.662
0
0.448
0
0
0
0
0.072
0
-0.704
0
-0.426
0
0.36
0
0.211
0
-0.629
0
0.553
0
-0.082
0
-0.448
0
-0.611
0
-0.034
0
0.049
0
-0.576
0
-0.245
0
0.113
0
-0.00400001
0
0.984
0
-0.643
0
-0.207
0
-0.176
0
0.863
0
0.954
0
-0.237
0
0.687
0
-0.586
0
0.00199997
0
-0.249
0
0.568
0
0.935
0
0
0
0
0.628
0
-0.624
0
-0.252
0
-0.45
0
0.385
0
0.402
0
-0.251
0
0.728
0
-0.532
0
0.549
0
-0.917
0
-0.823
0
-0.892
0
-0.993
0
-0.682
0
-0.657
0
-0.147
0
0.869
0
0.421
0
-0.213
0
0.995
0
0.64
0
0.893
0
-0.938
0
-0.881
0
0.836
0
0.278
0
0.56
0
0.494
0
0
0
0
-0.07
0
-0.224
0
-0.709
0
-0.989
0
-0.683
0
0.063
0
-0.816
0
0.307
0
-0.742
0
0.321
0
0.214
0
0.886
0
0.795
0
-0.641
0
0.23
0
-0.618
0
0.634
0
-0.089
0
0.391
0
-0.147
0
0.232
0
0.319
0
-0.092
0
0.024
0
-0.832
0
0.139
0
-0.062
0
-0.965
0
-0.17
0
0


-13.229
1
-3.128
1
6.356
1
-2.356
1
-2.271
1
2.106
0
-0.189
0
2.424
1
3.322
1
-2.109
0
0.524
1
-10.242
1
-20.961
1
1.868
1
-4.537
0
-0.664
0
-0.342
1
7.17
0
-5.147
0
-0.282
1
3.517
1
1.55
0
1.275
0
-0.312
1
-9.195
0
-2.16
1
-0.441
0
0.57
0
0.242
0
0.124
0
-13.229
-6.476
1
-1.449
0
-0.805
0
0.098
0
-0.642
0
0.323
1
-3.666
0
-0.795
0
-0.098
0
0.061
1
-0.416
0
0.28
0
-0.238
0
0.762
1
2.326
0
-0.776
0
-0.813
0
0.832
0
-0.112
1
0.951
0
8.051
0
0.698
1
1.351
1
0.86
0
-0.608
0
-0.289
0
-0.257
0
0.492
0
-0.438
1
-5.144
1
-6.476
6.642
1
4.702
0
0.525
0
0.179
0
0.143
0
0.93
1
-13.835
0
0.436
1
-0.946
0
5.305
1
-10.909
1
-19.28
1
-0.256
0
0.496
1
-4.599
0
-0.322
1
-1.917
0
0.534
1
-4.861
0
2.663
0
0.728
0
-6.446
1
-1.979
1
-6.109
1
-1.79
0
0.304
0
0.514
0
0.637
0
-0.146
0
0.752
1
6.642
2.155
1
-9.532
1
0.501
0
0.494
1
-8.626
0
-0.457
0
-0.826
0
0.256
1
-1.508
0
0.417
1
-0.54
0
-0.57
1
-0.314
0
-0.141
0
0.825
1
-4.26
1
8.978
1
-7.983
0
-0.968
0
-0.412
0
-0.365
0
0.608
0
-0.805
1
-1.365
0
0.925
1
-4.202
0
0.607
0
0.039
0
-4.301
0
-0.362
1
2.155
-5.095
0
-0.712
0
-0.679
0
-0.914
0
2.007
0
0.177
0
-6.288
0
-0.06
1
-1.417
0
0.106
1
-1.484
1
-5.856
0
0.517
0
-0.686
1
-16.868
1
-11.116
0
-0.097
0
-2.751
0
-0.079
1
4.029
0
4.205
1
-2.991
1
-8.852
1
-14.859
0
0.045
0
-0.311
0
0.318
0
0.304
0
0.039
0
0.384
0
-5.095
-1.441
0
0.307
1
-1.502
1
0.176
0
-0.188
0
0.452
0
-0.441
1
-11.032
0
-0.557
0
-0.032
0
0.591
1
1.1
1
6.864
0
0.214
0
-6.479
0
0.751
1
7.067
0
-0.124
1
-2.006
0
0.17
0
0.206
0
-0.136
1
3.527
0
0.651
0
-0.813
1
-6.7
1
2.316
0
-0.959
1
-8.672
1
-3.303
0
-1.441


0
0
0.942
0
0.971
0
0.662
0
0.435
0
-0.034
0
-0.183
0
-0.11
0
0.765
0
-0.806
0
-0.349
0
0.101
0
0.084
0
0.453
0
0.307
0
-0.633
0
0.0319999
0
0.214
1
-2.763
0
0.415
1
-6.543
1
10.873
0
-0.703
0
1.211
1
1.428
0
0.566
0
-0.731
0
0.097
0
0.724
1
4.171
0
0
8.036
1
-1.952
0
0.977
0
-0.051
1
-3.944
1
-1.22
0
3.083
0
-0.343
1
0.675
0
-0.498
0
-0.925
0
-0.189
0
-0.489
0
-0.975
1
1.401
0
-0.77
0
0.432
0
-0.00300002
0
-0.244
0
-0.246
0
-0.771
0
0.683
1
-2.667
0
0.715
0
0.737
0
-0.865
1
-0.783
0
0.791
0
-0.259
1
-5.446
1
8.036
5.331
0
-0.351
1
-5.226
0
-0.605
1
10.352
0
0.306
1
-11.122
1
-3.894
1
-1.097
0
-0.684
0
-0.654
1
-0.99
0
-0.728
1
7.063
0
-0.726
0
-0.674
0
0.27
0
-0.761
0
0.927
0
0.772
0
0.827
1
-1.583
0
0.371
0
-0.593
0
0.78
0
1.841
0
-0.473
0
-0.732
0
-0.521
0
-0.305
0
5.331
3.091
1
-1.989
0
0.838
0
-0.461
0
0.204
0
0.833
0
0.052
0
0.069
0
-0.524
0
-0.162
0
-0.375
1
-9.44
1
2.693
1
10.06
1
-5.618
0
3.32
1
6.915
1
-8.909
0
-3.962
0
0.252
0
0.536
1
-5.095
1
-2.446
0
0.897
0
0.235
0
0.813
1
-3.532
0
-0.659
1
6.702
1
2.109
1
3.091
2.018
0
-0.067
0
0.541
1
-1.622
0
-0.598
1
1.157
1
-16.681
0
0.621
0
-0.183
0
-0.561
1
-4.22
0
-1.761
0
-5.874
0
-0.156
1
-4.145
0
-0.702
0
0.956
0
-0.385
0
0.0650001
0
0.288
0
0.878
0
-0.082
1
-1.127
1
-5.237
0
0.828
0
-0.578
0
0.182
1
-7.216
0
-0.903
0
-0.938
0
2.018
-0.853
1
10.104
1
-0.533
0
0.735
0
-0.392
1
-3.795
1
-25.644
0
8.107
1
3.651
1
39.158
1
2.019
1
-4.125
1
10.428
0
-0.118
1
0.662
1
9.78
1
9.876
1
-17.425
0
-1.028
0
0.227
0
0.0829999
0
0.556
1
-3.504
0
-4.437
0
0.264
1
-3.076
0
-0.719
0
5.93
1
3.031
0
7.192
1
-0.853


7.884
0
-0.314
1
0.69
0
0.53
1
-1.99
0
0.15
0
4.432
0
0.625
0
0.385
0
0.086
1
0.141
1
1.728
0
0.053
1
-7.808
0
2.393
1
2.056
1
-8.899
0
8.322
0
-0.756
1
5.683
0
-0.838
1
2.016
1
-11.486
0
0.724
0
0.261
1
-2.405
0
-16.581
0
-0.196
1
7.881
0
0.08
0
7.884
0.572
0
-3.693
1
5.313
1
0.339
0
-0.15
1
-2.267
0
0.757
0
0.433
0
0.342
1
5.24
1
-6.184
1
0.539
0
0.95
1
-1.338
0
-0.853
1
2.872
0
-4.484
1
10.153
1
-4.765
0
-0.811
0
0.369
0
0.992
0
-0.884
1
-0.809
0
0.82
1
10.094
1
1.726
1
-5.332
1
-12.172
0
-0.481
0
0.572
-1.878
0
0.043
0
0.368
0
-0.333
0
0.882
0
0.495
0
-0.128
0
-0.337
0
0.585
0
0.203
0
-0.758
0
-0.899
0
-0.684
0
0.144
0
0.151
0
-0.774
0
-0.472
0
-0.929
0
-0.518
0
0.982
1
0.991
0
-0.823
0
0.955
1
0.077
0
2.132
0
0.647
1
-2.064
0
-0.82
0
0.814
0
-0.501
0
-1.878
4.037
0
-0.47
0
0.631
0
2.885
0
5.296
1
-7.424
0
0.173
1
-5.234
1
8.149
1
6.922
0
0.438
1
-2.178
1
-3.712
0
-0.067
0
-0.585
0
0.998
0
-0.154
1
-2.275
1
9.48
1
-8.826
0
-0.157
0
0.801
1
-3.648
0
0.948
1
-4.412
0
-0.607
0
0.469
0
0.243
0
-0.455
1
1.568
0
4.037
-5.361
0
0.681
0
-0.834
0
0.00800002
0
-0.737
0
-0.105
0
0.403
0
0.628
0
0.373
0
-0.733
0
-0.214
1
2.698
0
-0.706
0
-3.169
0
-0.319
0
-0.607
0
-0.423
1
-1.456
0
-0.959
1
5.576
1
2.47
1
5.202
0
-0.764
1
-2.333
1
0.892
0
0.171
0
-6.788
0
-0.778
1
1.441
1
0.667
0
-5.361
-2.346
0
-0.753
1
0.264
1
-2.399
0
-0.506
0
0.48
0
3.567
0
0.342
0
-0.882
1
-5.194
0
-0.835
0
-0.381
1
-1.929
0
0.628
0
0.848
0
-4.073
1
-2.327
0
0.536
0
-0.045
0
0.226
0
0.87
1
6.033
0
0.953
0
0.25
0
-0.38
1
-9.547
1
-9.109
1
-8.116
0
0.834
0
-0.479
0
-2.346


0
0
0.533
0
-0.374
0
0.666
0
-0.913
0
-0.379
0
-0.542
0
0.139
1
-0.69
0
0.589
0
0.023
0
0.885
0
-0.021
0
-0.377
0
-0.386
0
-0.31
0
-0.61
0
-0.587
0
-8.171
0
-0.718
0
0.871
0
0.652
0
-0.913
0
-0.051
0
-0.974
0
0.084
1
-0.166
0
-0.247
0
-0.185
0
-0.359
0
0


0
0
0.269
0
-0.788
0
0.619
0
-0.491
0
-0.827
0
0.425
0
-0.176
0
-0.185
0
0.865
0
0.433
0
0.596
0
-0.425
0
0.412
0
-0.957
0
-0.358
0
0.991
0
-0.73
0
-0.966
0
0.5
0
0.518
0
0.303
0
-0.964
0
-0.468
0
0.081
0
-0.911
0
-0.908
0
0.179
0
0.557
0
0.27
0
0
0
0
0.058
0
-0.692
0
0.722
0
-0.532
0
0.282
0
0.718
0
-0.645
0
0.868
0
0.666
0
0.0700001
0
-0.183
0
-0.898
0
-0.704
0
-0.265
0
0.541
0
-0.185
0
-0.89
0
0.928
0
-0.253
0
-0.5
0
0.63
0
0.133
0
0.964
0
0.48
0
-0.857
0
-0.72
0
-0.1
0
-0.898
0
-0.73
0
0
0
0
0.271
0
-0.376
0
0.977
0
0.04
0
-0.195
0
0.767
0
0.437
0
0.29
0
0.777
0
0.427
0
0.321
0
0.571
0
0.731
0
-0.045
0
-0.205
0
-0.362
0
0.392
0
0.117
0
0.098
0
-0.449
0
0.152
0
0.986
0
0.719
0
0.788
0
0.329
0
0.493
0
-0.374
0
-0.686
0
0.382
0
0
0
0
-0.754
0
-0.1
0
0.017
0
-0.877
0
0.118
0
0.198
0
-0.852
0
-0.333
0
0.647
0
-0.041
0
0.386
0
0.412
0
-0.721
0
0.385
0
0.569
0
0.504
0
0.629
0
0.979
0
0.147
0
-0.826
0
-0.68
0
0.352
0
-0.373
0
-0.334
0
0.806
0
-0.69
0
0.398
0
-0.616
0
-0.705
0
0
0
0
-0.477
0
0.36
0
0.984
0
-0.034
0
0.219
0
0.356
0
-0.897
0
0.555
0
0.591
0
-0.096
0
0.166
0
0.854
0
0.526
0
-0.723
0
-0.679
0
0.794
0
0.78
0
-0.892
0
0.69
0
0.521
0
-0.989
0
-0.251
0
0.348
0
-0.767
0
0.664
0
-0.783
0
0.856
0
0.752
0
-0.032
0
0
0
0
-0.791
0
-0.157
0
-0.97
0
-0.534
0
0.455
0
-0.496
0
-0.63
0
0.56
0
0.45
0
0.865
0
-0.09
0
0.814
0
-0.528
0
-0.689
0
0.814
0
-0.853
0
0.461
0
0.393
0
-0.966
0
0.603
0
-0.578
0
0.626
0
0.142
0
0.275
0
-0.877
0
-0.055
0
0.749
0
0.671
0
-0.133
0
0
0
0
-0.462
0
-0.5
0
0.319
0
0.478
0
-0.9
0
-0.205
0
-0.694
0
-0.24
0
0.0319999
0
0.00899994
0
0.529
0
0.577
0
0.358
0
-0.169
0
0.344
0
0.888
0
-0.642
0
0.507
0
0.118
0
0.431
0
0.071
0
0.219
0
0.265
0
0.859
0
0.623
0
0.489
0
0.283
0
0.497
0
-0.805
0
0
0
0
-0.905
0
0.713
0
0.606
0
-0.849
0
-0.471
0
0.836
0
-0.517
0
-0.815
0
0.574
0
-0.968
0
0.745
0
0.632
0
0.65
0
-0.777
0
0.852
0
-0.64
0
0.18
0
-0.66
0
0.811
0
0.812
0
0.155
0
-0.051
0
-0.392
0
-0.733
0
-0.828
0
0.23
0
-0.532
0
-1
0
-0.377
0
0
0
0
0.142
0
0.348
0
0.542
0
0.807
0
-0.148
0
-0.624
0
-0.869
0
0.646
0
0.862
0
-0.692
0
-0.736
0
-0.887
0
0.301
0
0.471
0
0.569
0
0.174
0
0.56
0
-0.645
0
0.523
0
-0.874
0
-0.59
0
-0.57
0
0.295
0
0.54
0
-0.267
0
0.034
0
0.593
0
0.068
0
-0.969
0
0
0
0
0.375
0
0.9
0
-0.402
0
-0.295
0
0.094
0
0.477
0
-0.263
0
-0.823
0
0.829
0
-0.248
0
-0.558
0
0.48
0
-0.558
0
0.44
0
0.45
0
-0.172
0
0.766
0
0.766
0
0.755
0
-0.7
0
0.612
0
0.624
0
0.776
0
0.667
0
0.527
0
-0.839
0
0.683
0
0.791
0
-0.295
0
0


1.231
0
-0.976
0
0.634
0
0.716
1
4.993
0
0.189
0
0.209
1
-2.485
1
1.504
1
8.051
1
4.079
1
3.236
0
-0.06
0
0.071
1
-7.332
1
-1.434
1
2.041
0
-0.418
1
0.594
1
-10.777
0
-0.646
0
0.298
0
-0.253
0
0.47
0
0.005
1
2.296
1
-1.441
0
0.853
1
-7.798
0
2.731
1
1.231
-0.454
1
0.885
0
0.346
0
0.134
0
-0.087
1
-2.867
0
-0.15
1
-2.889
0
0.939
0
0.906
0
-0.584
1
-13.511
1
1.542
0
-0.058
0
0.069
0
-0.29
1
-9.246
0
-9.189
1
0.178
1
1.299
0
0.143
0
-0.906
0
-4.954
0
-0.038
1
-1.88
1
-8.398
0
-0.488
1
-3.165
1
2.671
0
0.252
1
-0.454
-11.968
1
5.32
0
0.107
0
-0.067
0
0.279
1
-0.514
0
-0.45
1
-3.719
0
0.274
0
0.076
0
0.492
1
8.284
0
-0.635
0
0.396
0
-0.666
0
0.94
0
-0.163
0
0.668
0
-0.62
0
0.399
0
-3.652
0
-1.134
0
0.098
0
-0.278
0
-0.214
1
-3.516
1
-4.071
0
3.235
0
3.287
1
3.626
1
-11.968
-8.397
0
-3.134
1
-0.831
1
12.976
0
-0.527
1
2.162
1
9.277
0
-0.396
0
0.438
1
-0.793
0
4.014
0
0.891
1
-4.079
0
0.397
1
9.047
1
-3.904
1
4.052
1
0.577
1
-3.594
0
-0.345
0
0.371
0
0.167
1
-0.215
0
0.597
1
0.161
0
0.14
0
-1.336
1
6.287
0
-0.604
1
-6.316
1
-8.397
-8.668
0
-3.42
0
-0.494
0
-0.701
0
-10.539
1
-1.37
1
-2.006
0
-0.215
0
-0.634
1
1.027
1
-9.848
1
-6.599
0
-0.738
1
-2.069
0
0.7
1
-6.104
0
-4.343
0
2.002
0
-0.909
1
-0.545
0
-0.928
1
6.771
1
-6.9
1
0.465
0
0.056
0
0.792
1
-1.435
0
-0.662
0
0.867
1
5.162
0
-8.668
-19.258
0
-0.757
0
-0.064
0
0.728
0
-0.374
1
1.895
0
-0.371
1
-1.557
0
-0.00400001
0
-15.093
1
10.683
0
-0.918
1
-8.501
0
0.541
0
1.735
1
-4.085
1
1.211
0
-0.814
1
6.265
0
-0.182
1
-1.849
0
5.08
0
-0.343
0
0.455
0
-0.871
1
-0.8
1
3.937
0
0.326
0
-0.63
0
-2.766
0
-19.258


7.979
0
-0.484
1
-19.142
0
-0.995
0
-0.063
1
0.807
0
-0.172
0
-0.987
1
-3.635
0
0.256
0
0.044
0
-1.684
0
-0.124
0
-0.588
0
0.976
1
-2.024
0
-0.018
1
-6.704
0
-0.00800002
0
0.79
0
0.00800002
1
-3.105
0
0.39
0
0.109
0
-0.808
0
-0.17
0
0.667
0
3.838
0
0.829
0
-0.82
1
7.979
-2.108
0
0.131
1
4.312
1
1.01
0
1.599
0
0.71
0
-3.774
1
2.857
1
-0.852
1
7.917
0
0.703
0
-0.704
1
-1.214
0
1.855
0
0.198
1
-5.282
0
0.753
0
-0.303
0
-0.454
1
13.035
0
0.0930001
1
-3.987
1
9.452
1
-2.971
0
-0.811
0
-0.00599998
0
5.342
0
0.619
0
0.565
0
-0.49
0
-2.108
5.209
0
-0.352
0
0.432
0
-1.73
0
-8.998
0
-0.411
0
-0.097
0
0.957
1
4.884
0
-0.385
1
1.605
1
-2.639
1
3.254
0
0.476
0
-0.872
0
-0.969
0
-0.668
1
-0.369
1
-3.829
0
-0.067
0
0.809
0
-0.42
0
2.433
0
0.644
1
-5.316
0
-0.0149999
0
-0.347
1
-11.987
0
0.059
1
3.844
0
5.209
-5.817
0
0.022
0
0.129
1
-18.94
1
-4.91
0
-0.618
0
-0.225
1
1.035
0
-0.169
0
-0.522
0
-0.638
0
-0.445
0
0.12
0
-0.191
0
0.665
1
1.737
0
-0.45
1
2.679
0
0.583
0
0.932
1
12.012
1
-0.00999998
1
-5.728
0
0.658
1
1.859
0
-0.235
1
-1.231
0
0.769
0
-0.499
0
-0.446
1
-5.817
1.593
1
3.007
1
-3.101
1
-5.286
0
-0.316
1
-0.65
0
0.889
0
-1.182
0
-0.979
1
-3.501
0
0.897
0
-0.45
1
-8.512
0
-0.749
0
0.511
0
-0.075
1
15.089
0
0.196
1
5.883
0
-8.957
0
-0.093
0
0.42
0
-0.335
1
1.357
0
-0.705
0
2.188
0
-0.596
0
0.539
1
-0.48
0
0.335
0
1.593
9.444
0
0.653
0
-0.819
1
4.86
0
-0.249
0
-1.499
0
-0.184
1
4.627
0
-0.489
0
2.245
0
-0.111
0
-0.569
0
-0.246
1
-7.157
0
0.119
0
0.992
0
-0.506
0
-0.781
0
-0.879
1
-0.116
1
-2.029
1
-0.303
0
2.159
0
-0.913
1
2.709
1
0.152
1
-2.414
0
0.226
0
0.472
0
0.379
1
9.444


2.859
0
0.757
0
0.91
0
0.708
0
0.98
0
-0.659
1
-2.421
1
-3.887
0
-4.834
0
0.725
0
0.058
1
-2.916
0
-0.226
0
5.327
0
0.231
1
-0.572
1
-7.914
1
-3.662
0
-4.175
0
5.762
1
-1.369
0
3.75
0
0.039
0
0.25
1
-8.241
1
3.762
1
-16.117
0
0.18
0
-0.339
1
-9.37
0
2.859
2.702
0
0.259
0
0.435
1
-1.641
0
0.941
0
0.255
0
-0.406
0
-0.713
0
0.809
0
0.151
0
0.058
1
-0.228
1
-3.42
0
-0.368
0
-0.265
1
-2.81
1
-2.64
1
-16.415
0
0.139
0
-0.63
1
5.934
0
-1.305
0
-0.52
1
-2.319
0
-0.306
0
0.461
0
-0.297
0
-0.393
0
6.591
1
-0.79
0
2.702
-0.451
1
-1.663
0
-0.264
0
-0.102
1
0.95
0
-0.751
0
-1.563
0
-2.472
1
0.821
1
-0.08
0
0.03
0
0.125
0
-8.07
1
11.327
1
-4.747
1
-3.867
1
-3.253
0
-5.34
1
-13.799
0
-5.892
1
-0.542
0
-0.547
0
0.327
1
8.84
0
0.326
1
2.134
0
0.588
0
0.942
0
0.027
1
2.347
0
-0.451
2.708
0
0.592
0
-0.43
0
0.635
1
-4.549
0
3.005
1
-3.676
0
0.893
0
-0.949
1
-4.212
1
7.754
1
1.86
1
-3.832
0
0.585
0
-0.805
0
0.499
0
-1.741
0
0.59
1
-4.698
0
-4.216
0
0.84
1
-0.104
1
0.116
1
-5.34
0
-0.536
1
-1.382
0
-0.734
0
0.593
0
0.086
1
3.443
1
2.708
-10.537
0
0.412
0
0.889
0
0.872
1
0.697
0
0.311
1
1.201
0
1.977
0
0.224
1
-0.078
1
1.472
1
1.992
0
-2.426
0
-0.714
1
-1.798
0
0.733
1
12.446
0
-0.494
0
1.204
1
-0.959
0
1.819
0
-0.113
0
0.771
0
-0.279
0
0.64
0
-0.463
0
-0.448
1
-0.605
1
-1.703
0
0.357
0
-10.537
-0.121
0
-0.037
0
0.025
0
0.218
0
-0.3
0
0.321
1
0.365
0
0.676
0
0.796
0
-0.58
0
-0.699
1
-2.685
0
-0.043
0
6.041
0
0.224
0
-0.156
0
0.603
0
-0.402
0
-0.13
0
0.899
0
-0.501
0
-0.772
0
-0.547
1
-0.00300002
0
-0.203
1
-3.628
0
0.525
1
-6.949
1
2.585
0
1.177
1
-0.121


0.457
1
0.155
0
-0.055
0
-0.21
0
0.567
0
0.466
0
-0.436
0
-0.838
0
-0.066
0
-0.33
0
-0.329
1
-1.875
0
0.905
0
-0.144
0
0.236
0
0.034
0
0.129
0
0.4
0
-0.916
0
0.804
0
-0.522
0
-0.657
0
-0.932
0
-0.29
0
-0.151
0
0.898
0
-0.966
0
0.438
0
0.504
1
-0.206
0
0.457


0
0
-0.578
0
-0.694
0
-0.42
0
0.261
0
-0.509
0
-0.949
0
-0.837
0
0.883
0
0.931
0
0.504
0
-0.672
0
0.422
0
-0.68
0
0.434
0
-0.076
0
-0.962
0
-0.306
0
-0.456
0
-0.802
0
-0.66
0
-0.94
0
-0.216
0
-0.766
0
-0.8
0
-0.971
0
-0.218
0
0.295
0
0.533
0
0.743
0
0
0
0
0.14
0
-0.732
0
-0.607
0
-0.657
0
0.679
0
0.104
0
0.172
0
0.00600004
0
-0.601
0
0.826
0
0.938
0
0.782
0
0.247
0
-0.881
0
0.927
0
0.252
0
0.363
0
0.522
0
0.554
0
-0.352
0
-0.829
0
-0.824
0
-0.837
0
0.375
0
-0.412
0
-0.388
0
-0.295
0
-0.907
0
0.745
0
0
0
0
0.993
0
-0.858
0
-0.47
0
0.568
0
-0.847
0
-0.515
0
-0.338
0
-0.645
0
-0.792
0
-0.651
0
0.419
0
-0.952
0
-0.931
0
-0.776
0
0.2
0
0.435
0
0.477
0
0.091
0
-0.773
0
-0.864
0
0.868
0
0.851
0
0.338
0
0.4
0
-0.872
0
0.982
0
-0.343
0
0.107
0
-0.281
0
0
0
0
-0.433
0
0.418
0
-0.681
0
-0.632
0
0.455
0
-0.599
0
0.00100005
0
-0.067
0
-0.977
0
-0.919
0
-0.779
0
-0.33
0
0.215
0
-0.684
0
0.015
0
-0.308
0
0.231
0
-0.72
0
-0.696
0
-0.776
0
0.00199997
0
0.754
0
0.117
0
-0.472
0
-0.034
0
0.268
0
0.478
0
-0.7
0
-0.157
0
0
0
0
-0.927
0
-0.815
0
-0.856
0
-0.023
0
0.453
0
-0.985
0
0.256
0
0.842
0
-0.884
0
-0.303
0
-0.366
0
-0.513
0
0.587
0
0.306
0
-0.965
0
0.422
0
0.227
0
0.307
0
-0.196
0
-0.936
0
0.584
0
0.202
0
0.515
0
0.767
0
-0.765
0
0.126
0
0.268
0
0.388
0
-0.508
0
0
0
0
-0.201
0
-0.42
0
0.768
0
0.86
0
0.403
0
-0.582
0
0.688
0
-0.804
0
-0.704
0
-0.011
0
-0.151
0
0.266
0
-0.165
0
-0.167
0
-0.481
0
-0.021
0
0.00300002
0
0.709
0
0.75
0
0.585
0
0.885
0
-0.572
0
0.494
0
0.67
0
0.971
0
0.683
0
-0.137
0
-0.241
0
-0.992
0
0
0
0
-0.442
0
0.247
0
-0.794
0
-0.543
0
0.485
0
-0.899
0
-0.288
0
0.249
0
-0.984
0
-0.357
0
0.222
0
-0.722
0
0.074
0
0.865
0
-0.806
0
0.23
0
0.747
0
0.992
0
0.00999999
0
0.832
0
0.624
0
-0.042
0
0.533
0
-0.794
0
-0.485
0
0.959
0
0.599
0
0.258
0
0.301
0
0
0
0
-0.35
0
0.745
0
-0.966
0
-0.041
0
-0.273
0
0.331
0
-0.978
0
-0.564
0
-0.582
0
-0.951
0
0.068
0
0.064
0
0.04
0
-0.151
0
-0.535
0
0.804
0
0.688
0
0.483
0
-0.621
0
0.969
0
-0.846
0
-0.152
0
-0.237
0
-0.976
0
-0.085
0
-0.573
0
0.565
0
-0.32
0
0.342
0
0
0
0
-0.631
0
-0.251
0
-0.055
0
-0.744
0
-0.185
0
-0.464
0
0.407
0
0.8
0
0.745
0
0.253
0
0.713
0
0.049
0
0.194
0
-0.32
0
0.543
0
-0.565
0
-0.08
0
0.085
0
0.107
0
0.294
0
0.235
0
0.108
0
-0.887
0
-0.844
0
0.688
0
0.996
0
0.0930001
0
-0.78
0
0.127
0
0
0
0
-0.424
0
-0.639
0
-0.954
0
-0.804
0
-0.694
0
0.254
0
-0.596
0
0.415
0
-0.646
0
0.75
0
-0.713
0
-0.801
0
0.667
0
-0.434
0
-0.162
0
0.804
0
-0.977
0
0.918
0
-0.516
0
0.62
0
0.928
0
0.12
0
0.806
0
0.667
0
-0.255
0
0.891
0
-0.229
0
0.977
0
0.884
0
0


0.418
1
5.293
0
-0.729
1
5.303
1
-5.551
1
-1.755
1
2.577
1
1.943
1
6.212
0
6.722
1
1.213
1
2.607
1
-2.946
1
2.156
1
-9.513
0
-0.633
0
-0.944
0
-4.68
0
0.957
1
-4.996
0
0.127
0
0.21
0
0.871
1
6.078
0
0.659
0
0.839
1
5.075
1
1.825
0
0.454
0
-2.037
0
0.418
-0.461
0
-1.419
0
-0.153
0
0.325
0
-0.313
0
0.395
1
-13.011
0
2.608
0
0.96
0
0.283
1
-7.553
1
-0.453
0
0.393
0
-1.631
1
0.555
0
0.423
1
-4.224
0
1.272
0
0.905
0
0.784
0
-0.728
0
-0.078
0
-0.831
0
0.865
1
-2.27
0
0.224
1
2.962
1
-1.119
0
-0.992
0
0.149
0
-0.461
-5.821
0
0.586
0
-0.232
1
5.9
1
-0.778
1
3.85
1
-2.767
1
1.755
0
-0.634
1
0.018
1
2.597
0
0.21
0
0.216
0
-0.845
0
0.334
0
0.136
0
0.054
0
0.983
0
-0.827
0
0.508
1
-4.91
0
-0.651
1
-0.465
0
0.627
1
-10.755
0
0.526
1
0.888
0
-0.153
0
-0.989
1
2.881
0
-5.821
-1.952
0
-0.727
0
-0.434
0
-0.986
0
-0.535
1
-11.645
0
0.874
0
-0.393
1
2.187
0
0.12
0
-0.97
0
0.477
1
-2.075
1
-1.185
0
-0.291
0
-0.238
1
-0.0390001
0
-0.156
0
-0.213
0
0.932
0
0.974
0
0.205
0
-0.405
0
0.638
0
0.847
0
0.917
0
0.435
1
-0.921
1
5.142
0
0.788
0
-1.952
-11.109
0
-0.339
1
-4.165
1
-2.575
1
2.837
0
0.992
0
0.469
0
-1.248
1
-2.088
0
0.573
0
-0.802
0
0.066
1
2.381
0
-0.357
0
-0.516
1
-1.376
1
0.286
0
-0.916
0
-2.144
0
-0.213
0
0.941
0
-0.219
0
-0.698
0
-0.748
0
-0.906
1
0.347
0
-0.432
1
3.024
0
0.41
0
-0.268
1
-11.109
4.578
1
2.57
0
-5.897
0
0.00300002
0
0.745
0
-0.647
1
2.317
0
-0.239
0
0.982
0
-0.933
0
0.356
0
-0.273
0
-0.12
0
0.123
1
0.792
1
2.86
0
-0.782
0
-0.755
0
3.732
0
-2.213
0
-0.111
0
-0.394
0
-0.566
1
2.442
1
-21.642
1
-2.904
0
0.118
0
-0.373
0
0.122
0
0.146
0
4.578


-0.968
0
-0.146
1
-6.461
1
-7.231
0
0.239
0
0.288
0
-0.275
0
-0.716
1
-3.96
0
-8.305
0
-0.095
0
-0.919
0
0.342
0
7.684
0
0.312
0
-0.831
0
0.773
0
0.572
0
0.316
1
7.353
1
-5.997
1
-8.655
0
-0.696
0
0.228
1
-4.461
0
0.892
0
2.064
0
-0.494
0
0.287
0
-0.163
0
-0.968
1.655
1
-0.245
0
0.939
0
-0.544
0
-0.352
0
-0.506
1
-0.123
0
3.358
0
0.336
1
-2.226
0
0.249
0
0.357
0
-0.059
1
3.446
0
0.391
0
-0.956
0
0.622
0
0.174
0
-0.713
0
0.0779999
0
-0.606
0
0.218
1
3.821
1
1.676
1
-1.576
0
-0.274
1
-6.347
1
2.349
0
-0.6
0
-0.718
0
1.655
-0.404
0
-0.21
0
0.293
0
0.429
0
-0.946
1
-3.658
0
0.271
0
-0.278
1
0.138
0
-0.627
0
0.489
0
-0.516
0
-0.481
0
0.304
0
-0.337
1
3.435
0
0.231
0
0.902
0
-2.841
0
0.602
0
0.377
1
-12.888
0
0.583
0
-0.015
0
0.519
0
0.00899994
1
3.375
0
0.491
1
4.546
0
2.054
0
-0.404
-5.669
0
-1.613
1
-3.772
0
-0.067
1
-1.867
0
0.328
1
-5.96
1
2.748
0
-1.39
0
0.936
0
0.948
0
0.818
1
1.704
0
-0.857
0
-0.591
0
-0.302
0
3.573
0
-0.247
0
-0.974
0
-0.289
1
-11.093
0
-0.732
1
0.886
1
6.01
1
-1.906
1
-5.372
1
10.099
0
0.242
0
0.31
0
0.365
0
-5.669
9.09
0
-0.146
0
-0.35
1
1.581
1
-4.435
0
-0.612
1
-7.023
0
-0.645
0
0.216
1
0.414
1
0.122
0
-0.291
1
8.328
0
1.233
0
0.565
0
-2.744
1
-1.598
0
0.456
0
-0.239
0
-0.967
1
-7.236
1
-12.629
0
-0.234
1
3.771
0
-0.86
0
-0.766
0
0.761
0
0.132
1
10.586
1
7.966
1
9.09
-2.874
0
0.719
0
0.365
0
-0.864
0
0.355
1
2.093
0
-0.566
0
-0.226
0
-8.005
0
-0.12
0
0.629
1
-0.698
1
3.161
0
0.974
1
1.259
1
8.344
0
-0.921
0
0.525
0
-0.00700003
0
0.376
1
-0.428
0
0.95
1
-2.171
1
-1.901
1
-1.194
1
-7.359
0
-0.85
0
0.924
0
0.00199997
0
-0.332
0
-2.874


1.601
0
0.507
0
0.516
0
1.053
0
0.354
0
0.847
0
-0.213
0
0.732
0
-0.388
0
-0.343
0
-4.018
1
-1.17
0
5.365
0
0.819
0
0.994
0
0.068
1
-1.984
0
0.396
0
0.981
0
-9.08
1
1.886
0
0.906
1
1.529
1
3.306
0
0.194
0
-0.894
0
0.927
0
0.615
0
-0.178
0
-0.00999999
0
1.601
-1.054
0
-0.835
1
5.669
0
-0.062
0
0.303
0
-0.706
0
-1.971
1
-21.468
0
0.378
0
0.756
1
-2.356
0
-1.342
0
0.401
1
-4.782
0
-0.72
1
-12.832
0
-0.811
0
0.848
1
-0.31
0
0.762
1
3.702
0
-0.877
0
1.009
0
-0.718
0
0.12
0
0.684
0
0.781
0
0.735
0
1.99
0
-0.946
0
-1.054
4.089
0
-0.074
0
-0.746
0
-0.452
1
5.065
1
1.911
1
-3.866
1
-5.102
0
-0.05
0
14.832
0
-4.549
0
-0.311
1
-8.217
1
5.925
0
-0.048
1
-1.039
1
0.592
0
0.692
0
-1.96
0
-12.679
1
3.239
1
-3.437
0
-0.521
1
1.785
1
5.436
0
-0.493
0
-0.707
0
0.241
0
0.00999999
0
0.48
0
4.089
1.042
0
-0.499
1
-13.835
0
-0.104
0
-0.98
0
0.418
1
4.777
1
-3.548
0
-0.936
0
-0.506
1
0.825
0
-0.919
0
-0.407
0
0.831
1
-5.167
0
0.36
1
-1.184
0
-0.241
0
0.122
1
-1.433
0
-0.617
0
0.68
1
-21.939
0
0.121
0
-0.797
0
-0.54
0
0.542
1
-0.512
1
-8.207
0
0.404
0
1.042
-4.516
1
-8.273
1
-15.027
0
-0.021
0
-0.259
1
-0.7
0
0.475
1
3.545
0
0.949
0
-0.935
0
-0.217
0
0.956
1
4.425
0
-0.563
0
-0.326
1
-4.414
0
0.901
0
0.466
0
-0.657
0
-0.835
0
-3.947
0
-0.128
0
-0.559
0
0.125
1
-4.584
0
-0.056
0
0.819
1
-1.359
0
-0.456
0
0.786
1
-4.516
-1.467
1
-1.134
0
0.556
0
-0.656
0
0.828
1
-4.341
1
-7.676
1
-4.522
0
-0.856
0
0.492
0
-0.205
1
-4.543
0
-0.07
0
-0.29
0
-2.02
1
5.562
0
0.614
0
0.367
1
1.404
0
0.611
0
-0.506
1
2.346
0
0.118
0
-0.297
1
-0.11
0
-0.885
1
5.455
0
1.611
1
-5.402
0
0.865
0
-1.467


0.348
0
-0.709
0
-0.435
0
0.999
0
-0.227
0
-0.308
0
0.406
1
-3.926
0
0.109
0
-0.546
0
0.98
1
0.201
0
0.163
0
-0.989
0
-0.629
0
0.634
0
0.873
0
-0.559
1
-0.00199997
0
0.525
1
-0.907
0
-0.898
0
-0.695
0
-0.024
0
0.15
0
-0.777
0
-0.878
0
-0.645
0
0.501
0
-0.377
0
0.348


0
0
-0.121
0
-0.847
0
-0.989
0
-0.344
0
-0.039
0
-0.121
0
0.271
0
-0.431
0
0.504
0
-0.711
0
-0.909
0
0.061
0
0.00699997
0
-0.893
0
0.868
0
0.867
0
-0.733
0
0.86
0
0.424
0
-0.023
0
-0.569
0
-0.194
0
-0.509
0
-0.823
0
-0.283
0
0.505
0
0.451
0
-0.986
0
0.836
0
0
0
0
-0.351
0
0.133
0
-0.989
0
-0.663
0
0.311
0
0.955
0
0.294
0
-0.445
0
0.878
0
0.841
0
0.723
0
-0.093
0
0.752
0
-0.00199997
0
-0.396
0
0.774
0
-0.202
0
0.799
0
0.739
0
0.046
0
-0.407
0
0.692
0
0.733
0
-0.537
0
-0.107
0
0.95
0
0.516
0
0.203
0
0.88
0
0
0
0
0.595
0
0.729
0
0.69
0
-0.742
0
0.608
0
-0.204
0
-0.764
0
-0.944
0
0.265
0
-0.555
0
-0.581
0
0.475
0
-0.267
0
0.97
0
-0.882
0
-0.264
0
-0.837
0
-0.754
0
0.734
0
0.803
0
0.472
0
-0.212
0
0.171
0
-0.853
0
0.385
0
0.161
0
0.33
0
-0.781
0
-0.438
0
0
0
0
0.09
0
-0.602
0
-0.581
0
-0.539
0
0.349
0
0.111
0
0.438
0
0.172
0
-0.677
0
-0.12
0
0.862
0
0.725
0
-0.886
0
-0.478
0
-0.876
0
-0.129
0
-0.28
0
0.972
0
0.595
0
0.023
0
-0.844
0
-0.257
0
0.935
0
-0.602
0
0.814
0
-0.856
0
-0.493
0
0.235
0
0.749
0
0
0
0
-0.533
0
0.223
0
0.872
0
-0.884
0
0.134
0
-0.122
0
0.335
0
0.661
0
0.523
0
-0.527
0
-0.07
0
-0.638
0
-0.513
0
0.344
0
0.658
0
0.645
0
0.922
0
-0.707
0
-0.206
0
0.796
0
0.626
0
0.575
0
-0.902
0
-0.027
0
-0.867
0
-0.512
0
-0.25
0
-0.669
0
-0.416
0
0
0
0
-0.271
0
0.413
0
-0.035
0
0.402
0
-0.137
0
-0.755
0
-0.804
0
-0.423
0
0.379
0
0.746
0
-0.903
0
0.133
0
-0.951
0
0.513
0
0.397
0
-0.9
0
0.454
0
0.326
0
0.333
0
0.035
0
-0.255
0
-0.648
0
0.826
0
0.051
0
-0.212
0
-0.474
0
-0.168
0
-0.671
0
-0.79
0
0
0
0
-0.754
0
-0.679
0
-0.491
0
0.49
0
-0.276
0
0.641
0
-0.125
0
-0.441
0
0.562
0
0.989
0
0.225
0
-0.533
0
-0.206
0
0.202
0
0.692
0
0.642
0
-0.295
0
0.798
0
0.139
0
0.242
0
-0.473
0
-0.788
0
0.784
0
-0.418
0
0.08
0
0.596
0
-0.341
0
-0.738
0
-0.638
0
0
0
0
-0.164
0
-0.552
0
-0.196
0
-0.646
0
-0.112
0
0.926
0
0.309
0
0.111
0
0.286
0
0.293
0
-0.00999999
0
0.502
0
-0.626
0
0.569
0
0.51
0
-0.081
0
-0.259
0
0.674
0
-0.586
0
-0.19
0
0.866
0
0.92
0
0.37
0
-0.414
0
-0.188
0
-0.294
0
0.103
0
-0.157
0
0.874
0
0
0
0
-0.486
0
0.674
0
0.448
0
0.579
0
0.244
0
0.998
0
0.287
0
-0.407
0
-0.342
0
-0.005
0
0.505
0
-0.404
0
-0.413
0
0.988
0
0.00199997
0
-0.467
0
0.938
0
-0.04
0
0.333
0
-0.17
0
0.946
0
-0.265
0
-0.484
0
0.574
0
0.967
0
0.082
0
-0.119
0
-0.198
0
-0.985
0
0
0
0
-0.25
0
0.721
0
0.267
0
0.48
0
-0.699
0
-0.596
0
-0.893
0
0.6
0
-0.603
0
0.763
0
-0.794
0
-0.331
0
-0.953
0
0.879
0
-0.468
0
-0.012
0
0.238
0
0.27
0
0.393
0
-0.878
0
0.597
0
0.851
0
-0.872
0
-0.563
0
0.277
0
-0.09
0
0.562
0
-0.635
0
0.983
0
0


8.189
1
-4.999
1
-6.657
1
8.248
1
-4.247
1
-12.654
0
-0.845
1
0.704
1
1.913
1
-1.711
1
-0.711
1
-12.43
1
-1.747
0
-0.543
0
0.728
1
0.956
1
1.287
0
0.099
1
-1.479
0
0.071
1
-3.327
1
-7.915
0
0.479
1
-1.975
0
-0.454
0
0.0779999
0
-0.688
1
-4.832
0
0.659
1
0.132
1
8.189
2.655
1
5.35
1
7.144
0
-2.576
1
0.849
0
-0.738
1
-8.741
0
10.562
0
0.465
1
-2.437
0
0.269
1
-2.649
1
-1.758
1
0.543
0
0.162
0
-0.449
0
-0.587
1
6.631
1
-1.904
1
8.658
0
-0.128
0
-4.413
0
-0.36
0
0.533
0
-0.096
0
0.591
0
-0.557
0
6.773
1
1.569
0
0.225
1
2.655
-4.105
0
-0.632
0
-0.794
0
-0.264
0
0.77
0
0.995
1
-1.301
1
-1.386
1
0.945
1
0.6
0
0.319
0
0.827
0
-0.596
0
0.429
1
0.021
1
-3.179
1
4.272
0
3.561
1
-2.319
0
-0.319
0
-0.655
1
-4.841
0
0.896
1
9.085
0
-0.842
0
0.883
0
-0.683
0
12.783
1
-1.251
1
2.842
0
-4.105
-5.322
0
9.203
0
0.316
0
0.426
0
0.624
0
0.268
1
-10.906
0
-9.544
1
9.124
1
-5.062
1
-0.125
0
-0.639
0
0.457
0
-0.348
1
-11.02
1
-9.246
0
-0.636
0
0.239
1
10.907
0
0.49
0
-0.445
0
-0.884
0
0.097
1
-6.042
1
-11.456
0
-0.598
1
1.407
0
-6.388
0
-1.356
0
-0.297
0
-5.322
0.741
0
-0.072
0
-0.76
0
-0.831
0
0.649
0
0.647
1
1.491
0
0.024
0
-0.99
0
0.082
0
-0.133
0
0.934
0
4.668
0
0.671
0
-0.124
1
4.208
0
-0.38
0
0.052
1
4.059
0
-0.495
1
-1.46
0
-0.424
0
-5.361
0
-0.663
0
-0.558
0
0.103
1
5.096
1
-11.525
0
0.486
1
-1.479
1
0.741
0
0
-0.824
0
-0.058
0
-0.823
0
0.592
0
-0.692
0
-0.909
0
0.52
0
0.105
0
-0.201
0
-0.912
1
-7.59
1
-1.16
0
0.47
0
-0.267
0
0.548
0
-0.419
0
-0.367
0
-0.966
0
0.274
0
0.883
1
0.56
0
0.406
1
-0.711
0
-0.292
0
0.832
1
-3.493
1
3.869
0
-0.686
1
8.285
0
0


-9.133
1
-2.85
1
-14.122
0
0.637
1
1.703
1
2.292
0
10.246
0
-0.77
1
5.55
0
-0.376
0
-0.848
0
-0.078
0
-0.144
1
-1.103
1
1.018
0
5.783
0
-0.58
0
-0.098
1
-5.446
0
-0.516
0
-0.923
0
-0.965
0
-0.552
0
0.391
1
0.484
0
0.369
0
-1.34
0
-12.057
0
1.834
0
-7.883
0
-9.133
-0.988
0
0.632
0
-1.24
1
-2.297
0
0.373
0
-0.416
0
-0.615
0
0.283
0
-0.754
0
-0.212
1
-5.797
0
-0.027
0
0.67
1
0.76
0
0.234
0
0.687
1
1.445
1
-2.097
1
17.213
1
-0.42
0
0.18
0
0.025
0
-0.352
0
0.022
1
-7.195
0
-0.643
0
0.353
0
0.637
1
-5.423
1
3.254
0
-0.988
-2.034
0
-0.538
0
-0.129
1
-0.63
0
0.677
1
1.265
1
1.926
1
4.529
0
3.175
1
-2.468
0
5.253
0
0.306
0
-0.593
0
1.712
0
0.464
0
-1.723
1
0.673
0
0.584
0
0.515
0
-0.63
0
-0.882
0
-0.04
0
0.789
1
2.089
0
-0.333
1
-3.784
1
-3.269
1
8.198
1
-0.114
0
-0.851
0
-2.034
3.534
0
5.69
1
-6.587
0
-0.6
0
0.887
0
1.011
0
0.728
0
0.747
0
-0.582
1
7.689
0
-4.231
0
0.968
1
1.02
0
-0.555
0
-3.257
1
-3.399
0
0.361
0
0.174
1
-0.027
0
-0.622
1
-0.238
0
-0.044
0
0.498
0
-0.525
0
-0.492
0
0.76
0
0.468
1
3.55
1
-4.552
0
-0.085
0
3.534
-24.976
0
-5.963
1
-3.379
0
-0.308
1
-4.4
0
-0.023
0
0.683
1
1.555
0
0.116
1
4.203
1
10.109
1
1.103
0
0.77
0
-1.45
0
-0.145
0
13.912
1
-0.372
1
-2.342
0
-0.795
0
0.461
0
-0.742
1
0.14
1
-12.35
0
-0.935
0
-0.775
0
0.322
0
0.14
0
0.509
0
-0.544
0
0.433
1
-24.976
-4.129
0
-6.032
0
-0.488
1
-9.156
1
-8.856
1
-0.184
0
-15.034
1
-0.782
0
-3.082
0
-10.897
0
0.56
0
-0.494
1
3.779
0
-0.358
0
-0.026
0
0.485
0
0.623
0
0.828
0
-0.937
0
0.706
1
7.846
1
16.179
1
-6.903
0
-5.824
0
2.601
1
-1.429
0
-0.802
0
0.039
1
4.983
0
-0.25
0
-4.129


-1.105
1
2.298
0
-0.306
1
3.866
0
0.067
0
0.547
1
-1.148
0
0.955
0
0.12
0
0.773
0
-0.236
0
0.594
0
-0.82
0
0.356
1
-4.811
1
-8.257
0
-0.272
0
-0.613
0
0.899
1
-3.188
1
-1.605
1
-4.989
1
-5.19
0
0.488
1
-6.761
1
1.611
0
0.479
1
-7.608
1
0.718
0
0.181
0
-1.105
-2.322
0
0.202
0
-0.763
0
0.883
0
-0.182
0
-0.77
0
-0.027
0
-0.456
0
-0.745
0
0.13
0
5.46
1
-16.253
0
0.301
1
-2.199
1
-1.054
1
-4.933
1
7.523
0
0.519
0
0.37
0
-0.89
0
-0.125
1
-2.278
0
0.401
0
0.718
0
-0.907
1
-10.808
0
-3.224
1
-1.143
0
0.766
0
-0.127
0
-2.322
-0.141
0
0.575
0
0.282
0
0.24
0
-0.789
0
-0.541
0
-0.861
0
0.411
0
0.377
0
-0.177
0
0.844
0
0.235
0
-0.969
0
0.793
0
-0.015
0
0.428
1
0.302
0
-0.722
0
-0.125
0
-0.516
0
-0.555
0
0.446
0
0.2
0
0.536
1
1.293
0
0.107
1
-1.75
0
0.327
0
-0.343
1
-2.771
0
-0.141
0.939
0
-0.573
0
-0.223
1
0.563
0
5.675
1
8.254
0
0.716
0
2.067
0
-4.755
0
-4.62
0
0.671
0
-0.512
0
-0.884
0
0.8
0
-0.257
0
0.221
0
0.877
1
-1.031
0
0.84
1
-10.365
1
-9.685
0
-4.372
0
0.717
1
-6.01
0
0.214
0
-14.273
1
-1.857
1
14.316
0
-0.153
0
0.259
0
0.939
-3.704
0
0.592
1
-0.812
1
-6.083
0
-0.74
0
0.212
0
-0.205
0
-0.677
0
-0.199
0
0.514
0
-4.575
1
-3.197
0
1.816
0
-8.443
1
-1.763
0
0.775
0
-15.032
1
0.024
0
-0.294
1
-0.187
0
-0.473
0
-0.711
0
0.00499996
1
4.932
0
-0.903
0
-0.227
0
0.0880001
1
-9.26
1
0.817
1
4.941
0
-3.704
1.11
0
-0.907
0
0.237
0
0.864
1
0.843
0
-0.867
0
0.637
0
-0.7
1
1.663
0
0.714
0
0.084
1
0.353
0
0.135
0
-0.793
0
-0.208
0
-0.904
0
-0.391
0
-0.225
0
-0.991
0
0.109
0
-0.128
1
0.111
0
-0.963
0
0.451
0
-5.322
1
12.971
0
-0.54
0
-0.058
0
-0.833
0
0.794
0
1.11


0
0
0.856
0
-0.376
0
-0.797
0
-0.257
1
0.054
0
-0.885
0
0.217
0
0.417
0
-0.382
0
0.803
0
2.826
0
0.965
0
-0.238
0
0.912
0
-0.989
0
-0.394
1
-7.183
0
0.233
0
0.978
0
0.506
0
0.379
0
0.988
0
-0.706
0
-0.227
0
-0.239
1
0.114
0
-0.217
0
-0.517
1
-1.474
1
0
