

0
0
-0.905
0
0.414
0
-0.2
0
-0.209
0
0.923
0
-0.989
0
-0.652
0
0.354
0
0.956
0
-0.958
0
-0.766
0
0.231
0
-0.005
0
-0.649
0
0.826
0
0.456
0
0.795
0
-0.00599998
0
0.424
0
0.962
0
0.694
0
-0.979
0
0.0779999
0
0
0
0
0.679
0
-0.433
0
0.38
0
0.105
0
0.883
0
0.505
0
-0.821
0
0.518
0
0.546
0
-0.142
0
0.902
0
-0.734
0
-0.76
0
-0.025
0
0.00699997
0
0.673
0
0.358
0
-0.352
0
0.498
0
0.885
0
0.435
0
0.872
0
0.748
0
0
0
0
-0.228
0
-0.054
0
0.81
0
-0.228
0
-0.366
0
0.268
0
-0.228
0
-0.602
0
0.044
0
0.09
0
-0.227
0
-0.607
0
0.365
0
0.205
0
-0.717
0
0.525
0
-0.293
0
-0.095
0
-0.932
0
-0.301
0
0.565
0
-0.967
0
-0.61
0
0
0
0
0.26
0
-0.291
0
0.023
0
0.028
0
-0.625
0
0.08
0
0.849
0
0.932
0
0.011
0
-0.779
0
0.87
0
-0.33
0
-0.352
0
-0.636
0
0.224
0
0.823
0
-0.19
0
0.386
0
0.013
0
-0.149
0
-0.429
0
0.599
0
-0.939
0
0
0
0
-0.094
0
-0.00300002
0
0.024
0
-0.927
0
0.219
0
-0.452
0
-0.977
0
-0.204
0
0.425
0
-0.34
0
-0.914
0
-0.615
0
0.933
0
0.355
0
-0.731
0
-0.292
0
0.463
0
-0.478
0
0.753
0
-0.018
0
-0.96
0
0.27
0
-0.939
0
0
0
0
-0.963
0
0.73
0
0.788
0
-0.184
0
0.915
0
-0.087
0
0.949
0
-0.886
0
0.942
0
0.582
0
0.854
0
-0.976
0
0.879
0
-0.000999987
0
-0.374
0
0.595
0
0.858
0
-0.604
0
0.755
0
0.493
0
-0.753
0
0.33
0
-0.635
0
0
0
0
-0.757
0
-0.388
0
0.12
0
0.999
0
-0.207
0
0.0319999
0
-0.609
0
0.267
0
0.867
0
-0.936
0
-0.96
0
-0.497
0
0.59
0
-0.819
0
-0.834
0
-0.386
0
-0.505
0
0.641
0
-0.651
0
0.257
0
-0.528
0
-0.881
0
-0.159
0
0
0
0
-0.076
0
0.238
0
-0.883
0
-0.471
0
-0.61
0
-0.272
0
0.00399995
0
0.525
0
0.884
0
-0.859
0
-0.235
0
0.689
0
0.967
0
-0.201
0
-0.531
0
0.077
0
-0.232
0
-0.411
0
0.593
0
0.929
0
0.922
0
-0.635
0
0.292
0
0
0
0
-0.045
0
0.828
0
0.665
0
-0.582
0
-0.611
0
-0.352
0
0.323
0
-0.812
0
-0.206
0
-0.86
0
0.459
0
-0.032
0
-0.408
0
0.697
0
-0.993
0
0.766
0
-0.147
0
0.734
0
-0.403
0
-0.92
0
0.72
0
-0.852
0
-0.959
0
0
0
0
0.304
0
0.459
0
0.547
0
-0.154
0
0.298
0
-0.076
0
0.869
0
0.816
0
0.854
0
-0.254
0
-0.253
0
0.062
0
-0.984
0
0.459
0
-0.388
0
-0.928
0
0.686
0
-0.649
0
-0.638
0
0.734
0
0.673
0
0.584
0
0.384
0
0


8.39
1
0.381
0
-47.074
1
-5.746
0
0.481
1
0.483
0
-3.016
1
-15.267
1
-11.981
1
-10.298
1
12.009
0
0.544
1
-16.388
0
7.61
0
5.468
1
19.911
1
2.785
1
0.746
0
0.523
0
-0.287
1
-15.984
1
-18.567
0
9.448
0
-0.07
0
8.39
9.604
1
-6.826
0
-0.501
1
-21.574
0
8.769
1
-32.426
0
14.632
1
-42.072
1
4.848
1
2.369
0
0.136
1
-7.367
0
0.738
0
-0.546
1
5.026
1
-8.685
1
10.842
0
1.353
1
-21.859
0
12.705
0
1.2
1
-3.788
0
-0.382
0
0.752
0
9.604
-17.767
1
-0.528
1
0.784
0
-0.308
0
0.268
0
0.171
1
10.828
1
-6.44
0
-0.434
0
-0.89
0
-0.429
0
0.895
1
-34.611
0
0.213
0
0.403
0
0.314
0
0.309
1
-13.399
0
-1.654
1
15.772
1
-3.671
0
-8.858
0
-8.288
0
6.717
1
-17.767
0.694
1
-12.998
1
-1.861
1
-2.236
0
0.329
1
-6.866
0
0.161
0
-0.415
0
0.067
0
0.186
0
0.742
0
-15.758
1
-14.543
0
0.863
0
-0.649
0
0.707
0
-3.707
1
-23.621
1
-22.51
0
0.747
1
-3.37
1
5.251
1
17.151
0
-0.819
0
0.694
-21.087
1
20.655
0
0.516
1
-28.434
0
-0.048
1
-7.362
1
-37.233
0
16.254
0
-0.805
1
28.894
1
-31.7
0
8.131
0
-19.306
0
-0.416
0
-1.681
0
-0.341
1
-23.578
1
-5.898
0
-0.74
0
-0.29
1
-11.564
1
-4.249
1
-21.419
1
6.074
0
-21.087
-33.717
1
-6.672
1
-2.127
0
13.761
1
-9.738
1
3.64
0
0.249
1
43.091
0
-0.062
1
-9.363
1
3.041
0
0.0319999
1
-11.54
0
-24.799
0
0.514
0
0.705
1
-20.445
0
-0.714
0
-0.432
1
-4.366
1
-1.609
1
2.95
0
0.721
0
-14.296
0
-33.717


-3.632
0
-0.481
0
0.057
0
-13.804
1
-33.144
1
7.501
0
-19.446
0
-0.509
0
4.888
0
-13.473
1
10.031
1
2.096
0
-4.572
0
-12.411
0
-21.674
0
-0.428
0
4.505
0
0.506
0
0.586
0
0.545
1
-4.375
0
-0.453
1
-31.666
0
-0.164
0
-3.632
24.827
0
-0.264
0
-5.422
0
-1
0
-0.274
1
-7.125
1
14.337
0
17.863
1
-14.368
1
6.503
1
9.256
0
3.946
0
0.441
1
-36.85
0
0.622
0
-2.471
0
-5.654
0
0.515
0
0.138
1
-2.071
0
-0.603
1
-9.963
0
-18.534
1
15.823
0
24.827
-6.185
1
2.826
1
-12.81
0
-0.288
0
-0.174
0
-32.678
1
-19.325
0
0.126
1
-31.272
0
-30.397
1
11.804
0
-0.582
0
0.792
1
-47.539
0
-0.578
1
-5.695
1
13.461
1
-30.509
0
-0.982
1
5.81
1
-13.198
0
4.249
0
-10.576
0
0.123
0
-6.185
-11.761
0
4.754
0
1.053
0
-7.377
0
-4.243
1
-13.095
1
-69.07
1
-5.917
0
-9.756
1
2.882
0
3.956
0
-6.137
0
-9.702
1
-17.789
1
-41.448
0
5.489
0
-5.979
1
5.601
1
-31.952
0
-0.079
1
-39.405
0
-0.876
1
5.382
0
-0.436
0
-11.761
-9.913
0
-0.336
0
0.122
0
0.369
1
-6.808
1
-0.55
0
0.727
1
-16.513
0
0.596
0
-0.995
1
23.657
0
0.564
1
-19.916
0
-0.107
1
-46.094
1
10.971
0
-11.223
1
12.754
1
-25.166
0
-0.478
0
-0.829
1
3.787
1
-15.59
1
1.384
0
-9.913
-5.086
0
-0.867
1
0.62
1
-0.566
0
0.098
1
3.1
0
3.093
1
0.834
0
0.00800002
0
4.028
0
0.442
0
0.642
0
-0.512
1
-6.96
1
3.826
1
-2.782
0
0.233
1
-9.165
1
6.995
0
-3.876
1
5.543
0
-17.695
0
-26.59
0
-0.869
1
-5.086


-6.181
1
-0.559
0
-0.132
0
-0.142
1
-3.427
0
0.854
1
-4.917
1
-6.832
0
-0.586
0
0.115
0
-0.56
0
0.043
0
-0.314
1
4.598
1
-0.06
0
-0.106
0
0.488
0
-0.475
0
-0.893
0
-0.789
1
-0.246
0
0.584
0
0.883
1
-4.547
1
-6.181


0
0
0.063
0
0.965
0
-0.866
0
-0.654
0
-0.499
0
-0.261
0
-0.674
0
0.347
0
0.115
0
-0.752
0
-0.186
0
-0.161
0
-0.632
0
0.052
0
-0.297
0
-0.359
0
0.644
0
-0.454
0
0.999
0
-0.187
0
0.81
0
0.523
0
-0.487
0
0
0
0
-0.05
0
0.14
0
0.643
0
-0.532
0
-0.426
0
0.851
0
-0.626
0
-0.294
0
-0.435
0
-0.315
0
0.184
0
0.619
0
0.496
0
0.454
0
0.343
0
-0.872
0
-0.198
0
0.086
0
0.842
0
-0.073
0
0.917
0
0.216
0
-0.201
0
0
0
0
0.438
0
-0.046
0
-0.347
0
-0.167
0
-0.813
0
0.192
0
-0.04
0
-0.506
0
0.449
0
0.045
0
-0.403
0
0.034
0
-0.956
0
-0.741
0
0.331
0
-0.176
0
0.039
0
-0.131
0
0.893
0
0.249
0
0.285
0
-0.397
0
0.525
0
0
0
0
-0.842
0
0.98
0
0.077
0
-0.412
0
0.31
0
0.4
0
-0.749
0
-0.107
0
0.785
0
-0.713
0
0.785
0
0.034
0
-0.505
0
0.124
0
-0.16
0
0.512
0
0.476
0
0.4
0
0.425
0
0.82
0
0.878
0
0.154
0
0.984
0
0
0
0
0.698
0
0.368
0
-0.323
0
0.215
0
0.394
0
-0.08
0
0.749
0
-0.214
0
0.486
0
-0.923
0
0.61
0
-0.401
0
-0.402
0
0.816
0
0.026
0
-0.565
0
-0.551
0
-0.711
0
-0.868
0
0.554
0
0.716
0
0.884
0
-0.401
0
0
0
0
0.755
0
0.506
0
-0.401
0
0.8
0
-0.1
0
0.284
0
0.931
0
-0.565
0
-0.851
0
0.701
0
-0.31
0
0.232
0
-0.723
0
-0.156
0
-0.304
0
-0.106
0
0.692
0
0.218
0
0.441
0
-0.714
0
-0.691
0
0.638
0
0.072
0
0
0
0
-0.453
0
-0.096
0
-0.446
0
-0.933
0
0.744
0
-0.135
0
-0.294
0
-0.503
0
0.718
0
-0.858
0
-0.699
0
-0.331
0
0.703
0
-0.428
0
-0.777
0
0.278
0
0.644
0
-0.411
0
-0.289
0
-0.865
0
0.84
0
-0.642
0
0.747
0
0
0
0
0.27
0
0.433
0
0.483
0
-0.71
0
0.064
0
0.956
0
-0.00199997
0
0.022
0
-0.798
0
0.628
0
0.908
0
0.113
0
0.535
0
-0.543
0
-0.719
0
-0.552
0
-0.422
0
-0.208
0
0.233
0
0.749
0
-0.107
0
-0.489
0
-0.555
0
0
0
0
-0.394
0
0.752
0
0.785
0
-0.483
0
-0.69
0
-0.472
0
0.392
0
-0.668
0
0.951
0
-0.295
0
0.213
0
0.283
0
0.429
0
-0.261
0
-0.715
0
0.456
0
-0.198
0
0.239
0
-0.06
0
0.89
0
-0.086
0
-0.331
0
0.208
0
0
0
0
0.0829999
0
-0.386
0
0.364
0
0.00199997
0
0.193
0
0.684
0
-0.285
0
-0.363
0
-1
0
-0.905
0
0.885
0
-0.361
0
-0.596
0
0.446
0
-0.236
0
-0.449
0
0.583
0
0.63
0
0.336
0
-0.851
0
0.409
0
0.048
0
-0.438
0
0


5.474
0
-0.664
0
-0.027
0
-0.672
0
-2.264
0
0.768
1
-8.088
0
-0.42
1
-1.664
1
-5.708
1
4.84
0
-0.56
1
-12.69
1
-33.049
0
-0.951
0
-2.336
0
-4.23
0
0.238
0
-2.556
1
12.974
1
-15.518
1
-4.376
0
-14.979
1
-12.013
0
5.474
1.413
0
0.169
0
0.372
0
-0.976
0
-0.814
1
-1.466
1
1.937
0
-0.401
1
-0.1
0
-0.452
0
-0.183
1
-23.484
1
8.977
1
8.118
1
11.212
0
-48.417
1
7.5
1
-5.687
1
-30.524
0
-0.723
1
-6.057
1
4.584
1
1.551
1
-0.852
0
1.413
-2.374
1
-39.17
1
-23.773
0
-6.088
0
17.629
1
-26.59
1
-4.857
1
-18.384
0
0.834
0
-8.816
1
-8.695
0
0.048
1
-17.134
0
29.02
0
0.598
0
-0.159
1
-35.118
0
-0.95
1
18.527
0
0.839
0
-15.148
1
-5.141
1
-10.281
0
-1.462
1
-2.374
-14.6
0
3.909
0
-0.104
0
-0.941
0
-29.316
1
4.589
0
-0.02
0
0.852
0
-3.971
0
-2.698
1
-17.145
0
-4.834
0
-0.747
1
3.87
0
-8.563
1
-3.17
1
4.362
1
-14.902
0
-0.745
1
5.902
0
-6.457
0
-1.828
0
8.893
1
-1.297
1
-14.6
-15.05
1
-7.485
1
-3.948
0
0.369
0
-0.991
1
-1.719
0
3.054
0
-10.874
1
21.053
1
-17.775
1
15.973
1
0.655
0
0.97
0
0.157
1
2.603
0
-0.994
0
-0.612
0
7.637
1
38.239
0
-13.886
0
-2.515
1
-2.594
0
-0.275
1
-3.055
1
-15.05
-13.661
1
0.118
0
0.963
1
3.29
0
-0.746
1
-2.961
1
-25.64
1
2.178
1
-24.317
0
-14.718
0
13.481
1
-10.136
1
-33.845
0
0.207
1
12.964
1
5.809
0
-0.708
1
-29.044
1
-25.253
1
-27.674
1
0.714
0
-0.00599998
0
-21.027
0
14.225
1
-13.661


12.158
1
-24.219
0
-1.081
1
-4.163
0
0.559
1
-21.759
0
3.604
0
-0.925
0
-1.151
1
4.24
1
-19.799
1
6.38
0
-2.509
0
-23.675
0
-9.644
1
-3.484
0
-31.46
1
1.434
0
-13.291
0
-0.989
0
15.781
0
-0.401
0
9.05
1
-0.089
0
12.158
-32.31
0
-12.228
1
-3.006
1
3.955
1
-10.154
1
-38.089
0
-13.781
0
-6.312
0
0.205
0
0.208
0
-0.46
1
-64.886
0
0.075
0
4.249
0
-0.552
0
4.835
0
7.928
0
-2.497
0
-9.591
0
-18.491
0
6.366
1
-2.337
1
-71.444
1
-13.134
1
-32.31
9.786
1
-10.779
1
-4.963
1
5.148
1
-1.633
1
-17.945
0
-0.011
0
0.823
1
-7.509
1
6.313
0
-0.466
0
0.418
1
3.936
1
11.06
1
7.127
1
-1.054
0
-8.967
0
-4.011
1
-28.965
0
-63.642
0
-0.487
1
-6.594
1
3.063
1
-8.299
0
9.786
-48.4
1
14.936
1
-25.005
1
7.319
1
-7.084
0
0.233
1
-6.97
1
-16.736
0
0.114
0
-0.681
1
6.237
1
-0.044
0
0.35
1
-31.309
1
-1.276
0
10.697
1
-18.459
1
2.996
1
23.878
0
-0.37
1
-7.086
0
0.348
1
-6.944
1
-9.21
1
-48.4
-5.093
1
5.109
0
-10.962
1
-8.876
0
-2.781
1
6.068
0
0.219
1
-4.127
1
-28.249
1
-12.518
0
0.248
0
3.671
1
-1.43
1
-8.313
1
-39.721
0
0.46
1
6.651
0
0.205
0
-1.155
0
2.387
0
-0.451
0
-10.091
1
5.229
1
-8.17
1
-5.093
12.939
1
-1.355
1
-6.98
1
-32.332
0
0.27
0
-2.477
0
5.828
0
5.058
1
-21.757
1
-7.095
1
-8.882
0
-0.227
0
-0.305
0
-0.164
0
-0.359
1
29.461
0
-0.772
0
-0.385
0
-2.378
0
-1.815
0
-2.263
0
0.599
0
0.596
0
0.717
1
12.939


0
1
0.056
0
-0.375
0
-0.356
1
-3.145
0
0.958
0
0.0930001
1
4.187
0
-0.984
0
0.394
0
-0.271
1
0.477
1
-0.701
1
2.924
0
0.198
0
-0.602
0
0.526
0
0.786
1
0.142
0
0.813
1
0.136
1
-1.071
0
-0.41
0
-0.575
1
0


0
0
-0.828
0
0.169
0
0.297
0
-0.675
0
-0.216
0
-0.53
0
-0.556
0
-0.789
0
0.398
0
0.162
0
-0.59
0
0.443
0
0.499
0
-0.906
0
-0.982
0
-0.267
0
0.909
0
-0.229
0
0.716
0
-0.294
0
-0.227
0
0.85
0
-0.363
0
0
0
0
0.466
0
0.416
0
0.4
0
-0.972
0
0.011
0
0.255
0
0.667
0
-0.398
0
0.633
0
0.746
0
-0.983
0
0.25
0
-0.981
0
0.631
0
-0.181
0
0.779
0
-0.14
0
-0.118
0
0.177
0
-0.187
0
-0.894
0
0.959
0
0.493
0
0
0
0
-0.842
0
-0.565
0
-0.53
0
-0.398
0
-0.546
0
0.191
0
0.67
0
0.097
0
0.998
0
0.861
0
0.066
0
0.515
0
-0.288
0
0.206
0
-0.14
0
0.448
0
-0.746
0
0.641
0
0.724
0
-0.272
0
0.017
0
-0.751
0
-0.203
0
0
0
0
-0.522
0
0.281
0
-1
0
-0.634
0
0.91
0
0.874
0
0.906
0
0.112
0
0.221
0
-0.869
0
0.893
0
0.965
0
0.403
0
-0.882
0
0.028
0
-0.522
0
0.157
0
-0.217
0
0.201
0
0.599
0
-0.546
0
-0.064
0
-0.171
0
0
0
0
-0.962
0
0.292
0
-0.755
0
0.005
0
0.133
0
0.668
0
-0.797
0
-0.077
0
-0.632
0
0.271
0
0.248
0
-0.24
0
-0.925
0
0.522
0
-0.288
0
0.777
0
0.044
0
0.445
0
0.895
0
0.377
0
-0.329
0
0.699
0
-0.505
0
0
0
0
-0.028
0
0.861
0
0.147
0
-0.113
0
-0.27
0
0.274
0
-0.229
0
-0.527
0
-0.24
0
-0.175
0
0.672
0
0.529
0
-0.11
0
0.564
0
0.479
0
0.52
0
0.769
0
-0.82
0
-0.567
0
-0.589
0
0.197
0
0.657
0
-0.794
0
0
0
0
-0.618
0
0.202
0
0.257
0
0.056
0
0.945
0
-0.729
0
0.129
0
-0.611
0
-0.454
0
-0.973
0
0.138
0
-0.163
0
-0.591
0
0.092
0
-0.941
0
0.3
0
0.213
0
0.073
0
-0.67
0
-0.84
0
-0.637
0
-0.654
0
-0.366
0
0
0
0
0.563
0
0.802
0
0.754
0
-0.103
0
0.381
0
0.538
0
-0.585
0
-0.334
0
0.509
0
-0.364
0
0.474
0
0.285
0
-0.047
0
-0.68
0
0.365
0
-0.891
0
0.92
0
-0.057
0
0.879
0
-0.916
0
-0.63
0
-0.259
0
0.432
0
0
0
0
0.945
0
0.375
0
-0.202
0
0.117
0
-0.177
0
0.737
0
-0.083
0
0.629
0
-0.696
0
-0.709
0
0.177
0
-0.507
0
0.776
0
-0.591
0
-0.069
0
0.011
0
-0.6
0
0.904
0
0.691
0
-0.337
0
0.308
0
-0.839
0
-0.585
0
0
0
0
0.783
0
-0.597
0
-0.051
0
0.983
0
-0.668
0
0.208
0
0.15
0
0.149
0
-0.298
0
-0.904
0
0.847
0
-0.587
0
-0.496
0
0.681
0
0.887
0
-0.963
0
-0.666
0
-0.272
0
0.502
0
-0.583
0
-0.72
0
-0.537
0
-0.805
0
0


-6.214
1
9.664
0
-0.17
1
-6.066
0
0.497
1
-16.277
0
-0.157
0
-0.389
1
-0.606
0
-1.126
1
-17.328
1
-32.353
0
0.91
1
-31.89
1
-1.472
1
-3.522
0
-0.654
1
0.728
1
5.999
0
0.058
1
-32.787
0
0.284
0
0.283
0
-26.507
0
-6.214
-2.848
1
2.021
0
-11.943
0
-6.377
0
0.637
1
-13.185
0
-15.691
1
-12.79
0
-0.22
1
-1.434
1
4.242
1
6.22
0
0.961
1
-10.282
0
-0.833
0
-27.941
0
0.186
0
-30.057
0
-18.954
1
-0.973
0
-0.792
0
-6.275
0
20.39
0
-0.933
0
-2.848
-4.953
1
-20.364
0
-2.176
1
-28.302
0
0.926
0
-0.758
0
-0.69
0
-8.598
0
-0.186
0
-22.787
0
0.204
1
-18.268
1
3.362
0
7.04
1
3.825
0
-10.272
0
1.446
0
6.535
0
0.122
1
12.005
0
-3.685
1
-24.2
1
-7.587
0
-0.891
0
-4.953
-9.227
1
-39.691
1
-0.933
0
-5.014
0
-6.318
0
-0.376
1
3.032
0
-0.991
0
-2.328
0
-5.521
0
-0.164
1
-0.448
0
-6.697
1
-16.546
0
0.064
1
2.675
1
-3.677
0
-2.917
0
0.564
1
7.356
0
-5.333
1
-0.072
1
3.97
0
-0.985
0
-9.227
-13.522
0
-0.351
1
-9.993
1
-23.686
0
0.071
1
0.906
0
0.63
1
-1.31
0
-0.662
0
0.801
0
0.153
0
-10.707
0
0.544
0
-0.938
1
-17.819
1
15.859
1
-1.614
0
20.09
1
1.629
0
9.224
0
-0.781
0
0.391
0
-5.457
0
-0.419
1
-13.522
-11.179
1
-50.796
1
-15.132
1
11.137
0
-4.083
1
-12.324
1
7.606
1
-10.538
0
0.02
0
0.95
1
2.2
1
-7.426
1
11.937
0
5.231
0
0.377
0
-0.629
1
-52.508
1
-27.796
1
-13.048
1
-8.545
0
-17.489
1
-22.994
0
0.134
0
-9.05
1
-11.179


-2.019
1
-41.085
1
-16.45
0
-0.572
0
0.336
0
0.143
0
9.982
1
-4.19
1
-14.884
0
-0.909
0
-21.811
1
-16.127
1
-5.108
1
9.661
0
-7.128
0
0.25
1
7.595
0
0.21
0
0.535
0
0.457
1
8.453
1
-0.419
0
-0.848
1
3.771
0
-2.019
-9.342
0
-0.813
0
-0.39
0
-1.214
1
-30.532
1
-0.529
1
3.644
1
3.98
1
-48.017
1
-2.332
0
-0.386
1
-21.743
0
-11.543
1
-0.444
1
-18.337
1
6.764
0
-0.334
0
-3.755
0
15.219
0
9.148
1
15.413
1
-6.056
1
7.726
1
19.278
0
-9.342
-7.327
0
0.624
1
1.23
1
-14.977
0
-0.639
0
-12.778
1
-8.194
0
0.922
0
-0.754
0
-2.587
0
0.348
1
7.553
1
2.274
0
-0.234
0
-3.868
1
-0.573
0
11.422
1
-26.304
0
7.563
0
-0.025
0
2.567
1
-2.986
0
0.5
1
0.898
1
-7.327
-67.313
1
0.525
0
-0.706
1
-9.925
0
-12.293
1
-3.8
0
-0.175
0
0.541
1
-16.669
0
-10.935
1
5.597
0
0.0700001
1
-18.352
0
-0.381
1
4.539
0
0.34
1
0.782
1
-2.36
0
0.708
1
6.357
0
7.483
0
-0.959
1
-29.738
1
-28.661
1
-67.313
-25.931
1
-1.178
1
-6.291
0
-0.332
0
-4.807
1
-2.135
0
-31.841
0
-0.07
1
-4.648
1
-7.725
1
-5.233
1
-16.913
0
-22.621
0
-0.649
1
-12.04
0
-20.053
1
-25.897
0
-4.852
1
-28.549
0
-0.036
0
-4.467
1
-15.598
1
-8.11
1
-42.307
1
-25.931
-31.132
0
0.487
1
-6.302
1
-7.185
1
-9.778
1
-21.998
0
-5.106
0
0.912
1
12.051
1
-12.193
1
-6.487
0
-31.66
0
-0.576
1
8.484
0
0.752
0
-0.746
1
6.037
1
-13.447
1
-3.572
0
-0.197
1
-4.059
1
-17.956
0
-2.333
0
-0.722
1
-31.132


-2.411
0
0.666
0
0.919
0
0.031
0
-0.068
0
0.967
0
0.991
1
-0.212
1
3.491
0
0.261
0
-0.898
1
-13.81
0
0.991
0
-0.842
0
-0.662
0
0.549
0
-0.721
0
-0.033
0
-0.248
1
-0.05
0
0.856
0
0.183
0
-0.558
0
-0.279
0
-2.411


0
0
0.079
0
-0.113
0
0.578
0
0.709
0
0.909
0
0.559
0
0.233
0
-0.263
0
0.817
0
-0.317
0
-0.552
0
0.455
0
-0.494
0
0.683
0
-0.014
0
-0.441
0
-0.083
0
-0.884
0
-0.668
0
-0.13
0
-0.627
0
-0.119
0
-0.806
0
0
0
0
0.00100005
0
-0.317
0
0.209
0
0.666
0
-1
0
-0.318
0
-0.827
0
-0.213
0
-0.774
0
-0.33
0
-0.63
0
-0.987
0
0.717
0
-0.34
0
-0.789
0
0.618
0
0.999
0
0.691
0
0.506
0
-0.925
0
0.704
0
0.512
0
0.198
0
0
0
0
-0.86
0
0.338
0
-0.567
0
-0.867
0
0.155
0
0.036
0
-0.929
0
0.215
0
0.805
0
0.731
0
0.642
0
0.34
0
-0.597
0
0.325
0
-0.437
0
-0.79
0
0.906
0
0.591
0
0.158
0
0.985
0
-0.332
0
0.974
0
0.0650001
0
0
0
0
-0.066
0
0.894
0
-0.091
0
0.91
0
-0.727
0
0.598
0
0.703
0
-0.233
0
0.283
0
0.953
0
0.483
0
0.596
0
0.995
0
0.372
0
-0.056
0
0.838
0
-0.148
0
-0.39
0
0.66
0
0.774
0
-0.18
0
-0.65
0
-0.265
0
0
0
0
-0.000999987
0
-0.484
0
-0.00800002
0
0.17
0
0.221
0
0.619
0
-0.146
0
0.076
0
-0.549
0
-0.51
0
-0.67
0
0.359
0
-0.45
0
-0.234
0
-0.217
0
-0.738
0
-0.091
0
-0.412
0
0.974
0
0.542
0
-0.526
0
0.492
0
0.829
0
0
0
0
0.273
0
0.749
0
0.066
0
0.116
0
-0.678
0
-0.509
0
-0.327
0
0.369
0
-0.995
0
-0.494
0
0.679
0
0.871
0
0.764
0
0.639
0
0.621
0
0.644
0
-0.816
0
-0.011
0
-0.537
0
-0.226
0
0.726
0
0.666
0
-0.042
0
0
0
0
0.578
0
0.543
0
0.977
0
0.092
0
0.578
0
-0.482
0
-0.076
0
0.338
0
0.807
0
0.975
0
-0.145
0
-0.278
0
0.104
0
0.126
0
-0.725
0
0.692
0
-0.087
0
-0.419
0
-0.874
0
-0.707
0
-0.094
0
0.838
0
0.543
0
0
0
0
0.098
0
0.157
0
0.647
0
-0.118
0
-0.598
0
-0.316
0
0.244
0
-0.778
0
0.364
0
0.97
0
-0.401
0
0.797
0
0.912
0
-0.889
0
0.559
0
0.796
0
0.426
0
0.812
0
-0.385
0
0.621
0
-0.141
0
-0.938
0
-0.103
0
0
0
0
-0.413
0
-0.171
0
-0.721
0
-0.574
0
0.324
0
-0.052
0
-0.951
0
0.048
0
-0.925
0
-0.478
0
0.109
0
0.513
0
0.263
0
0.9
0
-0.604
0
-0.658
0
0.565
0
0.638
0
0.95
0
-0.169
0
0.969
0
0.416
0
0.932
0
0
0
0
-0.926
0
-0.055
0
-0.881
0
-0.982
0
0.949
0
-0.994
0
-0.381
0
-0.123
0
-0.308
0
0.526
0
-0.872
0
-0.66
0
0.747
0
-0.422
0
0.297
0
-0.535
0
0.575
0
-0.755
0
-0.668
0
-0.203
0
0.286
0
-0.654
0
0.62
0
0


0.688
0
-0.516
0
0.537
0
-0.918
1
0.709
0
0.24
0
0.431
1
2.246
0
0.386
0
-0.504
0
-0.744
1
-25.949
0
0.221
1
-39.718
1
-0.527
0
-16.79
0
6.644
0
-0.865
1
-16.484
0
-0.624
0
-19.929
1
-3.555
0
0.833
0
1.099
0
0.688
-2.985
0
0.451
0
-26.183
1
4.913
1
3.965
0
1.253
0
0.763
0
0.833
1
-15.198
1
-10.016
1
0.938
1
-3.385
0
-0.416
1
3.842
0
-20.585
0
-17.186
0
0.049
0
-0.283
1
-2.604
1
1.505
1
-39.317
1
14.779
0
17.765
0
0.208
0
-2.985
8.35
1
5.452
0
-25.462
1
13.459
1
2.562
1
-9.398
1
-41.084
1
-21.068
1
-5.228
0
-0.503
0
-8.591
1
27.265
0
-0.567
0
-3.727
0
0.085
0
0.485
1
22.269
0
0.954
0
-8.854
0
0.934
0
0.255
0
-0.407
0
-0.283
1
-1.773
1
8.35
-29.055
0
0.131
0
0.923
1
-10.133
1
-0.595
0
1.714
0
0.27
1
-26.514
0
0.814
1
-17.513
0
0.52
0
12.377
1
-28.934
1
-0.294
0
3.904
1
-4.606
0
0.825
1
-13.687
0
-0.184
1
-4.99
0
-0.723
0
0.917
1
-20.578
1
-16.861
1
-29.055
-24.504
0
0.376
0
-0.077
0
0.712
0
-14.002
1
-5.761
0
-20.929
1
11.233
1
-10.903
0
0.743
0
-8.778
1
14.139
1
10.703
1
-5.956
0
0.724
1
-54.627
0
-0.313
1
4.957
0
-6.229
1
0.998
1
13.79
0
-0.082
0
0.719
0
0.937
1
-24.504
7.387
0
-0.631
1
-7.546
0
0.723
1
-0.019
0
0.26
0
-0.877
1
-3.856
1
-3.854
1
14.274
1
8.915
1
-24.605
1
-44.723
0
-2.823
1
-23.07
0
-25.68
1
-27.342
0
-12.846
0
-0.759
0
0.591
0
-0.995
1
-8.624
1
-24.637
0
0.743
0
7.387


12.249
1
-12.565
0
0.867
1
-16.547
1
-0.333
0
0.77
1
1.298
0
0.049
0
-0.38
0
-0.204
0
-0.311
1
-39.922
0
-6.946
0
-9.212
1
13.279
0
0.498
1
-7.945
0
-4.622
1
-37.476
1
-16.699
0
-24.721
1
-5.341
1
-28.776
0
-0.516
0
12.249
-6.629
1
2.919
1
5.661
0
2.289
1
-5.017
0
12.092
1
-1.292
1
1.363
0
0.427
0
-0.239
0
0.481
0
0.603
0
0.874
0
-0.237
1
-14.174
0
0.423
1
-7.924
0
0.157
0
0.806
1
-5.862
0
0.581
1
-9.263
0
-18.571
0
-0.957
0
-6.629
-16.666
0
-17.816
1
-9.148
0
-0.825
0
-36.829
0
0.053
1
-12.818
1
2.405
1
0.577
1
6.711
1
-8.856
1
-28.881
1
-10.217
0
-0.789
0
-2.409
0
-10.874
1
4.997
1
-1.866
1
-36.87
0
-0.421
1
-9.049
1
8.3
1
-6.678
0
0.384
1
-16.666
-6.87
1
-39.177
1
-54.001
1
1.387
1
-37.078
1
2.935
1
-3.075
0
-15.577
0
-0.311
1
1.271
0
-0.84
0
0.398
0
0.413
1
-11.756
0
0.632
1
-7.808
0
0.069
0
0.739
0
3.231
1
-25.368
1
11.455
1
-10.309
0
0.585
0
-0.838
0
-6.87
18.957
0
0.061
0
-0.635
1
-18.177
0
11.296
0
-0.496
0
-1.459
1
-5.038
0
3.572
1
-9.439
1
-39.92
0
0.218
1
12.213
0
-0.707
0
0.597
0
-0.877
0
0.843
1
-46.267
1
6.326
0
-34.076
1
7.04
0
-9.254
0
-14.465
1
0.793
1
18.957
-42.408
1
-10.286
0
0.386
0
-20.153
1
6.245
1
-13.938
1
26.043
0
-0.472
1
-8.389
0
0.596
0
-0.3
0
1.1
0
-0.511
1
3.023
0
-1.853
1
-16.316
1
-5.519
0
52.902
0
4.086
1
-3.711
0
-0.056
1
-20.251
1
1.535
1
-5.565
0
-42.408


-0.126
0
0.949
0
-0.499
0
0.785
0
-0.53
0
-0.041
0
0.766
1
-0.867
0
0.634
1
2.293
0
0.971
0
-0.162
1
-0.212
0
0.028
0
-0.333
0
-0.587
0
0.826
0
0.167
0
-24.801
0
-0.418
0
-0.582
0
-0.935
0
0.869
0
-0.249
1
-0.126
