

0
0
0.401
0
0.181
0
0.847
0
0.897
0
0.938
0
0.854
0
0.175
0
0.00899994
0
0.776
0
0.436
0
0.724
0
0.219
0
-0.673
0
0.524
0
-0.6
0
-0.487
0
0.292
0
-0.6
0
-0.451
0
-0.977
0
-0.533
0
-0.092
0
0.993
0
0.32
0
0.929
0
0.863
0
0.946
0
-0.685
0
-0.07
0
0
0
0
0.414
0
-0.434
0
-0.614
0
-0.993
0
-0.511
0
0.607
0
0.00899994
0
-0.035
0
-0.698
0
-0.242
0
-0.098
0
0.725
0
0.871
0
0.91
0
-0.895
0
-0.973
0
0.417
0
0.073
0
0.724
0
-0.711
0
-0.632
0
0.851
0
-0.242
0
-0.502
0
0.619
0
0.364
0
-0.822
0
0.868
0
-0.262
0
0
0
0
-0.195
0
-0.907
0
0.901
0
0.639
0
-0.206
0
0.198
0
-0.54
0
-0.547
0
0.299
0
-0.191
0
-0.84
0
0.682
0
0.451
0
-0.645
0
0.744
0
0.631
0
0.583
0
-0.455
0
0.989
0
0.307
0
-0.419
0
0.843
0
0.175
0
-0.355
0
-0.297
0
0.377
0
0.352
0
-0.808
0
0.984
0
0
0
0
0.772
0
-0.33
0
0.048
0
0.079
0
-0.726
0
-0.608
0
-0.104
0
0.929
0
-0.152
0
-0.926
0
0.195
0
0.88
0
0.814
0
-0.329
0
0.558
0
-0.109
0
0.872
0
0.799
0
0.138
0
-0.184
0
0.621
0
-0.799
0
0.703
0
0.327
0
0.023
0
0.594
0
-0.703
0
0.437
0
-0.3
0
0
0
0
-0.406
0
-0.00400001
0
0.374
0
-0.824
0
-0.859
0
0.596
0
-0.989
0
-0.544
0
0.894
0
-0.253
0
-0.87
0
-0.029
0
0.876
0
-0.621
0
-0.823
0
0.76
0
-0.6
0
-0.358
0
-0.656
0
-0.021
0
-0.142
0
0.873
0
0.252
0
0.365
0
0.947
0
-0.763
0
0.56
0
0.395
0
0.995
0
0
0
0
0.499
0
-0.725
0
-0.31
0
-0.476
0
0.148
0
-0.275
0
0.949
0
0.113
0
0.677
0
0.451
0
-0.714
0
0.41
0
0.425
0
-0.058
0
0.657
0
0.783
0
0.706
0
0
0
-0.586
0
0.229
0
0.164
0
0.787
0
0.241
0
0.326
0
-0.757
0
-0.645
0
-0.482
0
0.636
0
-0.000999987
0
0
0
0
-0.05
0
-0.841
0
0.115
0
-0.266
0
-0.167
0
0.716
0
0.769
0
0.645
0
0.418
0
-0.016
0
-0.856
0
0.024
0
-0.965
0
0.158
0
-0.3
0
0.432
0
0.1
0
0.067
0
0.401
0
0.548
0
-0.364
0
0.333
0
-0.893
0
0.171
0
-0.424
0
0.611
0
-0.68
0
-0.548
0
-0.74
0
0
0
0
-0.716
0
0.184
0
-0.137
0
-0.872
0
-0.104
0
-0.58
0
-0.823
0
-0.424
0
0.731
0
0.975
0
-0.201
0
-0.73
0
0.339
0
0.532
0
-0.919
0
0.144
0
0.455
0
0.222
0
-0.093
0
0.997
0
0.219
0
0.39
0
-0.561
0
0.155
0
0.08
0
-0.358
0
0.973
0
0.592
0
-0.027
0
0
0
0
-0.413
0
0.851
0
0.252
0
0.442
0
0.852
0
-0.937
0
-0.65
0
-0.862
0
0.281
0
0.529
0
0.783
0
-0.828
0
-0.733
0
0.493
0
-0.467
0
-0.35
0
-0.671
0
-0.481
0
0.038
0
0.523
0
0.931
0
-0.971
0
0.722
0
-0.255
0
0.097
0
-0.344
0
-0.813
0
-0.545
0
-0.628
0
0
0
0
-0.869
0
-0.187
0
-0.714
0
0.321
0
-0.648
0
0.27
0
-0.755
0
-0.978
0
-0.017
0
-0.146
0
-0.675
0
0.939
0
-0.385
0
0.329
0
0.335
0
0.848
0
0.866
0
0.142
0
-0.384
0
0.227
0
-0.398
0
-0.974
0
0.392
0
-0.496
0
0.524
0
-0.066
0
0.554
0
-0.564
0
0.419
0
0


4.292
0
0.904
0
-0.503
0
-0.551
0
-0.811
0
0.316
0
0.417
0
-0.922
0
-0.869
0
0.745
0
0.539
0
0.566
0
0.097
0
-0.022
1
-3.932
1
-5.87
0
-0.74
1
0.641
0
-2.62
0
2.574
0
-1.03
1
-4.293
0
0.958
1
-2.797
1
-12.773
1
-7.386
1
-6.286
0
-0.871
1
-4.696
0
0.16
0
4.292
-4.494
0
0.074
1
0.492
0
-0.616
1
-0.665
0
0.211
1
9.325
1
0.789
1
-9.65
0
-0.913
0
0.912
1
0.508
0
0.864
0
-0.369
1
-11.013
0
17.54
1
-9.34
1
-10.105
1
-9.341
1
2.876
0
1.435
0
-0.442
1
-1.464
1
7.3
1
0.402
1
-3.892
1
1.125
0
0.092
1
-0.362
1
-3.134
1
-4.494
-12.138
0
-0.729
1
2.376
1
0.029
0
0.043
0
0.218
1
-5.108
1
7.15
0
0.15
0
-5.398
1
1.474
0
-8.389
1
9.263
0
0.239
1
3.405
0
0.93
0
-0.993
1
-5.348
0
0.239
1
2.028
0
0.991
0
-0.673
0
-0.216
1
-3.405
0
-0.577
0
-0.777
0
0.534
0
-0.035
0
0.181
1
2.049
0
-12.138
0.014
0
-0.165
0
0.641
0
-0.448
0
0.165
0
0.235
0
0.054
0
0.993
0
0.089
0
-0.468
0
-0.767
1
-0.105
1
-4.676
0
6.463
0
-0.134
0
0.076
0
-2.13
1
-2.9
0
-0.078
0
0.613
1
5.808
0
1.08
0
8.358
1
-10.307
0
-0.318
1
2.294
1
14.224
1
-3.073
0
3.524
1
-8.235
0
0.014
1.068
0
0.481
0
-0.934
0
0.371
1
-5.762
0
-0.927
0
-0.945
1
-8.308
1
0.376
0
0.626
0
0.818
0
-0.229
0
-0.481
0
-0.136
0
-0.413
0
-0.999
1
2.932
1
-9.491
0
0.646
0
-11.329
0
-0.637
1
-1.088
0
0.017
0
-0.204
0
-3.214
0
-0.256
1
-3.74
1
13.53
1
-19.821
1
-2.45
1
1.068
-4.073
1
-3.312
1
-0.425
0
0.936
0
-5.125
0
-0.532
0
-0.087
0
-0.143
0
0.723
0
-6.53
1
2.949
1
-6.738
1
-8.6
1
-0.32
0
-0.235
1
-1.24
0
-2.088
0
0.693
0
0.913
0
-9.991
0
0.588
1
-0.438
1
-6.441
1
2.783
1
-0.143
1
-3.576
0
0.447
0
-3.77
0
-0.241
1
-4.113
1
-4.073


6.045
1
-1.855
0
1.747
0
-0.465
1
-2.922
0
0.324
0
0.146
0
0.933
0
-0.154
1
-0.021
0
0.942
1
-3.125
0
-12.677
0
-0.655
0
-0.474
0
-0.759
0
0.99
0
0.468
0
0.179
0
-0.08
1
2.517
1
-2.344
1
-18.362
0
-0.583
0
7.127
0
0.514
0
0.755
1
-5.953
0
-0.027
1
-14.612
0
6.045
1.458
1
4.514
0
-0.87
0
0.311
0
4.631
0
0.275
1
3.596
1
-5.204
0
-0.5
0
-0.952
0
0.138
0
-0.806
0
-0.968
1
-2.921
0
-0.38
1
3.335
1
-11.688
0
-0.159
0
0.0319999
1
3.249
0
0.213
0
0.904
0
0.331
0
0.557
1
-12.17
1
1.425
1
-6.381
0
-6.278
1
3.329
1
-0.205
0
1.458
-0.302
0
-0.377
0
0.08
0
0.903
1
2.369
0
-0.704
0
-0.704
0
-0.614
0
0.136
0
0.098
0
0.878
0
-0.148
1
-0.454
0
-0.524
0
0.989
1
-17.724
1
3.852
0
0.818
0
-0.877
0
-7.676
1
-8.12
0
0.733
1
-4.89
0
-0.27
1
1.486
1
-7.322
0
-0.066
0
-0.199
1
6.181
1
6.84
1
-0.302
-4.049
1
-9.856
1
-0.619
1
-12.634
1
1.656
0
-0.168
1
-4.428
1
-8.835
0
0.1
0
-0.687
0
0.351
1
-9.874
0
-0.903
1
-4.66
0
0.189
0
5.301
0
0.559
1
-1.398
1
-7.447
0
-0.511
0
0.893
1
-4.283
0
-0.572
0
-0.565
1
-4.211
0
0.601
1
1.592
1
-3.826
1
-9.004
1
4.322
1
-4.049
-6.411
1
-1.087
0
0.136
0
-10.66
1
-6.987
0
-0.093
1
-4.702
0
0.32
1
2.501
1
-7.845
1
-2.727
1
15.103
0
0.848
1
0.504
0
0.259
0
-0.454
0
6.277
1
7.998
0
-7.922
0
0.898
0
3.558
0
-0.242
0
-0.314
0
0.258
0
-12.027
0
0.489
0
-0.593
0
-0.103
1
-2.533
1
-4.31
0
-6.411
-2.118
1
-0.617
0
0.847
0
0.688
0
0.813
1
-0.296
0
-2.04
0
-0.41
1
-7.641
1
-0.492
0
-0.966
0
-9.654
0
0.576
1
-4.633
1
-0.184
0
-24.791
0
0.5
0
-0.642
1
-17.921
1
-1.465
0
1.896
0
0.609
1
-7.993
0
-0.917
0
-0.849
0
8.677
1
-6.983
0
-0.074
1
-2.401
0
-0.143
0
-2.118


0.698
0
0.041
1
-0.929
1
6.246
0
0.179
1
-8.609
0
-2.108
1
-5.701
0
-0.218
0
0.491
0
0.239
0
0.407
0
0.005
0
-6.156
1
-14.67
0
-0.339
0
0.989
0
0.435
1
9.528
1
-3.827
1
1.223
0
0.49
0
0.173
0
0.472
0
0.387
1
-8.56
0
-0.046
1
-2.743
0
0.532
1
-6.665
1
0.698
-0.759
1
-1.171
0
-0.291
0
-0.972
0
-0.949
1
-5.072
1
-3.037
1
1.988
0
-0.89
1
5.476
0
4.893
0
0.666
0
0.133
1
6.092
0
8.942
0
0.044
1
-5.473
1
-5.582
0
-2.698
1
-5.942
1
-0.664
0
0.615
1
-23.869
1
-6.412
1
2.254
1
-16.405
0
-3.127
1
-4.185
0
-0.761
1
0.129
0
-0.759
9.307
1
16.511
0
-0.371
0
0.082
1
-5.637
1
8.733
1
6.787
0
-0.893
0
0.992
1
-18.138
1
-4.212
0
-0.734
0
-0.932
0
-0.739
0
-2.239
0
0.779
1
3.866
0
-0.148
1
-8.718
0
0.304
0
-0.308
1
-1.117
1
3.297
1
-11.25
1
6.696
0
0.429
1
-5.977
1
-10.41
1
-7.709
1
-2.462
0
9.307
-14.996
1
-7.648
1
-4.403
0
0.076
1
4.788
0
-2.788
0
-0.125
1
-1.359
0
-7.038
1
-5.679
1
-9.583
0
0.014
0
0.13
1
-8.66
1
-0.692
1
-4.627
0
-11.631
1
-12.936
1
3.304
0
0.75
0
0.525
1
-8.845
1
-7.724
1
-0.198
0
0.217
0
-0.231
1
15.973
1
7.498
1
5.274
0
0.137
0
-14.996
0.564
0
0.693
0
-0.435
0
-0.968
0
0.96
0
-0.672
0
-0.178
0
0.374
0
-0.27
1
1.46
0
-0.822
1
-12.046
0
0.897
0
-0.748
1
-0.35
1
-21.97
0
-0.093
0
0.107
0
0.328
0
0.148
0
0.636
0
0.768
0
-0.354
1
-0.628
0
-0.527
1
-2.232
1
10.445
1
1.47
0
4.159
1
-4.127
0
0.564
1.168
1
0.526
1
-7.963
0
0.53
0
0.785
1
1.208
0
-0.841
0
-1.035
0
-0.551
0
-1.035
1
-5.657
0
-0.849
0
0.628
1
-6.561
0
2.068
1
-1.793
0
-21.438
1
-2.532
1
-7.347
0
-0.497
1
-4.786
1
10.571
0
-0.369
1
0.281
1
-11.932
0
-0.442
0
-2.006
0
0.461
1
-1.864
0
0.719
0
1.168


0
0
0.567
0
-0.936
0
-0.519
1
-0.438
1
0.048
1
4.177
0
0.814
0
-0.432
1
0.107
0
0.712
1
1.711
1
1.3
1
0.027
0
-0.434
1
-6.375
0
-0.095
0
-0.541
0
0.576
0
0.305
1
-0.767
0
0.958
0
-0.704
0
0.556
0
-0.387
0
-0.214
0
0.198
0
-0.966
1
1.444
0
0.333
0
0


0
0
-0.922
0
0.882
0
0.787
0
-0.848
0
0.576
0
-0.514
0
-0.473
0
-0.418
0
0.692
0
0.051
0
-0.62
0
-0.878
0
-0.604
0
-0.82
0
-0.454
0
0.91
0
-0.565
0
0.38
0
0.338
0
-0.428
0
0.318
0
-0.337
0
0.947
0
-0.834
0
0.724
0
0.498
0
0.665
0
0.941
0
-0.521
0
0
0
0
-0.608
0
-0.645
0
-0.239
0
0.14
0
-0.536
0
0.127
0
-0.81
0
0.652
0
-0.887
0
-0.83
0
0.486
0
0.895
0
-0.076
0
0.936
0
-0.921
0
-0.169
0
-0.973
0
-0.723
0
0.212
0
0.654
0
-0.477
0
-0.023
0
0.117
0
-0.482
0
0.489
0
0.212
0
-0.176
0
-0.876
0
0.831
0
0
0
0
-0.926
0
-0.37
0
-0.412
0
-0.155
0
-0.428
0
0.912
0
-0.785
0
0.364
0
0.966
0
-0.81
0
0.142
0
-0.783
0
-0.892
0
0.631
0
0.758
0
-0.622
0
-0.046
0
-0.102
0
-0.586
0
-0.827
0
-0.627
0
0.582
0
0.28
0
0.893
0
0.21
0
0.504
0
0.614
0
0.361
0
-0.675
0
0
0
0
-0.514
0
0.068
0
0.738
0
-0.439
0
0.598
0
0.421
0
-0.32
0
0.408
0
-0.04
0
-0.499
0
-0.325
0
-0.72
0
0.346
0
0.219
0
-0.7
0
-0.968
0
-0.859
0
-0.475
0
-0.947
0
0.528
0
0.808
0
0.057
0
-0.971
0
0.116
0
0.752
0
-0.762
0
0.293
0
0.881
0
0.214
0
0
0
0
0.28
0
-0.76
0
0.353
0
0.612
0
-0.847
0
0.877
0
0.47
0
-0.16
0
-0.319
0
0.243
0
0.122
0
-0.368
0
0.0470001
0
-0.484
0
-0.819
0
0.035
0
0.259
0
0.137
0
0.0549999
0
-0.318
0
-0.608
0
-0.412
0
0.713
0
-0.04
0
-0.684
0
0.996
0
-0.348
0
-0.794
0
-0.546
0
0
0
0
0.55
0
-0.961
0
-0.265
0
-0.526
0
-0.418
0
0.5
0
-0.463
0
-0.049
0
0.583
0
0.419
0
0.788
0
-0.477
0
-0.369
0
0.163
0
-0.548
0
0.624
0
0.828
0
-0.575
0
0.517
0
0.351
0
0.786
0
-0.495
0
-0.318
0
0.101
0
0.662
0
0.05
0
-0.524
0
-0.973
0
-0.972
0
0
0
0
0.989
0
0.27
0
-0.258
0
0.242
0
0.269
0
-0.986
0
0.459
0
-0.71
0
-0.152
0
-0.545
0
-0.123
0
-0.748
0
0.769
0
-0.258
0
-0.394
0
0.116
0
-0.835
0
0.326
0
0.314
0
0.209
0
0.823
0
-0.667
0
0.153
0
0.649
0
-0.107
0
-0.759
0
0.659
0
-0.651
0
0.379
0
0
0
0
-0.625
0
0.542
0
-0.019
0
0.411
0
0.113
0
-0.053
0
0.246
0
0.75
0
-0.688
0
-0.407
0
0.654
0
0.72
0
-0.935
0
0.221
0
0.00699997
0
-0.322
0
0.859
0
0.637
0
-0.773
0
-0.042
0
-0.315
0
-0.522
0
-0.974
0
0.88
0
0.513
0
-0.255
0
0.151
0
0.129
0
-0.911
0
0
0
0
0.126
0
-0.695
0
-0.89
0
0.089
0
-0.753
0
0.477
0
-0.219
0
0.58
0
0.276
0
-0.292
0
-0.469
0
-0.035
0
0.252
0
-0.563
0
0.605
0
-0.496
0
-0.365
0
-0.503
0
-0.218
0
0.417
0
0.955
0
0.73
0
-0.38
0
0.307
0
-0.209
0
0.226
0
-0.238
0
-0.727
0
-0.38
0
0
0
0
-0.437
0
-0.143
0
0.366
0
0.043
0
0.123
0
0.321
0
-0.995
0
-0.591
0
-0.871
0
0.038
0
-0.491
0
0.292
0
-0.476
0
0.72
0
-0.04
0
0.715
0
0.977
0
-0.402
0
0.775
0
0.865
0
-0.399
0
0.852
0
-0.793
0
-0.311
0
-0.882
0
0.478
0
0.133
0
0.03
0
-0.698
0
0


-1.686
0
0.691
0
0.165
0
0.994
0
-0.372
0
-0.966
0
-0.592
0
0.449
0
1.018
1
-4.133
1
2.819
1
-14.496
0
-0.332
0
6.689
0
-0.626
0
-0.327
0
-0.254
0
-0.673
0
0.973
0
-0.432
1
-9.639
1
-0.751
0
-4.148
0
-0.098
0
-0.902
0
-0.742
0
-0.615
1
0.149
0
1.172
0
-0.546
0
-1.686
-4.452
1
-2.088
1
13.013
1
-8.934
0
0.565
0
-0.604
1
-11.187
1
-1.483
0
0.164
0
-1.002
1
-3.261
1
-3.671
0
0.256
1
4.714
0
12.99
1
-6.494
0
0.135
0
-0.769
0
-7.323
1
3.418
1
-6.554
1
4.822
1
-2.084
0
0.0319999
1
4.755
1
5.04
0
4.821
0
-0.717
1
-9.03
0
0.615
1
-4.452
-4.341
0
0.583
0
0.941
0
0.511
1
7.343
0
-0.195
1
-1.152
1
8.348
0
0.685
1
-2.48
0
-3.343
1
-1.463
0
-0.958
1
9.723
1
0.19
0
0.191
0
0.089
0
0.429
1
-10.294
0
-0.128
1
0.884
1
-8.955
1
-15.671
0
0.119
0
-0.3
1
13.235
0
-0.689
1
-1.822
0
0.116
0
0.44
1
-4.341
-3.454
1
0.013
1
-12.322
0
-1.881
0
-0.511
0
0.208
0
0.225
0
-1.96
0
0.056
0
0.417
0
4.916
0
0.83
1
2.406
0
0.454
1
-1.52
1
18.554
0
-0.718
1
-3.979
1
0.302
0
-0.579
1
-3.141
1
0.491
0
0.00699997
0
0.768
0
-0.679
0
-0.814
0
-1.773
0
-0.595
1
4.93
0
-0.283
1
-3.454
-6.545
0
0.862
0
8.776
0
-0.22
1
-1.238
1
-7.687
0
0.992
1
6.165
1
5.263
1
-7.121
0
0.771
0
0.834
0
-0.592
1
-4.618
1
1.637
0
-1.683
0
5.603
1
1.485
1
10.17
0
2.087
0
-0.215
0
-0.55
0
-0.354
1
-2.341
0
-0.668
0
0.81
1
5.248
1
9.266
0
0.94
0
-0.587
1
-6.545
1.64
0
0.316
0
-0.623
0
-0.811
1
-1.666
1
-6.506
0
-0.269
1
-7.263
0
-0.431
1
-2.426
1
-20.363
0
-0.389
1
0.402
0
-0.296
0
1.06
1
7.985
1
4.864
0
11.297
1
-12.374
1
-10.243
0
-0.274
0
0.028
1
-5.532
1
-0.0409999
0
0.837
0
4.597
1
-3.089
0
-14.309
0
0.628
1
-3.996
1
1.64


-5.933
0
-0.292
1
-1.308
0
-0.771
1
-4.733
0
0.033
1
-13.955
1
-1.979
1
0.285
0
-0.036
1
-18.537
1
-2.047
0
8.242
0
-0.243
0
0.75
0
0.44
1
5.671
1
6.003
1
-2.511
0
0.0930001
1
-0.01
1
2.248
1
-11.632
1
-1.626
0
-0.851
0
0.12
0
0.03
1
-13.085
1
-4.046
1
-7.814
0
-5.933
-4.116
1
-4.608
0
-8.77
1
-4.153
0
-2.464
1
-5.199
0
-0.483
0
-9.373
1
11.584
1
-2.522
0
-4.796
1
-4.392
0
-0.096
1
-4.077
1
2.357
0
-4.024
0
4.01
0
-0.012
0
0.143
0
-0.138
0
0.854
1
0.48
0
-0.967
0
-0.578
1
-1.793
1
2.24
0
5.26
0
-0.029
0
0.651
0
-0.761
0
-4.116
0.274
0
-0.932
0
-0.947
0
0.291
0
-0.795
1
7.601
0
-0.797
0
0.878
0
-0.533
0
-0.996
0
0.284
0
-0.912
1
1.689
0
-0.13
1
2.605
1
0.078
0
-0.345
0
0.234
1
1.902
0
-0.32
0
0.548
0
0.277
0
-0.309
0
-0.761
0
-0.289
0
-6.244
1
-4.454
1
9.018
1
13.166
0
0.0420001
0
0.274
3.151
1
-21.671
0
-2.748
0
0.448
0
6.665
0
-0.118
0
0.793
1
-9.118
0
0.777
0
-0.512
1
-3.499
0
0.61
0
1.602
0
-0.821
0
-0.241
1
-19.497
1
0.226
0
5.484
0
0.522
0
-0.219
0
-3.143
1
-3.07
1
-10.983
0
-0.707
1
-20.761
0
-0.816
1
-15.208
0
-0.21
1
-3.849
1
-7.5
0
3.151
-1.282
1
7.132
0
-0.502
1
-1.563
1
-6.154
1
4.343
0
-0.687
1
6.015
1
-6.217
0
-0.535
1
-9.986
1
-2.263
1
0.822
1
10.207
0
-3.531
0
0.988
0
4.808
0
-1.717
0
-0.981
0
-0.164
0
0.647
0
-0.841
0
0.673
0
-7.289
0
0.519
0
3.886
1
9.175
0
0.272
0
-12.153
0
0.943
1
-1.282
2.436
1
8.925
0
-0.321
0
0.955
0
1.715
0
-3.293
1
2.902
1
-2.611
0
-0.116
0
-0.034
0
6.619
0
-7.092
0
5.432
1
2.083
0
8.855
0
-0.399
0
0.668
0
-0.39
0
0.944
0
0.306
1
-11.725
0
-0.285
0
12.101
0
-7.011
0
-0.561
0
-0.799
0
0.955
0
-0.344
1
5.394
1
3.021
1
2.436


-9.949
0
0.482
1
0.988
0
-4.154
0
0.819
1
1.124
0
2.587
1
-3.482
0
-0.581
0
-2.066
0
2.668
0
-0.972
1
-8.646
0
-8.701
1
3.742
1
4.09
0
-5.458
1
-3.099
1
0.139
0
-10.744
1
-11.486
1
4.59
1
-3.262
1
0.262
0
-0.371
0
0.586
1
-13.946
1
-1.623
0
-2.623
1
-13.793
0
-9.949
6.795
1
0.121
1
-10.377
1
-2.27
1
-1.856
1
8.726
1
13.782
1
1.167
0
0.284
0
-2.011
0
0.586
0
-4.665
1
-11.301
0
0.913
1
3.787
1
4.068
1
-19.399
1
4.662
1
2.376
1
-6.479
0
0.66
0
0.901
0
0.226
1
-8.965
0
-2.161
1
-1.295
0
0.427
0
-0.89
1
-5.131
1
-2.494
0
6.795
-7.4
0
-6.452
1
-5.603
0
0.673
1
-6.939
1
-9.154
0
-9.053
1
-1.864
0
-5.261
0
-3.095
0
-0.379
0
1.384
1
3.878
0
-5.036
1
-8.929
0
-0.00400001
1
-4.676
0
0.00100005
0
0.024
0
-0.384
1
4.513
1
3.855
0
0.48
1
-29.232
0
1.327
1
1.18
0
-0.057
0
0.377
1
6.88
1
0.408
1
-7.4
-2.65
1
1.033
1
1.174
0
-0.287
0
0.02
0
-0.526
1
1.155
1
-12.095
0
0.448
1
2.586
1
1.389
0
-0.98
0
-0.924
0
-14.302
1
-1.191
1
3.412
0
-0.07
1
5.388
1
-7.529
0
4.915
0
0.295
0
-3.185
0
0.96
0
0.418
0
0.681
0
0.371
0
0.15
0
0.854
0
-12.37
1
-8.428
0
-2.65
-13.406
1
-0.768
0
0.152
0
0.765
1
-14.795
1
-1.994
0
-0.28
1
1.983
0
0.548
1
0.43
1
-2.341
1
-8.889
0
0.539
0
-6.793
0
7.662
1
-4.872
1
-17.967
0
4.357
0
-5.542
0
3.123
0
0.533
1
-7.995
1
0.375
1
-19.438
0
-0.014
0
-0.802
0
-5.295
0
0.526
0
1.212
1
0.706
1
-13.406
-0.529
0
-0.447
0
0.185
1
3.81
0
0.418
0
0.858
1
3.778
0
-0.703
1
1.354
1
-0.126
0
0.865
0
0.428
0
0.403
0
-0.263
0
0.087
0
0.713
1
-6.41
0
-0.292
1
14.237
1
7.51
0
3.914
1
-6.144
0
1.152
1
2.185
1
-3.189
0
-0.439
1
6.642
0
-0.763
1
4.413
1
1.432
1
-0.529


0
0
0.217
0
-0.916
0
0.062
0
0.23
0
0.215
0
0.731
1
1.817
0
-0.551
0
-0.695
0
0.668
1
3.042
0
0.675
0
0.653
0
0.89
0
0.708
0
-0.304
0
0.173
0
-0.252
0
0.102
1
-0.707
0
-0.169
0
0.371
0
0.599
0
-0.779
0
0.653
0
-0.324
0
0.324
0
-0.959
0
0.318
0
0


0
0
0.637
0
-0.682
0
-0.391
0
-0.872
0
0.983
0
-0.667
0
-0.692
0
-0.384
0
0.587
0
0.133
0
0.697
0
-0.236
0
0.321
0
0.112
0
0.865
0
-0.754
0
-0.502
0
-0.686
0
-0.972
0
-0.782
0
0.599
0
0.058
0
-0.497
0
-0.569
0
0.505
0
0.307
0
0.181
0
-0.557
0
0.633
0
0
0
0
0.182
0
-0.422
0
-0.62
0
-0.246
0
0.283
0
0.971
0
-0.159
0
0.76
0
0.346
0
0.801
0
-0.077
0
-0.922
0
-0.127
0
-0.075
0
0.414
0
0.169
0
0.789
0
0.074
0
-0.155
0
0.096
0
0.755
0
0.449
0
0.725
0
0.477
0
0.363
0
-0.656
0
0.993
0
0.963
0
-0.608
0
0
0
0
-0.657
0
0.057
0
-0.89
0
-0.496
0
0.044
0
0.012
0
0.997
0
-0.722
0
-0.142
0
-0.085
0
0.242
0
-0.268
0
0.479
0
0.479
0
-0.616
0
0.35
0
0.361
0
-0.155
0
-0.867
0
-0.291
0
-0.862
0
0.63
0
0.373
0
-0.538
0
0.236
0
-0.037
0
-0.443
0
0.501
0
0.143
0
0
0
0
0.902
0
0.09
0
-0.871
0
-0.757
0
0.933
0
0.486
0
-0.445
0
0.3
0
0.26
0
0.177
0
-0.98
0
-0.683
0
-0.403
0
0.202
0
-0.139
0
-0.253
0
0.969
0
0.328
0
0.246
0
-0.323
0
-0.063
0
-0.289
0
-0.109
0
0.489
0
0.403
0
0.101
0
-0.146
0
-0.608
0
0.583
0
0
0
0
-0.753
0
0.145
0
-0.793
0
-0.69
0
0.128
0
0.794
0
0.193
0
-1
0
-0.888
0
0.139
0
0.318
0
0.516
0
0.578
0
0.681
0
-0.577
0
-0.853
0
-0.34
0
-0.249
0
-0.786
0
-0.015
0
0.848
0
0.984
0
0.018
0
-0.637
0
0.983
0
-0.347
0
-0.816
0
-0.339
0
0.00899994
0
0
0
0
0.543
0
-0.009
0
0.932
0
0.433
0
-0.559
0
0.204
0
-0.97
0
0.453
0
0.676
0
-0.431
0
0.538
0
0.672
0
0.187
0
0.865
0
0.031
0
-0.969
0
0.474
0
-0.627
0
-0.016
0
-0.812
0
0.75
0
-0.688
0
0.587
0
-0.336
0
-0.819
0
0.405
0
0.051
0
-0.844
0
0.095
0
0
0
0
-0.948
0
-0.067
0
0.00999999
0
-0.315
0
-0.402
0
0.521
0
0.825
0
0.242
0
0.425
0
-0.242
0
-0.897
0
0.282
0
-0.112
0
0.281
0
-0.07
0
-0.954
0
0.713
0
-0.711
0
0.428
0
0.156
0
0.21
0
-0.077
0
0.644
0
-0.093
0
0.132
0
0.793
0
-0.163
0
-0.825
0
-0.822
0
0
0
0
0.303
0
0.771
0
-0.225
0
-0.352
0
-0.275
0
0.022
0
-0.45
0
-0.674
0
-0.618
0
-0.554
0
-0.033
0
-0.485
0
-0.301
0
-0.362
0
0.439
0
0.741
0
0.711
0
-0.594
0
-0.88
0
-0.797
0
-0.51
0
0.959
0
0.282
0
-0.364
0
-0.779
0
-0.156
0
-0.576
0
0.262
0
-0.361
0
0
0
0
-0.408
0
-0.456
0
-0.368
0
-0.05
0
0.85
0
0.18
0
0.05
0
0.616
0
-0.509
0
-0.71
0
-0.509
0
-0.434
0
0.667
0
0.157
0
-0.615
0
-0.00400001
0
-0.518
0
-0.566
0
-0.386
0
0.04
0
-0.023
0
0.251
0
-0.556
0
0.298
0
0.6
0
0.396
0
0.328
0
-0.855
0
-0.041
0
0
0
0
0.152
0
0.617
0
0.775
0
0.844
0
-0.048
0
-0.842
0
-0.318
0
-0.182
0
-0.192
0
0.32
0
-0.379
0
-0.823
0
0.131
0
0.024
0
0.687
0
0.85
0
-0.783
0
-0.446
0
-0.025
0
-0.448
0
0.664
0
-0.442
0
-0.865
0
-0.072
0
-0.628
0
-0.00800002
0
0.415
0
0.521
0
-0.964
0
0


-3.639
1
-1.558
1
6.686
0
0.786
1
-0.296
1
-4.955
0
0.0319999
0
-0.157
1
-1.298
1
-13.701
1
-1.395
1
-2.479
0
0.514
1
0.497
1
-1.853
1
7.829
0
0.298
0
0.527
0
0.932
1
-9.731
1
7.582
1
-2.637
0
0.844
1
1.519
0
-13.983
0
8.26
0
0.767
1
-4.461
0
-0.964
0
-0.873
1
-3.639
-3.114
0
0.579
0
0.569
0
-0.922
0
-0.337
1
2.559
0
0.454
0
0.232
0
0.674
0
0.965
0
0.467
0
0.134
1
-8.191
1
-0.139
0
-7.002
0
8.624
1
2.026
0
-0.93
0
-1.242
0
-8.361
0
0.186
0
0.612
1
6.558
1
-5.846
0
0.761
1
-3.971
0
-0.74
0
-0.462
0
-2.935
0
0.448
1
-3.114
-0.383
0
0.5
1
2.671
0
-0.159
0
-0.594
1
-9.882
1
-2.782
1
0.334
0
-0.77
0
0.758
0
0.406
0
-0.324
1
0.323
0
-0.667
1
0.456
1
9.372
0
-0.666
0
-0.977
1
0.721
0
3.734
1
-7.848
0
0.796
0
-8.985
0
-0.528
0
0.739
0
0.762
1
-11.994
1
5.119
1
3.768
0
-0.369
1
-0.383
0.071
0
0.379
0
-0.208
0
-0.448
0
0.535
0
0.574
0
0.101
0
-0.854
0
-0.464
1
-0.726
0
-0.921
1
-2.196
0
-0.172
0
-1.574
1
-4.204
1
-9.849
1
-2.849
0
0.686
0
0.323
1
11.933
0
-2.062
0
0.889
1
2.852
1
-9.405
0
0.85
0
-0.71
0
-0.612
1
8.881
1
-21.963
0
-0.721
1
0.071
-0.425
0
-0.652
0
0.291
0
-0.897
0
0.72
0
0.417
0
0.705
0
-0.996
0
0.52
0
0.81
0
-0.282
0
0.699
0
-0.864
0
-0.029
0
0.57
0
-7.454
0
-0.691
0
-1.316
1
0.718
1
-2.892
0
0.538
0
0.00800002
0
0.427
0
5.273
0
-0.872
0
-0.991
0
-0.925
0
-0.41
0
0.775
0
3.21
0
-0.425
0.619
1
0.805
0
-0.203
0
-0.28
0
-0.616
0
0.561
1
-0.00800002
0
0.94
0
0.807
0
-0.469
0
0.305
0
0.0880001
0
2.211
0
-0.134
0
-0.112
0
-0.558
1
5.115
1
-7.231
1
-10.849
0
-0.767
0
-4.438
1
-7.855
0
-0.504
0
0.394
0
-0.788
1
-10.496
1
0.96
1
-2.602
1
-16.485
1
-13.443
0
0.619


-13.347
0
0.302
0
0.858
0
0.875
1
-0.995
1
0.952
1
5.662
0
-3.373
0
1.147
0
-0.802
1
-1.317
0
0.031
1
-0.639
0
0.536
0
0.00600004
1
-12.985
0
0.166
0
-6.507
0
0.106
1
-2.157
0
-4.74
0
-0.034
1
-2.427
1
3.109
0
-0.528
0
-0.949
0
-0.41
1
2.09
1
1.407
1
4.056
1
-13.347
1.449
1
-7.841
1
-25.956
1
3.281
0
-3.756
0
4.999
0
-0.151
1
-2.245
1
-5.396
0
-0.719
1
1.9
0
0.853
1
-3.586
1
10.532
1
6.987
0
-0.642
1
-1.527
0
-0.21
0
3.303
0
-0.313
0
-0.091
0
-10.672
0
-0.22
1
-9.949
1
-4.34
0
0.594
0
-0.238
1
-4.021
1
0.878
0
0.751
0
1.449
-0.278
0
-0.19
0
-0.765
0
0.716
0
0.687
0
-0.496
0
0.577
0
-0.575
0
-1.642
0
0.00899994
0
0.025
1
-2.137
0
-0.757
0
0.731
0
-0.379
0
-0.567
1
-1.84
0
0.225
0
0.689
1
2.895
0
0.525
1
10.784
1
-1.548
0
-0.416
1
-1.158
0
3.717
0
-0.277
0
0.423
0
-0.213
0
4.585
0
-0.278
0
0
-0.566
0
0.219
0
0.459
1
-2.257
0
0.175
0
0.305
0
-0.185
0
-0.013
0
0.865
0
-0.061
0
-0.148
0
0.948
0
0.199
1
2.464
0
-0.239
0
0.395
1
2.954
0
-0.375
0
-0.504
0
0.149
1
-5.925
0
-0.248
1
-2.082
0
-2.326
0
-8.158
0
-1.842
0
2.93
0
-1.599
0
0.937
1
0
-2.963
0
0.507
1
-13.2
0
-0.762
0
-3.79
0
7.908
1
-1.335
0
-0.843
1
-20.208
1
2.727
1
-6.658
1
-3.838
1
0.255
0
-5.712
1
-1.481
0
0.302
1
-7.42
0
-0.926
0
-5.815
0
0.441
0
-0.902
1
6.32
0
-0.528
0
-1.808
0
0.49
0
-0.244
1
5.672
1
-4.1
1
1.92
0
-2.082
0
-2.963
-3.107
1
-11.6
1
2.752
0
-2.964
0
0.235
1
-11.695
0
0.18
1
-5.966
1
-9.55
0
0.266
1
3.546
1
-9.21
0
0.59
0
3.278
0
0.143
0
-0.191
0
0.049
0
0.877
0
0.644
1
-3.051
0
0.594
1
5.445
0
-0.454
0
0.606
0
-0.477
0
-0.6
0
0.859
1
-1.491
0
-4.013
1
1.123
0
-3.107


-1.276
0
0.786
0
-0.514
0
-0.509
0
-0.009
0
0.852
0
0.321
1
-0.049
0
0.442
0
0.298
0
0.567
1
3.554
0
-1
0
0.495
0
-0.869
1
-1.475
0
0.735
0
0.985
0
-0.164
0
-0.869
1
0.883
1
-1.718
0
0.273
0
-0.62
1
-11.058
0
-0.901
0
0.649
1
-0.253
1
-13.499
1
-2.18
0
-1.276
6.035
1
-19.378
0
0.128
0
0.924
0
-0.849
0
-0.449
1
-0.794
0
0.311
1
-6.211
0
3.934
0
-0.743
0
-1.96
1
0.407
0
0.913
1
-3.789
1
1.828
1
0.133
0
-0.461
0
0.959
1
5.366
1
-12.266
0
-8.009
1
-10.45
1
5.542
1
3.921
1
-1.839
1
8.288
0
-0.22
0
0.388
0
0.095
0
6.035
2.53
0
0.129
0
-0.938
0
0.352
0
-0.523
0
-0.596
0
-0.475
1
1.94
0
0.533
0
0.288
0
-0.016
1
-11.87
0
0.141
0
-0.958
0
0.148
1
0.613
0
-0.435
0
0.199
1
0.308
0
-0.597
0
-0.84
0
-0.777
0
-0.341
0
-0.726
0
0.407
0
-0.176
1
3.505
0
0.645
0
-6.118
0
-2.028
0
2.53
-0.762
1
-1.373
0
0.714
0
-0.61
1
-2.373
1
-7.038
0
0.017
1
-5.824
0
0.639
1
-1.481
1
-5.457
0
-0.68
1
-12.842
0
-0.585
1
0.905
0
1.065
1
-9.96
0
0.833
0
-0.773
0
-1.959
0
-0.363
0
-3.925
1
-0.997
0
0.379
0
-10.105
1
5.033
0
0.77
0
17.144
0
4.905
0
-2.709
1
-0.762
2.993
1
-0.116
0
-0.207
0
0.955
0
0.0319999
0
-2.362
1
-3.637
1
-10.345
0
0.624
0
0.243
1
1.403
0
-13.256
0
0.918
1
7.803
0
-10.818
1
-6.584
1
-4.373
1
3.033
0
-7.366
1
-12.389
0
-0.156
1
-4.136
0
-4.579
1
-2.156
1
8.151
1
-2.594
1
2.754
0
0.434
1
13.537
1
5.232
0
2.993
-4.49
0
0.721
0
0.369
1
-5.66
0
0.587
1
-15.039
0
0.763
0
-0.0629999
0
-15.112
0
-0.604
1
-12.535
0
-0.421
1
0.81
1
-0.557
0
0.031
1
-0.191
0
0.889
0
-1.608
0
0.146
1
7.243
1
1.319
1
-6.259
0
-2.489
1
-14.497
1
1.191
0
-3.166
1
-5.23
1
-2.973
0
-0.697
0
0.642
1
-4.49


-2.197
0
-0.267
0
0.887
0
-0.16
0
-0.605
0
-0.209
0
-0.945
0
-0.587
1
4.87
0
-0.283
0
-0.627
0
-0.739
0
-0.543
0
-0.241
0
0.55
0
0.346
0
0.131
0
0.776
0
-0.707
0
0.803
1
0.683
0
-0.691
0
0.152
0
0.817
1
-4.012
0
0.932
1
-0.169
0
0.252
0
0.917
0
-0.465
1
-2.197


0
0
0.907
0
0.807
0
-0.169
0
-0.07
0
0.781
0
-0.173
0
-0.558
0
-0.859
0
0.55
0
-0.015
0
0.92
0
-0.064
0
0.433
0
0.452
0
-0.477
0
-0.436
0
0.755
0
0.091
0
-0.661
0
-0.99
0
-0.045
0
-0.208
0
-0.822
0
0.581
0
-0.997
0
0.757
0
0.257
0
-0.221
0
-0.289
0
0
0
0
0.188
0
-0.29
0
0.917
0
-0.9
0
-0.906
0
0.471
0
-0.637
0
0.82
0
-0.544
0
0.702
0
0.289
0
0.356
0
-0.954
0
-0.977
0
-0.07
0
0.455
0
-0.843
0
-0.511
0
0.406
0
-0.923
0
0.127
0
-0.129
0
0.268
0
-0.179
0
0.256
0
0.243
0
-0.011
0
-0.753
0
-0.798
0
0
0
0
0.185
0
0.43
0
0.418
0
-0.912
0
-0.059
0
0.42
0
-0.193
0
0.667
0
-0.127
0
0.749
0
0.224
0
0.801
0
0.815
0
-0.945
0
0.244
0
0.921
0
0.334
0
0.689
0
-0.092
0
0.228
0
-0.775
0
-0.16
0
0.524
0
0.482
0
0.622
0
-0.991
0
0.185
0
0.376
0
-0.559
0
0
0
0
-0.911
0
-0.03
0
0.343
0
0.942
0
0.386
0
0.428
0
0.811
0
-0.196
0
-0.51
0
-0.624
0
-0.652
0
0.325
0
-0.678
0
0.017
0
-0.237
0
-0.344
0
-0.454
0
0.0650001
0
-0.519
0
-0.524
0
0.588
0
-0.195
0
-0.962
0
0.675
0
-0.116
0
0.66
0
-0.657
0
-0.026
0
-0.856
0
0
0
0
-0.537
0
0.053
0
-0.022
0
0.577
0
-0.469
0
0.115
0
-0.232
0
0.674
0
0.198
0
-0.559
0
0.0880001
0
0.7
0
0.852
0
0.499
0
-0.253
0
0.474
0
-0.459
0
0.0829999
0
-0.535
0
0.742
0
0.296
0
-0.633
0
-0.326
0
0.112
0
0.107
0
-0.686
0
0.841
0
0.884
0
0.93
0
0
0
0
0.391
0
0.502
0
-0.314
0
-0.214
0
0.13
0
0.144
0
-0.807
0
0.465
0
-0.382
0
-0.714
0
-0.641
0
0.451
0
-0.626
0
0.293
0
-0.011
0
-0.613
0
0.459
0
0.737
0
0.51
0
-0.436
0
0.494
0
-0.888
0
0.219
0
0.984
0
-0.576
0
0.0930001
0
-0.694
0
-0.556
0
0.374
0
0
0
0
-0.472
0
0.513
0
0.889
0
-0.723
0
0.651
0
0.354
0
-0.154
0
0.782
0
0.622
0
0.291
0
-0.844
0
-0.988
0
0.888
0
0.291
0
0.082
0
-0.938
0
-0.078
0
0.496
0
-0.428
0
-0.269
0
0.148
0
0.953
0
0.846
0
0.882
0
-0.208
0
0.372
0
0.465
0
0.862
0
0.268
0
0
0
0
0.882
0
0.982
0
-0.671
0
-0.153
0
0.577
0
-0.188
0
0.491
0
-0.124
0
-0.343
0
-0.823
0
-0.691
0
-0.152
0
0.329
0
-0.961
0
0.256
0
-0.016
0
0
0
0.401
0
-0.369
0
0.935
0
0.04
0
-0.857
0
-0.847
0
0.287
0
-0.364
0
-0.552
0
-0.443
0
0.0779999
0
-0.395
0
0
0
0
-0.245
0
-0.189
0
-0.977
0
-0.511
0
-0.839
0
0.73
0
-0.276
0
-0.332
0
0.115
0
-0.397
0
0.665
0
0.023
0
0.728
0
0.165
0
0.224
0
-0.336
0
0.714
0
0.395
0
0.702
0
0.881
0
-0.031
0
0.967
0
-0.000999987
0
-0.756
0
-0.362
0
-0.233
0
0.138
0
-0.917
0
0.044
0
0
0
0
0.783
0
-0.927
0
-0.919
0
-0.901
0
0.375
0
-0.666
0
0.113
0
0.525
0
-0.172
0
-0.917
0
-0.75
0
0.454
0
0.522
0
0.959
0
-0.16
0
-0.717
0
0.33
0
0.854
0
-0.851
0
-0.925
0
0.462
0
0.076
0
-0.569
0
-0.157
0
0.5
0
-0.728
0
-0.283
0
0.876
0
0.558
0
0


-3.211
1
-5.905
0
-0.98
1
0.44
1
-25.452
1
0.96
1
-18.672
0
-0.919
0
0.307
1
-9.866
1
1.417
1
-12.325
0
-11.919
0
-5.947
0
0.264
1
-0.321
1
3.932
1
-3.591
1
-14.367
0
8.435
1
-1.952
1
-6.403
0
-0.191
1
-6.594
1
-15.438
1
-17.519
0
0.623
0
-2.347
0
-0.508
0
4.351
0
-3.211
4.089
1
-4.34
0
-0.637
0
0.404
1
-11.936
0
-0.903
1
-0.38
1
-2.88
1
-17.891
0
-0.461
0
0.116
0
0.768
0
-2.83
1
-10.722
0
-0.024
0
-0.052
0
-1.623
1
-11.995
0
-5.616
0
-1.203
1
-10.823
1
-2.263
0
11.467
0
4.576
0
-0.427
1
1.027
0
-0.384
0
0.359
0
-0.32
1
-14.252
0
4.089
-1.292
0
2.952
1
-11.622
1
-9.033
0
-3.189
0
0.04
0
0.761
1
-19.902
0
-0.614
1
-0.476
1
-2.382
1
-9.392
0
0.177
1
-1.857
0
-0.529
0
-0.207
1
-5.963
0
-0.16
1
-3.637
0
-6.478
1
2.007
0
-0.222
1
-2.844
1
-16.838
0
0.156
0
-3.859
0
-0.208
0
-5.923
1
-12.287
1
1.376
0
-1.292
2.075
1
-17.054
1
3.08
0
-0.235
1
9.381
0
0.756
1
0.793
0
0.72
0
-0.467
0
-1.734
0
-0.058
1
-5.721
0
-3.102
1
-1.404
0
-0.077
0
-8.757
0
1.929
1
7.359
0
-17.879
0
-0.037
0
-0.347
0
0.121
1
0.523
0
-5.774
1
1.719
1
-7.863
0
-0.824
0
-0.081
1
4.02
1
-2.733
0
2.075
-0.13
0
-0.29
0
-0.047
0
-0.572
0
-0.075
0
0.996
1
0.68
1
0.421
0
-0.235
0
-0.3
0
-0.22
0
-0.403
1
6.247
1
-1.912
1
-3.479
0
0.73
1
-17.568
1
1.831
1
13.623
0
0.376
1
-7.742
0
-1.071
0
-0.064
1
-9.78
1
-5.277
0
0.62
0
-0.717
0
4.478
0
0.188
1
-1.842
1
-0.13
2.269
1
2.343
0
-0.91
0
-0.206
0
-0.58
1
2.249
1
-0.415
0
7.364
0
0.627
0
-0.672
1
-0.217
0
-0.075
1
0.723
1
-19.317
1
2.044
1
0.34
0
0.097
0
0.176
1
-2.861
1
-11.494
1
-10.564
0
-14.444
0
-0.709
1
-12.385
1
-12.762
0
0.897
0
0.073
1
-3.949
0
0.966
1
7.831
0
2.269


-2.113
1
0.083
1
-8.456
0
-0.00800002
0
0.076
1
-6.54
0
0.586
0
-0.733
0
0.538
1
21.581
1
-0.137
0
-0.592
1
1.782
0
0.128
1
-4.966
1
3.484
1
5.763
0
-0.304
1
1.843
1
-7.068
0
-0.299
0
3.135
1
2.399
0
-0.768
0
-0.827
0
-0.521
0
2.298
0
-0.402
1
-6.812
0
5.926
0
-2.113
16.125
1
-6.872
1
-14.143
1
0.088
0
-2.878
0
-0.761
0
-8.93
0
0.139
0
2.098
0
-0.626
0
-0.619
1
0.585
1
-2.951
0
-0.825
1
-6.776
1
-2.942
0
-0.965
1
-11.138
1
-5.51
0
0.968
1
-19.583
0
0.56
1
-7.706
0
-12.182
1
2.404
0
0.034
0
0.753
1
-27.932
1
2.601
0
0.994
1
16.125
-4.358
0
4.137
0
0.7
1
-4.332
0
-5.677
0
-0.245
1
-4.401
0
0.783
0
0.949
0
0.543
0
3.501
0
-8.931
1
6.698
1
1.343
0
0.348
1
0.207
1
-0.686
1
-3.007
0
-0.112
0
-0.731
0
-0.915
1
9.904
0
-2.871
0
0.545
0
-0.447
0
-0.118
0
0.866
0
0.773
0
-0.838
1
-2.31
0
-4.358
5.064
0
-0.216
1
3.411
0
0.502
0
-0.635
0
-0.68
1
3.119
0
0.577
1
-8.014
1
1.702
1
4.203
0
0.967
0
-5.83
1
-5.885
1
-13.352
0
1.201
1
1.898
1
0.274
1
-2.473
0
-7.261
1
8.389
0
-0.461
0
0.353
1
-8.515
0
-0.139
0
0.981
0
0.717
0
2.038
0
-0.166
1
3.504
1
5.064
-0.173
0
0.244
0
0.094
0
-0.511
0
-0.824
1
0.015
0
0.981
0
0.456
0
0.095
0
0.442
0
-0.842
1
-7.259
0
-0.291
0
-0.016
0
-0.827
0
0.891
1
-1.054
0
-0.504
0
-0.1
1
-3.746
0
-5.529
0
-16.995
1
-8.685
1
0.285
0
0.27
1
2.292
1
3.366
0
-11.547
1
-6.679
0
-0.343
0
-0.173
-5.245
0
0.961
1
-1.559
1
-5.542
0
0.449
1
1.64
1
-3.979
0
-0.05
0
0.449
0
0.254
0
-0.698
0
1.012
1
1.603
0
-0.647
0
-5.093
0
0.336
1
-2.273
1
-12.341
0
-0.626
0
-2.427
0
0.667
0
0.726
0
-0.009
1
1.599
0
-0.985
1
0.609
0
-0.48
0
-0.795
0
0.154
1
-4.425
1
-5.245


1.888
1
-10.485
1
-0.712
0
-0.972
0
-0.000999987
0
-0.054
0
0.901
0
-0.388
1
2.155
0
-10.939
1
1.29
0
-0.344
1
2.744
1
4.352
1
-3.078
0
-0.332
1
-12.476
0
-0.022
0
0.981
1
4.221
0
-0.29
0
-3.932
1
0.938
1
-18.876
0
0.477
1
-5.284
0
0.569
0
-0.409
0
-8.371
0
-25.262
0
1.888
-5.345
1
2.873
0
0.283
0
-17.753
1
-5.007
1
-2.639
0
-0.571
0
-0.198
0
-2.281
1
-9.815
1
-11.446
0
-0.896
1
-7.701
1
-2.227
1
3.415
1
-7.619
0
-0.297
0
0.698
0
-0.496
0
-0.497
0
-0.439
1
-10.5
0
-0.799
0
0.159
0
0.242
1
18.094
0
0.533
1
-10.176
1
-10.707
0
-3.953
0
-5.345
-14.027
0
-10.657
1
-13.891
0
-0.117
1
5.457
0
-0.945
0
6.787
1
2.848
0
-0.205
0
-0.871
1
-8.616
1
-5.02
1
-1.689
0
-0.647
1
2.591
1
-9.754
0
0.416
1
4.757
0
-0.216
0
-0.165
0
-0.564
0
-0.1
0
0.415
0
0.557
0
-0.143
1
11.425
0
-8.359
0
9.182
0
0.703
1
-0.679
1
-14.027
6.681
0
-6.588
1
-1.06
1
-12.155
0
-0.27
0
-0.772
0
3.794
0
-0.815
1
-16.952
0
-0.376
0
5.703
1
3.002
0
-0.881
1
-1.314
1
5.439
1
-1.494
0
-0.819
0
0.00399995
1
1.818
1
-7.18
1
-4.614
1
-8.391
0
-0.658
0
0.153
0
-0.771
1
-12.006
1
-8.52
0
-4.817
1
5.228
0
0.171
1
6.681
-5.43
0
-0.676
1
-10.675
1
-4.922
1
1.715
1
-4.147
0
-0.305
0
-0.834
1
-9.891
1
-3.88
0
-0.448
0
-0.666
1
-1.494
0
-0.139
0
-0.701
0
-0.387
0
-0.112
0
-0.461
1
2.854
0
-0.35
0
2.057
0
0.157
1
-4.678
1
-6.687
1
-0.234
1
-11.3
1
-3.907
0
0.226
0
0.011
0
-0.985
1
-5.43
2.923
0
0.602
0
0.851
1
9.669
0
-0.413
1
-11.059
0
-0.886
1
-2.508
0
0.381
0
-13.548
0
-0.58
0
-0.011
0
0.585
1
-5.951
0
-0.54
1
-0.432
1
-0.884
0
-0.116
0
0.077
1
1.133
0
-0.5
1
-1.116
0
2.076
1
4.356
0
0.159
1
1.135
0
-4.63
1
-0.205
0
-3.536
0
0.277
0
2.923


0
1
0.14
0
-0.855
0
-0.707
1
-0.982
1
0.649
1
1.282
0
0.199
0
0.957
0
0.334
0
-0.428
0
0.707
0
0.241
0
-0.023
0
-0.065
0
0.419
0
-0.702
0
0.432
0
0.117
0
-0.836
0
0.48
0
0.295
1
-2.832
0
-0.787
0
0.049
0
-0.213
0
0.847
0
0.672
0
-0.602
0
-0.184
1
0
