

0
0
0.805
0
-0.256
0
-0.243
0
-0.874
0
-0.677
0
-0.592
0
0.438
0
-0.059
0
0.563
0
0.652
0
-0.217
0
-0.619
0
-0.646
0
0.14
0
0.423
0
0.256
0
-0.585
0
0.538
0
-0.117
0
0.713
0
-0.72
0
0.757
0
0.743
0
-0.526
0
0.254
0
-0.973
0
0.26
0
-0.559
0
0.127
0
-0.837
0
0.611
0
0.387
0
-0.00599998
0
-0.67
0
0.0650001
0
0
0
0
0.115
0
0.092
0
-0.35
0
-0.927
0
0.932
0
-0.507
0
-0.431
0
-0.7
0
0.919
0
0.55
0
-0.512
0
-0.772
0
-0.161
0
0.438
0
0.734
0
-0.673
0
-0.86
0
0.587
0
-0.251
0
-0.648
0
0.984
0
0.319
0
-0.473
0
0.776
0
-0.742
0
0.374
0
0.122
0
0.376
0
0.827
0
-0.914
0
0.593
0
-0.974
0
-0.8
0
-0.216
0
-0.242
0
0
0
0
-0.922
0
0.26
0
-0.346
0
-0.515
0
0.454
0
0.45
0
0.988
0
-0.577
0
-0.546
0
0.045
0
-0.994
0
0.256
0
-0.664
0
0.3
0
0.2
0
-0.486
0
0.4
0
-0.15
0
0.268
0
-0.92
0
0.187
0
-0.297
0
0.15
0
-0.78
0
-0.869
0
0.592
0
0.081
0
-0.595
0
-0.687
0
0.129
0
0.523
0
0.283
0
0.146
0
0.52
0
0.342
0
0
0
0
-0.628
0
-0.575
0
0.067
0
0.026
0
0.942
0
-0.681
0
0.064
0
-0.697
0
-0.242
0
0.00600004
0
-0.957
0
0.352
0
0.129
0
-0.669
0
0.637
0
0.525
0
0.209
0
-0.196
0
-0.459
0
0.385
0
0.934
0
0.061
0
0.675
0
-0.033
0
0.788
0
0.951
0
0.505
0
0.48
0
0.261
0
0.43
0
0.969
0
-0.622
0
-0.584
0
-0.286
0
-0.333
0
0
0
0
0.097
0
0.493
0
0.751
0
0.308
0
-0.502
0
-0.583
0
-0.874
0
-0.604
0
-0.475
0
-0.095
0
-0.654
0
-0.351
0
0.738
0
-0.218
0
0.439
0
-0.966
0
-0.321
0
-0.775
0
0.827
0
0.686
0
0.253
0
0.649
0
-0.264
0
0.401
0
0.741
0
-0.625
0
-0.912
0
-0.563
0
-0.985
0
-0.297
0
-0.895
0
0.775
0
-0.764
0
-0.72
0
-0.423
0
0
0
0
0.068
0
0.315
0
-0.00400001
0
0.778
0
0.364
0
-0.366
0
0.958
0
-0.432
0
-0.018
0
-0.938
0
0.852
0
-0.451
0
-0.759
0
0.765
0
0.471
0
0.981
0
-0.141
0
0.212
0
0.71
0
-0.765
0
-0.992
0
-0.515
0
-0.78
0
0.936
0
-0.922
0
-0.389
0
-0.368
0
0.999
0
-0.641
0
0.092
0
-0.584
0
-0.843
0
0.318
0
-0.777
0
-0.416
0
0
0
0
0.934
0
0.768
0
0.894
0
0.839
0
-0.107
0
0.124
0
0.048
0
-0.054
0
-0.628
0
-0.28
0
-0.632
0
0.095
0
-0.855
0
0.731
0
-0.064
0
-0.012
0
-0.526
0
0.707
0
0.765
0
0.745
0
0.906
0
-0.39
0
0.948
0
-0.829
0
0.705
0
0.36
0
-0.213
0
-0.162
0
-0.511
0
-0.871
0
0.654
0
-0.778
0
-0.954
0
-0.897
0
-0.236
0
0
0
0
-0.565
0
-0.543
0
0.227
0
0.801
0
0.168
0
-0.676
0
-0.028
0
-0.35
0
-0.679
0
0.467
0
-0.365
0
-0.249
0
-0.459
0
0.542
0
-0.152
0
-0.875
0
0.335
0
-0.222
0
0.355
0
0.08
0
-0.069
0
-0.968
0
-0.581
0
0.161
0
-0.627
0
-0.707
0
-0.203
0
0.793
0
0.452
0
-0.326
0
0.295
0
0.71
0
0.376
0
-0.65
0
0.013
0
0
0
0
0.283
0
-0.005
0
0.709
0
-0.121
0
-0.714
0
0.772
0
0.499
0
0.287
0
-0.477
0
0.347
0
-0.491
0
0.438
0
0.249
0
-0.871
0
-0.864
0
0.793
0
0.626
0
0.974
0
0.464
0
-0.858
0
-0.05
0
-0.853
0
0.488
0
0.23
0
-0.664
0
0.351
0
-0.521
0
-0.613
0
-0.327
0
0.736
0
-0.149
0
0.55
0
-0.645
0
0.716
0
-0.518
0
0
0
0
0.961
0
-0.306
0
0.443
0
-0.123
0
-0.678
0
0.241
0
0.632
0
-0.815
0
-0.629
0
0.586
0
-0.23
0
-0.941
0
0.767
0
0.262
0
-0.964
0
-0.053
0
0.735
0
0.539
0
0.0140001
0
-0.554
0
-0.794
0
-0.744
0
-0.547
0
-0.336
0
-0.205
0
0.129
0
0.132
0
0.102
0
0.879
0
0.538
0
0.595
0
-0.23
0
0.8
0
-0.126
0
0.432
0
0


-16.517
0
-2.895
0
-2.98
0
-1.792
1
0.55
0
-0.773
0
1.047
0
2.82
1
1.996
1
3.24
1
-2.46
1
-1.121
1
-3.272
1
-2.562
0
2.535
1
2.79
0
-0.107
1
-0.074
1
-0.213
0
-2.153
1
0.97
0
-2.45
1
-0.023
0
-1.111
1
-1.623
1
0.106
0
2.696
0
-0.484
0
1.294
0
-0.806
1
-2.079
0
-1.47
1
0.128
1
0.401
1
0.824
1
0.389
0
-16.517
-3.268
0
0.289
0
0.102
0
-0.113
1
0.146
0
-1.101
1
-0.318
1
-0.953
0
-0.323
1
-0.749
1
-1.839
1
0.999
1
0.245
0
-2.845
1
0.762
1
2.808
1
-2.016
1
0.366
1
-2.485
0
-0.99
0
-2.506
0
1.661
1
-2.035
1
-1.858
1
-0.12
0
-3.24
0
-4.751
0
-2.958
0
1.317
0
1.012
0
2.316
0
-0.486
1
-2.899
0
0.489
1
-1.055
1
-0.867
1
-3.268
-6.711
0
-1.779
0
-1.214
0
-0.524
0
-0.351
1
-0.71
1
-0.0630002
1
0.261
1
0.0190001
0
0.861
0
0.884
0
-3.403
1
-0.914
0
-0.835
0
1
0
-0.943
0
2.034
1
-3.242
0
-1.513
1
0.474
0
3.488
1
-1.209
0
-1.404
0
1.509
0
-2.621
1
-1.025
0
0.75
0
-0.137
0
0.712
1
1.386
1
-3.108
0
-0.902
0
-0.834
0
0.318
0
-2.26
0
1.253
0
-6.711
-4.09
1
0.624
1
5.586
1
-0.824
0
-0.822
0
0.113
0
1.36
0
-0.998
0
-4.383
1
0.987
1
0.893
0
0.41
1
-1.516
1
0.91
0
0.421
1
-2.965
0
-0.983
1
-1.63
0
2.762
1
-3.025
1
0.231
0
2.837
1
0.658
0
-0.673
1
-0.541
1
-0.179
1
2.243
0
1.947
1
-0.183
1
1.644
1
-2.544
0
0.664
1
2.666
1
1.448
1
-0.846
1
-1.607
0
-4.09
1.667
0
-1.439
0
0.418
1
0.772
0
5.462
0
1.794
0
-0.0329998
1
-0.998
1
2.392
0
-1.765
0
3.034
0
-0.519
0
-1.711
0
-0.766
1
2.335
0
-0.428
0
-1.086
1
2.645
0
1.963
1
0.814
0
-4.931
0
0.312
1
-0.317
1
2.151
1
-1.136
1
1.135
0
0.668
1
-3.866
0
-0.047
0
-0.522
0
4.919
1
2.055
1
1.652
1
0.896
0
1.415
1
1.274
1
1.667
-15.634
1
0.666
1
-1.108
0
0.392
1
-1.508
1
-1.297
1
-0.518
0
-0.976
0
0.258
1
-0.751
1
-1.275
1
-2.2
0
0.831
1
0.962
1
2.464
1
-0.65
0
3.081
0
-2.231
0
-0.451
1
-2.974
1
-0.448
0
-2.42
1
1.426
0
2.06
0
0.235
0
-0.986
0
-1.651
0
-0.436
0
-0.366
0
0.426
0
-5.029
0
0.356
0
-1.001
1
0.35
1
-3.382
1
0.269
0
-15.634
-3.548
1
0.836
0
-0.184
1
0.291
0
0.0610001
0
-3.68
1
-3.695
0
-2.858
0
0.758
0
0.556
1
3.163
0
-2.16
0
-1.851
0
-0.143
0
0.0350001
1
1.91
0
-1.771
1
1.234
0
0.349
1
-2.395
0
0.311
0
-1.29
0
-1.15
0
1.692
1
0.746
1
1.478
0
-1.862
0
-3.379
1
-1.631
0
-0.441
1
-1.815
1
-0.528
0
-1.144
1
-2.983
1
3.091
1
-0.793
1
-3.548
0.0679998
0
-1.543
0
-5.012
0
0.983
0
0.829
0
-0.602
0
0.604
0
-0.951
1
-0.024
0
1.876
0
0.86
1
0.689
0
-1.113
1
-0.974
1
-2.533
0
-2.254
1
2.227
1
-0.506
0
-3.586
0
0.881
0
4.247
0
-0.935
1
-1.397
0
0.175
1
-1.154
0
3.473
1
-0.222
0
2.332
0
0.345
0
-0.637
1
-2.552
0
-0.472
1
0.582
1
-0.4
1
0.914
0
0.415
1
0.0679998


1.023
0
-0.678
0
-0.175
0
-0.044
0
-3.206
1
0.827
0
1.389
0
-0.285
0
-0.665
0
-0.59
0
-1.162
1
0.789
0
-0.698
0
0.435
0
0.87
0
-2.929
0
0.8
0
-1.487
0
-0.809
1
-3.041
0
0.787
1
-4.222
1
0.779
1
1.139
1
-0.536
1
-0.457
1
-0.037
0
2.259
0
-0.0840001
0
-0.569
0
-0.624
1
-0.755
1
-0.643
0
-2.578
0
-2.695
1
0.394
0
1.023
-6.979
0
2.99
0
-1.544
1
-0.763
0
-0.821
0
2.662
0
-1.549
1
2.483
0
-1.465
0
-1.842
0
1.832
1
2.174
0
0.802
0
-0.726
1
-0.674
0
-1.597
0
0.575
1
0.449
1
-0.635
0
2.286
1
-0.71
1
2.174
0
-3.293
1
-1.699
1
-0.367
0
-0.875
0
1.176
0
-0.214
0
3.47
1
-2.765
0
-0.144
1
-2.487
1
-1.642
0
-0.2
1
-0.678
0
-1.5
0
-6.979
-13.644
0
-1.416
1
-0.813
1
-0.245
0
-1.668
1
-0.369
1
2.072
1
-2.786
0
-1.301
1
-0.0810002
0
-2.507
1
3.186
1
1.13
0
1.242
0
-0.642
0
0.0849999
1
-1.225
0
-1.35
0
-0.665
1
-0.613
1
1.071
0
-2.559
0
-2.653
1
0.16
1
-0.434
0
-0.723
0
-0.95
0
0.29
1
2.626
1
-3.172
1
0.333
0
-2.518
1
-1.727
0
-2.582
0
0.623
1
0.826
1
-13.644
4.151
1
0.0880001
1
-0.975
1
-1.094
0
-1.465
0
0.157
1
0.611
1
0.77
1
0.558
1
-0.369
0
-1.388
1
0.338
1
0.387
1
-0.584
0
-0.821
1
-0.282
0
0.888
1
1.774
1
-2.885
0
0.911
1
-4.216
0
-0.811
0
3.165
0
0.762
1
-4.248
0
-1.874
1
-2.031
1
2.112
1
-0.277
0
-0.485
0
-0.374
0
-1.253
1
-0.377
0
0.892
1
4.253
0
0.369
0
4.151
20.483
1
-1.589
1
4.237
0
2.933
0
-0.102
0
0.418
1
0.483
0
-2.191
0
1.947
0
-1.58
0
-0.283
0
-0.381
0
2.006
1
2.887
1
2.738
1
-0.889
1
0.406
1
1.685
1
-4.472
0
-0.644
1
-1.748
0
-0.234
0
-0.489
0
-1.681
0
0.495
1
-0.0319999
0
-1.174
0
0.575
1
-4.512
1
-0.733
1
-0.224
0
0.124
1
-1.632
0
-0.785
1
-0.372
0
0.527
0
20.483
-13.078
0
-0.28
1
-0.43
0
-0.906
1
-0.777
0
-0.697
0
2.849
1
0.325
0
0.449
0
0.272
0
0.39
1
-1.25
1
2.196
0
2.151
1
-0.194
0
-2.455
1
-0.564
1
-0.343
0
0.71
0
1.041
0
0.623
0
-1.922
0
-0.723
1
1.987
0
0.00699985
1
-0.862
1
-0.559
1
0.376
0
2.656
1
1.872
0
1.828
1
-3.791
1
-0.797
0
-1.681
0
0.559
1
1.589
1
-13.078
10.552
1
0.748
0
1.728
1
-3.925
1
0.562
1
4.191
1
0.325
1
-4.804
1
-0.652
0
-0.88
0
0.707
1
-0.39
1
0.101
0
0.0850001
1
0.408
0
-1.442
0
-1.867
1
0.737
1
-5.059
1
1.732
1
1.183
1
-0.872
1
1.581
1
-0.597
1
-0.026
1
-1.892
0
0.982
0
-0.12
1
0.19
1
2.45
1
5.696
1
-2.288
0
0.399
0
4.525
0
0.677
0
-2.231
1
10.552
-0.489
1
2.551
0
-0.484
0
2.578
0
-0.62
0
-2.539
0
-1.739
1
-0.121
1
0.742
0
0.171
0
2.317
1
-0.143
1
-1.277
0
0.184
1
-3.035
1
1.251
1
-0.335
0
0.486
0
2.291
1
-0.278
1
-2.004
0
-3.297
0
0.54
1
-3.084
0
-1.438
1
1.521
0
2.532
0
-0.785
0
0.951
1
0.722
1
-1.659
0
0.603
1
-1.272
1
0.42
0
-1.66
0
-0.056
0
-0.489


-6.065
1
0.381
0
-0.142
0
-0.316
1
-2.394
0
0.913
1
1.28
0
3.211
0
-0.731
1
-0.423
1
-2.857
0
0.91
1
-0.974
0
-1.984
1
-0.43
1
2.118
0
0.927
1
1.161
0
1.501
1
2.251
0
0.332
0
-1.054
0
0.123
0
0.84
0
-1.833
0
1.063
0
3.95
1
2.908
0
0.98
1
4.125
0
1.988
0
-3.2
0
1.295
0
-2.08
0
-0.812
1
0.549
0
-6.065
7.488
1
-0.322
0
3.313
0
-2.081
0
1.493
0
1.577
0
-2.497
1
0.395
1
-0.469
1
-1.989
0
1.824
1
2.532
0
-0.669
1
3.001
0
1.086
0
-2.12
1
0.796
0
-1.818
0
-1.764
0
-1.098
1
0.221
0
-1.589
1
-0.207
1
0.689
0
0.936
0
-2.053
0
-1.956
0
0.226
0
-1.055
0
0.607
0
-2.427
0
-0.417
1
-1.17
0
0.69
1
-3.527
1
-1.666
1
7.488
-30.11
1
-2.833
0
-0.514
0
0.375
0
1.235
0
0.214
0
3.927
0
-3.226
0
-0.624
0
0.227
0
-1.543
1
-0.812
1
0.729
0
-2.824
1
3.328
0
-0.884
1
3.795
0
2.239
0
-0.678
0
-0.824
0
-1.486
0
-0.802
1
-0.304
0
-1.262
1
1.898
0
0.995
0
-1.584
0
-0.159
0
0.683
1
0.086
0
-3.987
1
-3.261
1
-1.911
0
0.772
1
0.986
1
-0.984
1
-30.11
-14.79
1
6.122
1
0.555
1
-2.656
0
-3.696
1
2.922
1
-0.522
0
0.163
1
-3.116
1
0.016
0
-1.472
0
-0.341
1
0.453
1
3.002
0
0.831
1
2.204
0
-0.817
1
-2.139
1
-0.41
0
-2.076
1
1.949
0
1.352
1
-2.56
0
1.077
1
-0.189
0
4.732
1
-1.31
0
-0.243
1
-0.281
1
0.689
1
-0.42
0
-0.931
0
1.215
0
-2.393
0
0.632
1
-0.477
1
-14.79
7.912
0
-0.71
1
0.537
1
0.435
0
-2.669
1
0.0330001
0
-0.472
1
-0.284
1
-0.8
1
-0.183
0
-0.226
0
3.526
1
-0.086
0
-1.611
1
3.103
0
-0.741
0
-3.757
1
-2.04
0
-0.507
1
-2.515
1
1.058
1
0.208
1
-2.203
0
-0.755
0
0.7
0
-1.778
0
-4.139
1
-0.025
1
0.371
0
-0.985
0
2.032
0
-3.26
0
-1.802
1
0.931
0
-1.002
1
-0.791
1
7.912
-19.823
1
-0.83
0
0.598
0
-0.815
1
-1.355
0
1.603
1
-0.481
0
-3.376
0
-0.729
1
1.187
0
0.207
0
1.474
0
0.816
1
-0.412
0
0.721
0
-0.835
0
-1.982
1
-0.85
0
-0.423
1
-0.475
0
-0.129
0
-4.068
1
-3.103
1
1.112
1
1.619
1
-1.347
1
1.041
1
0.0730001
1
-1.643
0
3.179
0
2.421
1
0.356
0
-0.643
1
0.452
1
2.293
1
-1.575
0
-19.823
-7.714
1
-1.754
1
0.906
1
1.481
0
-2.538
1
-0.279
1
-0.316
1
-1.97
1
-3.23
0
0.072
1
-0.725
1
-3.189
0
0.218
1
-0.27
1
2.356
0
-0.632
1
0.0919999
0
0.354
1
0.171
1
-0.41
0
0.585
0
-0.0139999
0
-0.375
1
-0.658
0
-4.088
0
0.484
1
1.171
0
0.738
1
-1.244
0
-1.844
0
-0.686
1
-0.162
0
-2.27
1
1.857
1
-1.902
0
-1.714
0
-7.714
6.72
1
0.841
0
0.295
0
-0.324
1
1.691
1
-4.028
0
2.332
1
2.253
0
-3.909
0
0.216
1
-0.096
0
-1.5
0
0.762
1
0.796
0
-0.583
0
-2.046
0
1.718
0
2.139
1
0.393
1
-0.724
1
2.033
1
0.693
1
0.96
1
1.883
0
0.916
0
0.226
0
-1.185
0
0.239
0
-3.293
1
0.624
0
-2.405
1
-0.045
1
0.29
0
-0.283
0
1.462
0
-1.801
1
6.72


3.039
0
0.87
0
-2.69
0
-1.068
0
0.48
0
-1.923
0
-0.153
0
-0.735
1
0.95
0
-0.71
0
-2.508
0
-1.541
0
-1.158
0
-3.015
0
-2.618
0
0.381
0
-0.378
0
-0.974
0
0.565
0
1.689
1
0.096
0
-0.692
0
0.21
0
2.654
0
-2.178
0
-4.338
0
-1.762
0
-0.0210001
0
-2.722
0
0.292
0
3.83
0
1.125
0
-0.475
0
-0.226
0
-2.675
0
-1.919
1
3.039


0
0
-0.743
0
-0.841
0
0.25
0
-0.865
0
0.451
0
0.559
0
0.688
0
-0.399
0
0.439
0
-0.075
0
0.262
0
-0.987
0
0.502
0
-0.326
0
-0.967
0
0.408
0
-0.217
0
0.275
0
-0.345
0
0.463
0
0.257
0
-0.401
0
-0.793
0
-0.811
0
0.379
0
-0.856
0
-0.086
0
-0.776
0
0.369
0
0.279
0
-0.048
0
-0.619
0
0.602
0
-0.675
0
-0.802
0
0
0
0
-0.977
0
-0.45
0
0.601
0
-0.527
0
0.625
0
0.728
0
0.46
0
0.316
0
0.631
0
0.672
0
0.695
0
-0.739
0
-0.728
0
0.256
0
0.193
0
0.916
0
-0.076
0
-0.441
0
0.041
0
-0.189
0
-0.441
0
0.498
0
0.668
0
-0.721
0
0.062
0
-0.31
0
0.876
0
-0.663
0
0.682
0
-0.434
0
-0.467
0
0.973
0
-0.733
0
0.994
0
-0.367
0
0
0
0
0.968
0
-0.969
0
-0.589
0
-0.67
0
-0.753
0
0.768
0
0.534
0
0.503
0
0.553
0
0.258
0
0.619
0
0.064
0
0.865
0
0.368
0
0.751
0
-0.965
0
-0.692
0
-0.326
0
-0.126
0
0.935
0
0.031
0
-0.448
0
-0.915
0
0.245
0
-0.574
0
-0.00300002
0
0.824
0
-0.302
0
-0.316
0
0.274
0
-0.613
0
-0.86
0
-0.401
0
0.304
0
0.163
0
0
0
0
0.298
0
-0.296
0
0.457
0
0.506
0
0.043
0
0.173
0
0.556
0
0.636
0
-0.028
0
-0.473
0
0.316
0
0.00100005
0
0.232
0
0.513
0
0.169
0
0.744
0
-0.005
0
0.591
0
-0.025
0
-0.142
0
0.76
0
0.034
0
-0.716
0
0.906
0
0.546
0
0.156
0
-0.791
0
-0.685
0
0.846
0
0.452
0
-0.448
0
-0.974
0
-0.289
0
0.924
0
-0.667
0
0
0
0
0.353
0
-0.737
0
0.24
0
-0.901
0
0.051
0
0.321
0
0.312
0
0.559
0
0.598
0
-0.868
0
-0.404
0
-0.3
0
0.487
0
-0.76
0
0.487
0
0.0700001
0
0.515
0
0.787
0
0.878
0
0.923
0
-0.587
0
0.184
0
0.127
0
-0.407
0
0.126
0
-0.029
0
-0.842
0
0.646
0
-0.998
0
-0.636
0
0.102
0
0.768
0
0.672
0
0.306
0
-0.49
0
0
0
0
0.611
0
0.521
0
0.312
0
-0.505
0
0.377
0
-0.557
0
0.915
0
-0.243
0
0.511
0
-0.215
0
0.543
0
-0.622
0
0.916
0
0.28
0
-0.14
0
0.749
0
-0.825
0
0.584
0
-0.919
0
0.073
0
-0.844
0
0.386
0
-0.041
0
-0.134
0
0.797
0
0.384
0
-0.594
0
0.914
0
0.829
0
-0.795
0
-0.233
0
-0.57
0
-0.615
0
-0.547
0
0.905
0
0
0
0
0.373
0
0.336
0
0.969
0
-0.795
0
-0.77
0
0.859
0
0.313
0
-0.75
0
-0.05
0
-0.508
0
0.877
0
0.702
0
-0.216
0
0.678
0
0.38
0
0.73
0
0.493
0
-0.582
0
0.259
0
0.217
0
0.835
0
-0.078
0
0.063
0
0.999
0
-0.987
0
-0.886
0
0.941
0
-0.516
0
-0.757
0
0.892
0
-0.657
0
0.256
0
-0.597
0
-0.893
0
-0.654
0
0
0
0
0.53
0
-0.098
0
-0.686
0
0.426
0
0.709
0
-0.834
0
0.695
0
0.902
0
0.584
0
-0.592
0
-0.658
0
0.96
0
0.311
0
0.351
0
0.848
0
0.438
0
-0.138
0
0.143
0
-0.759
0
0.782
0
0.37
0
0.12
0
-0.845
0
0.571
0
0.119
0
-0.521
0
-0.278
0
-0.756
0
-0.876
0
-0.767
0
0.652
0
0.886
0
0.668
0
-0.23
0
-0.033
0
0
0
0
-0.202
0
0.487
0
-0.341
0
-0.937
0
0.717
0
-0.568
0
0.194
0
-0.394
0
0.66
0
0.089
0
-0.815
0
-0.863
0
-0.391
0
-0.694
0
0.057
0
-0.442
0
0.175
0
0.823
0
0.198
0
0.036
0
0.795
0
0.829
0
-0.767
0
-0.805
0
-0.674
0
-0.563
0
0.616
0
-0.783
0
-0.187
0
0.015
0
0.738
0
-0.617
0
0.845
0
-0.712
0
-0.451
0
0
0
0
-0.305
0
-0.469
0
-0.513
0
0.827
0
0.749
0
-0.851
0
0.49
0
-0.506
0
0.899
0
0.0779999
0
0.99
0
-0.726
0
-0.752
0
-0.573
0
-0.31
0
-0.123
0
0.322
0
-0.832
0
0.88
0
-0.559
0
0.941
0
0.303
0
0.953
0
-0.409
0
0.362
0
0.286
0
0.392
0
-0.499
0
0.482
0
0.454
0
-0.899
0
-0.991
0
0.62
0
0.467
0
-0.645
0
0


0.035
0
-1.324
0
-0.539
0
1.921
0
-0.434
0
-0.604
0
-1.689
0
1.66
0
-0.954
1
0.113
0
-0.272
1
2.399
1
-2.648
1
2.561
0
-2.702
0
1.755
1
3.354
0
0.25
1
-0.6
0
0.37
1
1.087
1
-1.416
0
-0.08
0
2.187
0
-0.756
0
-1.745
1
-1.122
0
2.441
0
-2.405
1
0.475
0
-0.615
1
-2.018
1
-0.998
1
0.715
1
1.352
0
0.822
0
0.035
0.0220001
1
-0.342
1
0.72
0
1.845
0
3.129
0
1.512
1
-3.368
1
-1.061
1
5.801
0
-0.976
0
2.271
0
0.808
1
0.5
0
1.866
1
-0.766
0
-0.417
1
1.496
1
-0.421
1
-6.399
0
1.492
0
-0.861
1
0.575
1
-0.295
0
1.813
0
0.537
1
-0.589
0
-3.139
0
0.549
1
-6.005
0
2.252
0
-0.277
0
2.74
1
2.138
0
0.92
0
-0.147
0
-3.163
1
0.0220001
-0.611001
0
1.213
0
-1.802
1
-0.679
1
-1.041
0
-3.374
1
-1.912
1
-1.182
1
2.478
1
-0.881
0
-0.117
1
1.061
1
0.852
0
1.322
1
2.217
1
0.567
0
-2.183
1
1.033
1
-0.268
0
-1.084
0
-0.208
1
-0.809
1
-0.234
0
0.12
1
0.687
0
0.272
0
-1.672
1
0.023
0
5.017
0
-0.47
0
-0.927
1
1.285
0
-0.66
0
0.959
1
0.494
0
2.08
0
-0.611001
-24.347
0
1.212
0
-0.757
1
0.871
1
0.086
0
-1.329
0
-0.00399995
0
0.369
1
-1.772
1
3.261
0
-0.987
0
-2.477
0
0.484
1
1.916
1
-0.882
1
0.072
0
-0.798
1
-0.071
1
-2.577
1
0.965
0
-0.149
1
-0.00400001
1
-1.193
1
0.04
1
0.329
0
0.94
0
2.648
0
0.165
0
0.076
1
-0.396
0
0.4
0
0.33
0
-2.162
1
-0.901
0
3.09
1
0.05
0
-24.347
-17.782
1
1.806
1
0.834
0
0.029
0
0.423
1
-1.445
0
2.872
0
-0.384
0
-1.611
1
0.354
0
0.928
1
-1.662
1
-0.848
1
-2.024
1
0.095
1
-1.924
0
-0.966
0
-2.223
0
1.005
1
4.077
1
2.965
1
-0.748
1
-1.603
0
0.232
0
0.631
1
1.205
1
-3.969
1
2.778
1
-5.898
0
-0.751
0
-0.891
0
-4.667
0
0.183
1
-4.55
0
0.085
0
3.772
0
-17.782
-14.831
1
-6.545
0
-0.968
0
-0.244
0
2.076
0
-2.431
1
-0.616
1
-2.054
0
0.536
1
-0.557
0
-1.314
1
0.329
0
0.0939999
0
-3.014
0
-1.597
1
1.612
1
2.036
1
-1.061
1
-0.824
1
-2.667
1
0.449
0
2.2
0
0.54
0
1.618
1
0.512
1
-4.974
0
1.879
0
-0.705
0
0.73
1
2.016
1
0.166
1
-4.315
0
-0.26
1
0.922
0
-4.303
0
0.518
0
-14.831
43.326
1
-0.213
0
-0.993
1
1.349
1
-0.341
1
0.833
0
1.503
0
1.501
1
-3.337
0
2.583
1
-2.066
0
0.699
0
1.374
0
1.428
1
-3.232
0
-1.642
1
-1.819
1
-0.228
0
0.784
0
2.025
0
-3.324
0
2.068
1
-2.459
0
-0.968
0
0.102
0
5.462
0
3.09
1
-1.098
1
1.401
1
0.737
0
0.699
1
-1.677
0
-0.168
1
-0.76
1
-5.092
0
0.73
1
43.326
-0.898001
0
-2.107
0
0.831
0
-0.55
0
-0.847
1
0.534
0
-0.35
0
4.575
0
0.975
1
2.622
0
-1.799
1
1.902
1
-0.479
1
-1.236
0
0.476
1
0.975
1
-0.31
1
0.492
0
-4.269
0
-0.557
1
-0.055
1
-0.909
1
1.981
0
-1.037
0
0.747
0
1.308
1
-0.318
1
-0.547
1
-5.67
1
0.44
1
-1.374
0
0.039
0
-0.808
0
-0.812
1
1.129
0
-1.26
0
-0.898001


-11.983
1
-0.912
0
-1.737
0
-1.574
0
-0.944
1
5.248
0
-0.4
0
0.36
1
-0.188
1
0.1
0
-6.447
1
-0.943
0
-2.061
0
0.879
0
0.932
1
-1.002
1
-3.128
1
1.733
1
2.676
1
2.276
1
-0.301
0
0.584
0
1.632
1
0.0910001
0
0.922
0
0.029
1
-2.419
1
0.253
0
0.276
0
-1.311
1
2.127
1
-1.023
1
2.955
0
0.936
0
-1.459
1
-0.25
1
-11.983
11.473
0
-0.799
0
-0.72
1
1.975
0
1.991
1
0.158
1
-1.377
1
-0.656
1
3.834
1
-0.648
0
0.117
0
-3.679
1
-0.823
0
-3.284
1
0.492
0
-2.402
1
-0.252
1
2.643
1
2.277
1
-0.127
0
-2.009
1
-0.089
1
0.645
1
0.853
1
-2.334
0
-0.965
0
-2.017
0
0.011
0
-1.697
0
-1.844
0
0.225
1
1.524
0
-3.726
0
-0.848
0
-5.28
0
-0.916
0
11.473
-2.972
1
2.21
0
0.0649999
0
-3.165
0
0.858
0
-0.896
0
1.552
0
-0.575
1
2.097
0
-0.875
0
2.763
0
-8.123
0
-1.843
0
-0.216
0
3.012
0
1.406
0
-2.89
0
-0.666
1
0.733
0
0.674
1
0.319
0
1.24
0
2.848
0
0.321
1
-3.014
0
-0.376
0
1.086
0
-0.787
1
-0.935
0
0.362
0
1.148
1
-2.579
0
1.692
0
1.18
1
1.627
0
-0.102
0
-2.972
-2.278
0
-0.506
0
1.113
0
-0.926
0
0.557
1
-0.297
1
0.402
0
-0.239
0
0.419
1
-1.088
0
0.962
0
-2.312
0
0.266
1
0.102
1
-0.642
1
-0.436
1
-1.125
1
0.767
1
-0.529
1
0.076
0
-0.044
1
-2.429
0
1.083
1
-0.241
0
0.828
1
-0.466
1
1.338
1
0.572
1
-0.778
1
1.808
0
1.829
0
-0.93
0
-1.75
0
-2.07
1
0.919
0
1.968
0
-2.278
-19.338
0
-3.821
1
2.981
1
0.804
0
0.509
1
-0.0999999
0
-0.935
0
1.164
0
-1.576
1
-1.328
0
-3.863
0
-0.187
0
-0.45
0
-0.98
1
1.378
1
-0.564
0
0.216
1
-0.913
1
-4.968
1
1.605
1
-1.342
0
-0.937
1
0.732
1
0.795
1
-4.685
1
2.447
1
1.789
0
-0.357
0
-0.804
1
-0.201
1
-0.359
0
-0.629
1
0.361
1
-2.086
0
1.47
1
-0.235
1
-19.338
-0.693
0
-0.438
0
-0.653
0
-0.963
1
1.144
0
0.313
1
0.859
1
-0.553
0
2.573
0
2.01
0
0.836
0
0.369
1
-0.775
0
-2.293
0
0.144
1
-0.236
1
0.244
0
0.484
1
0.0470001
0
0.878
0
3.89
0
-0.795
1
2.493
1
-3.042
1
-0.915
1
1.752
0
1.477
1
0.113
0
-0.39
1
0.299
0
0.302
0
2.246
1
-1.082
1
-0.482
0
-1.719
1
1.315
1
-0.693
-14.923
0
-0.82
0
1.892
1
-0.708
0
-0.441
0
-0.538
0
0.45
0
-1.989
0
-0.463
0
-1.147
0
-0.185
1
4.342
1
-0.78
0
-2.886
1
0.706
1
0.59
0
0.518
0
2.288
1
0.229
1
-0.958
0
-1.066
0
-0.079
0
-1.635
0
1.529
0
-2.246
0
-4.915
1
-2.303
0
1.967
0
3.052
1
1.044
0
-2.018
1
-1.471
0
-0.232
1
0.936
0
-3.192
1
0.979
0
-14.923
-15.012
1
-0.83
1
3.227
0
-0.684
1
1.487
0
4.516
1
0.717
0
-0.735
0
-0.888
0
5.168
0
1.047
1
-0.719
1
2.637
1
-0.025
0
-4.303
1
-3.203
0
0.687
0
-6.004
1
0.505
1
-1.806
1
-0.204
0
1.466
1
-0.602
0
-2.494
1
-1.369
1
1.108
0
-1.91
0
0.198
1
-1.919
1
-1.011
1
-0.302
0
4.734
1
0.877
0
2.427
1
1.049
1
0.392
1
-15.012


-7.851
0
-0.727
1
0.765
1
-3.02
1
0.698
0
0.622
0
-1.784
0
2.1
0
2.361
0
-1.886
1
-3.777
1
-2.633
0
0.368
1
-0.537
1
0.695
0
-0.975
0
1.533
1
-4.635
1
-1.668
0
1.908
0
0.624
1
-1.68
0
0.876
1
-3.159
0
0.313
0
-0.026
0
0.39
0
-0.659
1
2.995
0
-0.157
1
-0.089
0
-1.492
0
-0.159
1
-3.255
0
-1.316
0
0.594
0
-7.851
-22.382
1
0.355
1
0.333
1
-2.284
0
0.945
0
2.04
1
-2.723
1
-2.155
0
-0.029
0
-0.86
1
0.647
0
-0.262
1
-1.328
1
-1.48
1
0.804
0
-0.359
1
1.218
0
1.735
1
0.189
1
2.683
1
-1.383
0
-0.728
1
-0.427
1
-0.832
0
-0.295
0
-1.211
0
-1.969
0
2.978
1
-0.71
1
1.676
0
6.505
0
3.316
1
0.286
1
0.965
1
0.716
1
-2.351
0
-22.382
0.998
0
0.787
0
-0.91
0
0.188
1
1.908
1
-1.757
0
1.065
1
-0.332
1
-0.647
0
-0.157
0
1.847
0
2.567
1
4.399
1
0.526
0
-0.547
0
0.968
1
0.717
0
0.49
1
0.394
0
-0.725
1
-0.994
0
1.495
0
2.261
0
-0.689
1
-0.021
0
-0.108
0
-2.21
0
2.04
1
-0.72
0
0.853
0
0.097
1
0.262
1
-1.77
1
-1.475
0
-1.788
0
0.343
1
0.998
7.664
1
0.444
0
1.321
1
2.828
1
-1.172
0
0.26
0
2.403
1
-0.33
0
0.163
1
2.105
0
-0.44
1
0.39
1
-0.851
1
-2.651
1
-0.65
0
-1.223
1
0.082
1
-0.0810001
0
-2.111
0
-1.761
1
-2.096
0
-2.082
1
-0.216
1
0.642
0
0.95
0
-3.146
1
0.438
0
1.443
0
-2.414
0
-0.669
1
-0.906
0
-0.532
0
1.791
0
3.186
0
-2.773
0
0.294
1
7.664
4.904
1
1.301
1
-4.108
1
-2.154
1
0.933
1
-0.613
0
0.124
1
-0.075
0
0.866
0
2.829
0
1.138
0
-0.528
1
0.913
1
0.958
1
-1.808
1
0.076
0
0.259
0
-1.514
0
0.143
0
0.552
1
-0.974
1
-0.282
0
-1.72
1
1.614
0
-0.487
0
-0.537
1
2.632
1
0.698
1
-0.665
0
-0.394
0
-1.446
1
-1.71
1
-3.673
0
2.106
0
-3.616
1
-0.064
0
4.904
0.879
1
-3.133
0
-0.178
1
-5.014
1
0.958
0
-1.696
0
-1.993
1
-0.167
0
1.92
0
0.66
1
0.723
0
0.791
1
-2.684
0
0.108
0
-2.946
0
-0.741
0
-3.599
0
-0.454
0
-0.905
0
0.256
0
1.438
0
1.995
0
0.313
1
-0.00399995
1
1.175
0
1.774
1
-0.804
0
-1.72
1
-2.103
1
-0.414
1
-1.015
0
-2.83
0
0.122
0
-0.13
0
-1.158
1
-0.733
1
0.879
-26.823
1
-1.384
0
0.488
1
-0.812
1
-1.386
0
-0.00400001
1
-0.82
0
0.849
0
-0.0830001
1
0.762
0
1.085
1
0.588
1
-2.742
1
-2.904
0
1.338
1
0.031
0
1.093
0
-1.655
0
1.145
0
-0.179
1
-0.37
1
1.881
0
-1.303
0
-3.516
0
-0.905
1
-1.213
1
0.975
0
0.408
0
-0.54
1
-0.666
1
-0.374
0
-0.507
0
-1.177
1
6.969
1
-2.623
0
-0.243
1
-26.823
-16.979
0
-0.389
0
-1.589
1
1.353
1
-0.302
0
-0.367
1
-0.345
1
-0.047
1
-0.796
0
-2.72
0
-5.276
1
-0.405
1
0.243
0
-0.166
0
-1.165
0
1.031
1
-1.387
0
1.697
0
-0.385
0
0.358
0
-0.765
1
0.106
0
-0.227
0
0.863
1
1.642
0
0.449
0
-0.667
0
-1.635
0
0.519
0
1.565
1
2.736
0
0.015
0
-1.888
0
1.406
0
1.436
0
-2.477
0
-16.979


1.41
0
0.504
0
-1.939
0
1.879
0
-2.382
0
0.969
0
-0.019
1
0.241
0
1.711
0
-0.438
0
7.338
0
-0.933
0
5.043
0
0.807
1
-0.105
0
-1.542
0
-2.829
1
0.287
0
0.752
1
-1.615
0
0.734
1
-0.176
1
-0.206
1
1.786
1
0.049
1
-4.88
0
-0.299
0
-1.992
0
0.691
0
-3.55
1
-2.225
0
-0.021
1
2.153
0
4.183
0
1.231
1
-0.838
1
1.41


0
0
-0.614
0
0.069
0
-0.396
0
-0.376
0
0.232
0
-0.098
0
-0.328
0
0.474
0
0.931
0
-0.852
0
0.82
0
-0.664
0
0.549
0
-0.163
0
-0.056
0
0.3
0
-0.363
0
-0.354
0
0.871
0
0.978
0
-0.437
0
-0.683
0
-0.316
0
-0.095
0
-0.35
0
-0.91
0
-0.266
0
-0.451
0
-0.065
0
-0.312
0
0.579
0
0.124
0
-0.943
0
0.358
0
-0.02
0
0
0
0
-0.469
0
0.469
0
-0.716
0
0.716
0
0.265
0
-0.247
0
0.595
0
-0.154
0
0.505
0
0.763
0
-0.123
0
0.562
0
0.031
0
-0.752
0
-0.829
0
-0.729
0
-0.193
0
-0.357
0
0.621
0
-0.603
0
0.832
0
0.184
0
-0.366
0
0.017
0
0.209
0
0.141
0
0.4
0
0.62
0
-0.775
0
0.0140001
0
0.125
0
0.043
0
-0.061
0
0.00100005
0
0.069
0
0
0
0
-0.559
0
0.5
0
-0.141
0
0.913
0
-0.218
0
-0.042
0
-0.729
0
-0.665
0
0.661
0
0.0930001
0
0.953
0
0.04
0
0.308
0
-0.588
0
-0.278
0
0.119
0
-0.927
0
-0.67
0
0.482
0
0.715
0
0.964
0
0.336
0
-0.171
0
-0.857
0
-0.751
0
-0.482
0
0.199
0
-0.289
0
-0.062
0
0.771
0
-0.224
0
0.312
0
-0.075
0
-0.876
0
-0.669
0
0
0
0
-0.137
0
-0.164
0
0.765
0
0.304
0
-0.248
0
0.168
0
-0.167
0
-0.808
0
0.86
0
-0.00599998
0
0.734
0
0.473
0
0.612
0
-0.565
0
0.158
0
-0.546
0
-0.956
0
-0.927
0
-0.873
0
0.525
0
-0.075
0
0.996
0
-0.106
0
-0.83
0
0.151
0
0.557
0
0.0420001
0
0.843
0
0.811
0
0.191
0
0.762
0
0.085
0
0.96
0
0.97
0
-0.855
0
0
0
0
-0.035
0
-0.84
0
0.557
0
-0.562
0
0.989
0
-0.995
0
-0.712
0
-0.574
0
0.468
0
-0.349
0
-0.604
0
-0.476
0
-0.613
0
-0.494
0
-0.646
0
-0.392
0
-0.47
0
0.928
0
-0.201
0
0.393
0
0.031
0
-0.168
0
-0.867
0
-0.127
0
0.926
0
-0.038
0
0.776
0
-0.423
0
0.025
0
0.308
0
0.116
0
0.513
0
-0.048
0
0.927
0
0.349
0
0
0
0
-0.66
0
-0.746
0
0.45
0
0.964
0
-0.767
0
0.094
0
0.056
0
0.441
0
0.383
0
-0.224
0
0.336
0
0.387
0
-0.586
0
-0.389
0
-0.735
0
-0.447
0
-0.789
0
-0.67
0
-0.643
0
-0.647
0
0.888
0
0.948
0
0.553
0
-0.24
0
0.164
0
-0.867
0
-0.082
0
-0.00800002
0
-0.266
0
0.958
0
0.704
0
0.825
0
-0.076
0
-0.756
0
-0.899
0
0
0
0
-0.699
0
-0.121
0
0.851
0
-0.522
0
-0.568
0
0.917
0
0.709
0
-0.817
0
-0.86
0
0.119
0
0.184
0
-0.982
0
-0.895
0
-0.951
0
-0.296
0
-0.645
0
-0.193
0
0.922
0
0.344
0
-0.828
0
-0.388
0
0.669
0
0.974
0
-0.893
0
-0.47
0
-0.833
0
-0.045
0
-0.98
0
-0.576
0
-0.934
0
0.699
0
-0.695
0
-0.785
0
0.282
0
0.338
0
0
0
0
-0.177
0
-0.104
0
-0.541
0
0.604
0
-0.27
0
0.559
0
0.941
0
-0.876
0
-0.229
0
-0.926
0
0.875
0
-0.686
0
0.066
0
0.584
0
-0.135
0
-0.328
0
-0.94
0
0.041
0
-0.032
0
0.888
0
-0.456
0
0.688
0
-0.563
0
0.027
0
0.00300002
0
0.594
0
0.051
0
0.486
0
-0.023
0
0.03
0
-0.989
0
0.393
0
-0.667
0
-0.395
0
-0.837
0
0
0
0
-0.212
0
0.908
0
0.722
0
-0.452
0
-0.721
0
0.353
0
-0.89
0
-0.279
0
-0.071
0
-0.211
0
0.569
0
0.588
0
0.898
0
-0.764
0
-0.928
0
-0.093
0
0.535
0
-0.707
0
-0.346
0
-0.93
0
-0.576
0
-0.602
0
-0.72
0
-0.74
0
-0.306
0
0.841
0
0.676
0
0.929
0
0.052
0
0.91
0
-0.954
0
0.09
0
-0.681
0
0.464
0
-0.237
0
0
0
0
0.692
0
0.05
0
0.745
0
0.00199997
0
-0.665
0
-0.377
0
0.716
0
-0.496
0
-0.776
0
0.105
0
0.68
0
-0.815
0
-0.746
0
0.503
0
-0.604
0
-0.77
0
0.795
0
-0.857
0
0.778
0
0.043
0
0.137
0
-0.161
0
0.361
0
0.94
0
-0.06
0
-0.696
0
0.919
0
-0.454
0
0.16
0
-0.753
0
-0.422
0
-0.043
0
-0.116
0
-0.563
0
-0.887
0
0


-26.744
0
0.447
1
-0.692
1
2.957
1
-2.415
0
-0.303
0
0.297
0
2.028
1
0.312
0
-1.427
0
0.931
0
-1.672
0
0.985
0
0.742
0
-0.073
0
0.647
1
1.739
1
-1.221
1
0.545
0
-1.507
0
0.392
0
-1.469
1
0.522
1
0.72
1
0.54
1
2.248
1
0.754
1
-0.759
1
3.96
0
-0.0480001
0
0.669
0
0.398
1
-1.45
0
-3.435
1
0.593
1
-2.695
1
-26.744
4.189
1
0.248
0
1.894
0
2.389
0
-0.147
0
-0.0819999
0
-0.232
0
1.132
1
1.314
1
0.0149999
0
-0.343
0
-0.078
1
-1.819
0
3.304
1
-0.565
1
-0.987
1
-0.969
0
0.945
1
-0.699
0
-3.103
1
1.714
0
-1.267
1
-0.468
0
-1.331
0
0.056
1
-0.143
1
-1.788
0
-0.938
0
-0.434
0
0.13
0
2.598
0
3.102
0
1.073
0
0.465
0
-3.269
0
-0.453
1
4.189
-8.233
1
-2.77
0
2.269
0
-2.259
1
0.028
1
3.133
1
0.812
1
1.694
1
0.775
0
-0.708
1
-0.381
1
-2.297
0
0.844
0
-2.367
0
0.389
1
-3.289
1
0.714
0
-0.201
0
1.095
0
-2.342
1
2.209
1
2.208
0
2.861
1
-0.273
0
-0.719
1
-1.215
0
0.224
0
0.701
0
-2.202
1
-2.779
0
-2.143
0
-1.005
0
-0.893
0
0.0189999
0
1.184
1
2.746
1
-8.233
-9.775
1
-0.7
0
-0.0879999
1
0.398
0
-0.27
0
2.157
0
-2.597
1
-4.846
0
0.235
0
1.567
0
-2.128
1
-0.541
1
-1.06
1
0.781
1
0.938
0
-2.353
1
0.427
1
-0.528
0
1.148
1
0.642
1
-2.502
0
-3.273
0
-0.144
1
0.477
0
-3.247
1
-0.0140002
1
-0.306
0
0.031
0
5.162
0
-0.214
0
-2.739
0
0.105
0
-0.934
0
0.144
1
0.146
0
-1.372
0
-9.775
13.302
0
0.985
1
-1.724
0
1.844
1
-1.732
0
-1.106
0
1.949
0
2.053
1
1.329
1
-0.75
1
-0.243
1
-0.227
0
-1.254
1
-1.699
1
-3.245
1
-0.511
0
0.823
0
-1.244
0
0.769
0
1.211
1
1.552
1
-0.051
1
-1.52
1
-0.131
0
1.106
0
0.152
0
2.401
1
-0.292
0
-1.804
1
-0.229
0
0.23
1
-0.022
1
-1.99
0
-2.202
1
-1.628
1
1.718
0
13.302
-8.202
0
0.768
1
-3.634
0
-3.194
1
2.538
1
-1.514
0
0.237
1
-3.661
0
2.643
0
-4.379
1
-0.531
1
2.307
0
0.0209999
1
-0.281
0
0.076
0
-0.308
0
0.347
0
-1.531
1
-4.1
0
1.757
1
0.293
0
0.061
0
0.772
0
-2.573
0
-0.701
0
0.188
1
0.79
1
-2.527
0
0.933
0
0.871
0
-0.0879999
0
-3.733
1
-0.237
0
-1.959
0
-0.358
1
0.896
0
-8.202
10.797
0
-2.403
0
0.556
0
-0.429
1
-0.395
0
-0.311
1
-0.971
0
1.489
1
-0.864
1
-0.824
1
1.201
1
-0.295
1
1.981
1
0.213
1
2.406
1
-0.146
0
0.794
1
-2.086
1
3.08
1
0.88
0
-0.373
1
1.157
0
-4.257
1
2.944
1
-4.225
0
0.398
0
-3.615
0
-3.307
1
2.703
1
-1.157
0
-2.811
0
-3.806
0
-2.423
1
0.873
1
-1.501
1
0.8
1
10.797
2.219
1
-3.517
0
1.644
1
0.674
1
0.581
0
-0.91
1
4.1
0
-1.407
0
-0.828
0
0.822
0
2.057
0
2.178
1
-0.616
1
0.359
0
-0.427
0
-0.696
0
-2.17
0
-2.255
1
-1.313
1
-0.688
0
0.528
0
1.521
0
0.905
1
-3.258
0
0.504
0
0.985
0
-5.32
0
-0.531
1
-0.511
1
0.65
0
1.819
1
0.222
0
-0.97
1
0.313
1
-0.846
1
0.939
0
2.219


-9.232
0
-0.35
1
1.78
1
-0.598
0
-3.451
1
-0.729
1
0.024
0
-1.477
1
-1.69
1
0.777
1
2.591
0
1.514
0
-1.04
1
1.275
0
-0.825
1
1.656
1
-0.645
0
0.721
1
5.591
1
1.52
1
-0.134
1
-1.241
1
0.61
1
-0.13
1
0.795
1
-2.101
0
-2.167
1
1.354
1
-2.019
0
4.052
0
-0.641
1
-1.502
0
0.646
1
3.49
0
-2.101
1
0.186
1
-9.232
-2.988
0
-2.466
0
0.755
1
-3.314
1
0.414
0
-0.359
1
0.309
0
0.258
0
-0.37
1
1.891
1
2.308
0
-0.883
0
-3.245
1
-2.165
0
0.231
1
-1.676
1
2.034
1
2.689
1
-1.575
1
-4.622
1
0.542
1
0.064
1
0.393
1
2.884
0
-0.018
1
-1.541
1
-0.601
1
-1.836
1
-2.423
0
2.91
0
0.17
1
0.335
1
3.789
0
-1.31
0
-1.229
0
-1.606
0
-2.988
-8.64
1
0.379
0
-10.192
1
0.94
1
-0.105
1
1.08
1
-4.156
1
-0.727
1
-3.111
0
-1.372
0
0.873
0
-0.397
1
-3.702
0
1.203
1
-2.442
1
3.433
0
-0.56
1
-0.373
0
1.234
0
3.562
1
-1.985
1
-0.362
1
0.39
0
-0.702
1
-2.886
0
0.187
1
2.621
0
2.935
0
-0.295
1
-0.842
1
0.447
1
0.494
0
-1.721
0
0.544
1
0.752
0
-4.926
0
-8.64
-20.37
0
2.728
1
-0.106
1
-2.537
0
-2.274
1
-2.372
1
-0.139
1
0.386
1
-2.678
0
-1.429
0
2.37
1
0.198
0
1.491
0
-0.484
0
0.906
0
2.188
1
-0.594
0
-0.464
0
0.316
0
-0.803
1
3.003
0
0.618
0
-0.876
1
0.049
1
-1.23
1
-0.752
1
-0.315
0
-1.996
1
2.59
1
1.326
1
1.12
1
-1.809
0
1.023
0
-0.578
0
0.695
1
-0.661
0
-20.37
-0.076
0
-2.271
0
-0.474
0
0.909
0
-0.24
0
0.938
1
-0.069
0
2.056
0
-0.679
0
2.058
0
-1.699
1
-1.349
0
-3.032
0
2.788
0
-3.909
0
-1.617
1
-0.101
0
-3.115
0
1.105
0
-2.456
0
-2.521
1
-0.102
0
0.936
1
0.362
0
-1.38
1
0.811
0
-0.171
1
-0.637
1
-2.647
1
0.138
0
2.38
1
2.372
0
-1.944
1
-1.262
0
-5.159
1
-4.186
0
-0.076
-3.909
0
-0.657
0
-0.976
0
-1.412
1
3.727
0
-1.857
1
1.717
1
-2.498
0
1.025
0
-1.55
0
0.796
0
0.079
1
0.755
0
-2.466
0
-0.775
1
-0.945
0
-0.815
1
-0.591
1
-1.302
1
-0.066
1
0.845
0
-1.019
1
0.854
1
-3.078
0
-1.162
1
-1.199
0
-0.086
0
-0.587
1
2.107
1
0.478
1
-0.501
0
-0.952
1
0.0360004
1
-0.0140001
1
0.132
1
0.781
1
-3.909
-6.003
0
1.411
0
0.573
0
-2.076
0
-2.006
0
-0.845
0
-1.267
0
-3.364
1
-4.163
1
0.714
1
0.505
1
1.704
1
-0.75
1
-2.492
0
4.107
1
0.126
0
4.444
1
1.544
1
0.134
0
1.104
1
-0.282
0
2.777
0
-1.733
0
-1.898
1
-0.591
0
-3.14
0
-0.451
1
-1.575
1
-3.062
0
-3.598
0
3.699
1
0.091
1
3.554
1
-2.819
1
-0.187
1
0.376
0
-6.003
-14.417
0
-2.66
1
0.442
0
-2.394
1
-3.588
1
-0.26
0
-0.918
0
0.624
0
0.666
0
-1.548
0
0.368
0
-0.169
0
4.925
1
-4.066
0
-1.204
1
2.402
1
0.28
1
0.068
0
-2.937
1
-2.307
0
-3.854
0
0.477
0
-0.977
1
-0.644
1
-1.657
0
0.191
0
0.991
0
-1.791
0
-0.598
0
0.768
1
-0.497
0
0.679
1
-0.282
0
-0.443
1
0.933
1
0.104
0
-14.417


-3.26
1
1.072
1
0.127
0
-4.259
1
0.321
1
-2.361
0
0.714
0
-0.866
1
-0.883
0
-0.615
0
-1.1
0
1.392
1
-0.569
1
0.49
1
0.166
1
0.283
1
-0.93
0
0.696
0
-1.941
1
1.756
0
-0.979
0
1.01
0
0.389
0
-2.021
0
-0.323
1
-1.304
1
0.388
1
-2.193
1
0.221
0
1.958
1
-2.415
0
-2.616
0
-0.225
1
-0.522
1
-1.246
1
0.984
0
-3.26
-25.346
1
-0.907
1
-4.765
1
2.791
1
2.638
0
-1.612
0
0.917
1
0.307
0
-1.175
0
-1.137
0
1.19
0
-1.453
1
0.159
0
1.006
0
0.515
0
-0.223
1
0.252
0
2.632
0
-0.427
1
-1.337
1
0.49
1
0.716
0
-0.37
0
-2.156
0
3.361
0
2.161
1
0.946
0
-0.458
0
-0.996
0
3.093
0
-0.83
0
-1.596
1
0.927
1
-0.637
0
-2.607
0
1.85
1
-25.346
5.902
0
-2.648
0
0.22
1
-0.673
1
2.147
0
-2.857
0
0.488
0
-0.611
1
-3.351
1
-0.324
1
0.101
0
0.451
1
1.397
1
-0.816
1
-1.875
1
-1.527
0
0.788
1
-0.848
1
0.86
0
-0.828
1
1.255
1
-0.752
0
2.3
0
2.986
0
-1.719
0
-1.5
0
-0.961
1
0.842
0
-0.798
1
-1.233
0
0.948
1
-0.359
0
-0.211
1
-2.744
1
-1.699
1
-0.677
0
5.902
-17.601
1
1.518
0
1.563
1
-4.27
0
-0.626
0
0.119
0
-1.414
1
0.428
0
-0.278
1
2.484
0
-0.848
0
0.725
0
-0.425
0
0.049
0
-0.136
0
2.801
1
-0.249
0
-1.351
0
0.922
0
-0.019
1
-1.208
0
0.389
0
-2.424
0
-1.523
0
2.092
0
-0.104
0
1.887
1
-0.427
1
-0.326
0
0.541
0
-1.507
0
-1.601
0
-0.535
1
-3.402
1
-0.64
0
0.464
0
-17.601
-10.028
0
-1.058
1
-1.844
1
-2.812
1
1.496
0
-0.662
1
0.268
1
-0.149
0
-0.246
0
-1.209
0
0.5
0
0.799
0
0.062
0
-1.775
1
0.785
0
-0.534
1
1.186
1
-0.67
0
-0.385
1
1.543
1
-0.248
1
1.917
1
-1.99
1
0.494
0
-0.197
0
0.111
0
-1.789
0
-2.46
0
0.5
0
-0.962
1
-0.458
1
1.934
1
-1.214
1
0.258
0
-5.634
1
-1.562
1
-10.028
10.542
0
0.319
0
2.286
0
-0.258
0
-1.986
1
0.896
0
-0.016
0
-2.987
0
-3.462
1
-3.453
0
0.632
0
2.954
0
-0.971
0
0.422
1
0.685
1
4.988
1
0.121
1
-0.922
0
0.13
0
-1.743
0
-0.797
1
-2.498
0
1.127
1
3.289
0
-1.029
1
-0.237
1
2.814
0
3.15
1
-2.817
1
2.288
0
-3.684
1
-0.15
1
1.583
1
-0.448
1
-0.323
1
1.051
0
10.542
-5.442
0
-0.386
1
0.504
1
0.279
1
-1.903
0
2.488
1
0.44
0
1.439
1
2.594
1
0.611
1
1.312
0
-3.403
1
-0.767
1
-0.477
0
-0.827
0
3.075
0
-1.838
1
0.653
0
-0.82
0
-0.242
0
-0.605
0
-2.028
0
-0.114
1
-0.412
1
2.092
0
0.722
0
-0.992
1
-0.335
1
3.159
1
-1.343
0
-4.782
0
-0.12
1
2.58
0
0.808
1
-0.4
0
0.11
0
-5.442
9.642
1
-0.375
0
-5.036
1
-2.355
1
-0.415
0
-1.868
0
-0.881
0
-0.631
1
-0.991
1
-1.801
0
-0.339
0
-0.397
1
-0.528
1
1.772
0
-1.709
1
-1.705
0
-0.626
1
0.476
0
-1.643
1
2.35
1
-3.095
1
-0.753
0
-0.3
0
4.219
0
-1.32
1
1.542
1
-0.99
1
-0.434
0
-1.115
0
0.717
0
1.735
0
0.469
0
-0.358
0
-3.663
0
0.411
0
0.937
0
9.642


-2.351
0
1.44
0
-1.156
1
0.076
0
-0.365
1
1.834
0
5.013
0
0.198
1
0.0630001
0
-4.237
0
-2.94
1
1.903
0
-0.51
0
-0.094
0
-0.773
1
0.124
0
3.448
0
-2.897
0
0.963
1
0.171
0
0.145
0
0.52
0
-0.518
0
5.176
1
-8.615
0
-0.539
0
-4.438
0
-3.601
0
0.845
0
2.642
0
2.41
0
-4.441
0
-1.177
0
0.57
0
-2.156
0
-3.185
1
-2.351


0
0
0.62
0
0.71
0
-0.681
0
-0.858
0
0.868
0
-0.884
0
0.666
0
0.107
0
0.681
0
-0.081
0
-0.326
0
0.872
0
0.751
0
0.197
0
0.941
0
-0.714
0
-0.101
0
0.303
0
0.746
0
-0.17
0
-0.71
0
-0.236
0
0.118
0
0.789
0
0.165
0
-0.886
0
-0.468
0
0.129
0
-0.701
0
0.844
0
-0.542
0
0.091
0
-0.593
0
-0.951
0
-0.886
0
0
0
0
-0.087
0
-0.793
0
-0.098
0
-0.058
0
-0.795
0
0.993
0
0.099
0
-0.165
0
-0.009
0
-0.23
0
-0.615
0
-0.71
0
0
0
-0.111
0
-0.128
0
-0.854
0
-0.791
0
-0.921
0
-0.39
0
-0.05
0
-0.292
0
0.737
0
-0.812
0
0.263
0
0.1
0
0.733
0
0.66
0
-0.661
0
0.338
0
0.76
0
0.964
0
-0.699
0
-0.414
0
-0.753
0
0.51
0
0
0
0
-0.123
0
0.201
0
0.522
0
-0.305
0
-0.38
0
-0.606
0
-0.444
0
-0.916
0
0.359
0
0.702
0
-0.129
0
-0.257
0
-0.616
0
-0.193
0
-0.619
0
-0.413
0
-0.874
0
0.821
0
-0.253
0
0.774
0
0.985
0
-0.169
0
0.247
0
0.043
0
-0.567
0
0.835
0
-0.504
0
0.863
0
0.795
0
0.562
0
0.55
0
-0.387
0
0.285
0
0.255
0
0.836
0
0
0
0
-0.374
0
0.42
0
-0.949
0
-0.603
0
0.792
0
0.545
0
0.317
0
-0.399
0
-0.899
0
-0.67
0
-0.296
0
0.18
0
0.316
0
0.542
0
-0.55
0
-0.881
0
0.622
0
0.043
0
0.922
0
-0.796
0
-0.607
0
0.604
0
-0.313
0
-0.253
0
0.563
0
-0.662
0
0.799
0
-0.317
0
0.064
0
0.801
0
-0.974
0
-0.653
0
-0.2
0
-0.321
0
-0.539
0
0
0
0
-0.824
0
-0.133
0
0.186
0
0.315
0
-0.322
0
0.769
0
-0.653
0
0.288
0
0.368
0
-0.535
0
0.391
0
-0.546
0
0.88
0
0.105
0
0.722
0
0.727
0
0.713
0
-0.316
0
-0.881
0
0.425
0
-0.352
0
-0.342
0
-0.499
0
-0.782
0
-0.166
0
-0.98
0
-0.265
0
-0.491
0
-0.321
0
0.707
0
0.579
0
-0.851
0
0.701
0
0.241
0
0.714
0
0
0
0
0.631
0
-0.422
0
0.538
0
0.337
0
-0.935
0
-0.823
0
-0.607
0
0.525
0
-0.753
0
0.299
0
0.252
0
0.839
0
-0.771
0
0.278
0
-0.997
0
-0.288
0
-0.314
0
-0.556
0
-0.435
0
-0.954
0
0.428
0
0.168
0
-0.712
0
-0.693
0
-0.453
0
0.42
0
-0.823
0
-0.249
0
0.039
0
-0.421
0
-0.855
0
0.721
0
0.435
0
0.563
0
0.961
0
0
0
0
0.205
0
0.143
0
0.522
0
0.676
0
0.0549999
0
-0.663
0
-0.305
0
0.378
0
0.945
0
-0.511
0
-0.925
0
-0.021
0
-0.048
0
0.746
0
0.941
0
-0.677
0
-0.912
0
0.314
0
0.299
0
0.038
0
0.989
0
-0.479
0
0.351
0
0.309
0
-0.637
0
0.217
0
0.967
0
-0.309
0
-0.044
0
-0.29
0
-0.526
0
-0.065
0
0.09
0
0.815
0
0.495
0
0
0
0
-0.554
0
0.92
0
0.404
0
0.264
0
-0.747
0
-0.944
0
-0.303
0
0.2
0
0.193
0
0.024
0
0.991
0
0.517
0
0.099
0
0.632
0
0.605
0
-0.028
0
-0.532
0
0.988
0
0.547
0
0.699
0
0.585
0
0.252
0
-0.488
0
-0.778
0
-0.04
0
-0.191
0
0.55
0
0.569
0
-0.07
0
-0.155
0
-0.117
0
-0.345
0
-0.47
0
-0.917
0
-0.207
0
0
0
0
0.591
0
-0.4
0
-0.666
0
-0.711
0
0.654
0
-0.527
0
-0.864
0
0.634
0
-0.871
0
-0.266
0
-0.67
0
-0.365
0
-0.922
0
0.233
0
0.411
0
0.579
0
-0.984
0
-0.461
0
-0.511
0
0.376
0
-0.608
0
0.206
0
0.962
0
-0.12
0
-0.717
0
-0.595
0
-0.116
0
-0.435
0
0.446
0
0.25
0
0.282
0
0.353
0
-0.68
0
0.512
0
-0.464
0
0
0
0
0.954
0
-0.791
0
-0.216
0
-0.842
0
-0.485
0
0.222
0
0.125
0
-0.571
0
0.528
0
-0.63
0
-0.532
0
0.705
0
0.547
0
0.924
0
0.95
0
-0.954
0
0.465
0
0.013
0
-0.768
0
-0.398
0
-0.066
0
-0.173
0
-0.68
0
-0.101
0
0.695
0
-0.203
0
-0.374
0
0.804
0
0.393
0
0.959
0
0.142
0
0.316
0
-0.096
0
0.12
0
-0.716
0
0


1.415
0
0.784
0
-0.713
0
-0.441
1
0.532
1
-0.934
1
1.12
1
-0.969
0
0.927
1
1.636
0
-0.436
1
0.696
1
-0.522
0
-1.241
0
-1.62
1
1.197
0
0.387
1
0.369
1
-0.932
1
-2.613
0
-3.147
0
0.483
1
-0.723
1
1.872
1
-0.705
1
-1.495
1
-1.728
1
0.671
1
0.337
0
-2.011
0
-0.0700001
1
0.939
1
0.082
0
1.12
1
-0.559
1
-2.413
1
1.415
-11.327
0
0.324
1
-2.452
0
-0.313
1
2.121
0
-3.953
1
-2.639
0
-0.963
0
-0.809
1
0.0339999
0
-0.502
1
-2.272
0
-2.648
0
0.745
0
1.665
0
0.953
0
-1.338
1
-3.321
1
0.889
1
-0.847
1
1.643
1
1.396
1
0.697
0
0.706
0
-0.618
1
3.401
1
-3.853
1
0.02
0
-0.229
0
0.039
1
-1.479
1
0.547
0
-0.845
0
1.477
1
-1.6
0
0.635
0
-11.327
-14.149
0
4.22
1
-4.724
0
4.096
0
-0.611
0
0.857
1
0.637
0
1.072
1
-2.465
0
-3.784
0
0.107
0
0.811
1
-0.144
0
1.112
1
-0.0259999
1
-3.402
0
0.555
0
-1.918
0
-5.714
0
-0.419
1
-0.214
0
1.062
1
1.241
1
0.627
1
3.337
0
-1.74
1
-0.821
0
-0.988
0
0.796
1
-1.296
1
-0.826
0
0.039
0
-0.393
0
-0.298
0
-1.159
0
2.887
0
-14.149
-6.062
1
2.072
0
1.479
0
0.794
1
-1.419
0
3.021
0
-2.969
0
0.501
0
0.188
0
0.513
0
0.096
0
-1.938
0
-1.736
1
3.528
1
0.966
0
-5.143
1
-0.505
0
-2.201
1
0.608
0
-0.163
1
-0.949
1
1.504
1
0.388
1
-1.639
1
0.74
0
-0.748
0
-0.306
1
1.01
0
1.7
0
-2.161
0
-2.42
0
1.253
1
5.359
0
-1.546
0
-4.315
1
-0.976
0
-6.062
-4.139
0
-1.166
0
-0.856
1
0.255
0
-0.854
0
-2.993
1
0.492
0
1.807
0
-3.332
1
0.572
0
1.43
0
-0.31
0
-2.796
1
0.015
1
-0.459
1
-0.53
0
-1.98
0
-3.17
1
-0.657
0
0.877
0
-1.346
0
-0.778
0
-0.332
0
-0.716
1
1.695
0
-2.752
0
0.684
1
-0.65
1
-0.267
0
0.792
1
-0.208
1
-2.996
0
2.921
1
0.229
0
-1.282
0
-0.714
0
-4.139
7.889
0
-1.62
1
-1.386
0
-1.953
1
-1.589
1
-0.626
0
1.323
1
0.15
0
-1.347
1
-3.201
1
-2.725
0
-1.875
1
-0.822
0
-1.001
0
0.336
1
-0.218
1
2.535
1
0.385
0
0.949
0
-2.33
1
0.00899994
1
-0.346
1
3.095
0
1.325
1
-1.456
0
-0.439
1
0.215
0
0.0700001
1
-1.582
1
-1.818
1
0.469
1
4.407
1
0.307
1
0.544
0
-2.799
1
-0.502
0
7.889
-15.338
0
-0.104
1
1.767
1
-3.693
0
-0.827
0
1.675
0
-0.855
0
-2.297
0
-0.198
1
-0.911
1
-0.816
1
-0.669
1
-1.437
1
-2.653
0
0.118
0
-0.821
0
0.256
1
2.239
1
-1.861
0
4.982
1
-1.783
1
-2.132
1
-2.284
0
3.508
0
0.244
0
-1.699
1
0.875
1
-0.857
0
1.651
1
-3.287
0
0.929
0
-0.511
0
-5.589
1
0.678
0
2.483
0
-6.966
0
-15.338
-12.328
1
0.261
1
0.772
0
-2.238
0
-0.205
0
-0.536
0
-0.617
0
-0.534
0
1.897
1
-4.499
0
-0.233
0
1.703
1
-0.458
1
-3.004
0
-2.028
1
-2.778
0
-2.203
1
-1.096
1
0.786
1
0.716
0
1.788
1
-9.242
1
0.398
0
-0.558
0
0.479
0
-1.2
1
1.318
1
0.711
0
-2.252
0
-4.34
1
0.117
1
-0.67
1
0.75
0
-1.463
1
-2.28
1
-0.333
1
-12.328


-10.851
1
0.28
1
1.451
0
-1.882
1
0.131
1
-1.926
1
-0.743
0
1.301
0
4.927
0
-3.973
0
-2.474
0
-0.46
1
-2.04
1
-0.09
0
0.424
1
3.003
1
-1.075
1
0.051
0
-0.738
0
-3.497
0
-0.624
0
1.481
1
0.304
0
-2.287
1
-0.00699991
0
-1.864
1
1.964
1
1.787
1
1.31
0
1.426
1
1.31
1
0.436
0
2.198
0
-0.248
1
-2.155
1
1.974
0
-10.851
-2.54
1
-0.927
0
0.234
0
1.229
1
0.321
0
4.799
0
1.562
0
-1.412
0
-0.045
1
-0.912
0
-0.0629998
0
-0.615
0
-0.887
0
-0.873
0
-3.015
1
-0.619
1
-0.948
1
-0.859
1
5.194
1
-0.396
1
0.898
1
-1.821
0
-1.829
1
1.061
0
-1.644
1
0.908
1
-4.421
1
0.824
1
-0.868
1
2.788
1
-0.435
0
0.046
0
-1.995
1
-0.161
0
0.63
1
-0.13
0
-2.54
3.164
1
0.896
0
0.0859999
0
-0.943
0
1.402
0
0.734
1
-0.208
0
-1.286
1
-2.965
1
-0.011
0
1.639
0
0.0369999
0
2.394
1
-0.513
0
-0.24
0
-0.306
0
-3.225
0
-0.655
0
-0.955
0
0.888
1
-2.995
1
-4.958
0
-0.487
1
1.827
1
-0.515
0
0.131
0
0.649
1
0.991
0
0.727
0
-0.0100002
0
1.901
1
-1.296
0
-2.817
0
-0.425
1
-0.671
1
1.152
1
3.164
-7.094
1
-0.104
1
1.568
0
-0.169
0
-1.595
0
0.824
1
0.74
1
-3.336
0
-2.925
1
2.089
0
0.864
1
1.604
1
-2.382
0
-1.774
0
-2.162
1
-0.339
0
3.329
0
-1.116
0
0.298
0
1.634
1
1.418
0
0.459
1
0.426
1
0.109
1
-4.474
0
0.332
0
2.787
1
-0.662
0
-0.527
1
4.473
0
0.795
0
-0.333
0
-0.931
1
-0.416
0
1.221
1
0.214
0
-7.094
-33.202
0
0.834
1
0.424
1
-0.473
1
1.468
1
-1.716
0
-0.427
0
0.0460002
1
-0.741
0
-0.968
0
0.996
0
0.623
0
0.894
0
-1.32
1
-1.212
1
-2.931
1
-0.56
0
1.002
1
-1.258
1
-1.132
0
-1.827
1
0.55
1
-1.219
0
-0.223
0
0.921
1
2.586
0
-2.126
1
-0.324
1
-1.162
1
-1.405
0
-1.115
1
-0.503
0
1.797
1
0.132
0
2.219
0
-0.699
1
-33.202
-15.957
1
-0.092
0
2.198
0
-0.451
1
2.007
1
-1.942
0
-0.879
0
-0.604
0
-0.216
0
-2.964
1
-1.558
0
-0.894
1
-1.37
1
-0.49
0
2.585
0
0.00699997
1
-1.875
1
0.342
0
-6.281
0
2.381
1
3.444
1
1.304
0
-1.523
1
1.952
0
0.561
1
1.464
1
-0.719
0
3.264
1
-0.386
1
-0.802
0
-2.109
1
-0.261
0
-0.0410001
1
1.156
1
-2.089
0
0.313
0
-15.957
-14.197
0
0.684
0
-0.663
0
-0.324
0
-1.001
0
0.616
1
-2.234
0
-0.741
1
-1.52
0
2.04
0
-0.404
0
-1.405
1
-1.277
0
-2.762
0
0.052
0
0.261
1
1.552
0
-5.081
1
-2.238
0
1.332
1
-0.995
1
1.98
1
-0.701
0
-4.349
1
1.744
0
-0.73
0
-0.264
0
-0.161
1
0.48
0
-0.072
1
-4.169
1
-3.16
0
-2.328
1
0.565
0
-2.829
0
-1.293
1
-14.197
2.952
1
-4.001
0
-0.263
0
-0.723
1
-1
1
1.35
1
0.886
1
3.116
0
-0.932
0
0.048
0
-4.027
1
2.385
1
-0.701
0
-0.976
0
-5.19
0
0.842
0
-1.159
0
-0.449
0
-1.484
0
0.867
0
-0.2
1
-1.926
0
-2.334
0
0.943
1
2.534
1
-0.48
1
-2.636
1
1.806
0
-2.319
1
-1.866
1
-0.977
0
-1.818
0
0.761
0
-3.876
1
-0.213
0
0.596
0
2.952


-3.664
0
-0.95
1
-3.63
1
-0.769
0
-0.0159999
0
0.762
0
2.852
0
-1.289
1
-0.276
1
0.252
1
-0.986
1
-4.536
0
-0.657
0
0.205
0
2.243
0
-0.061
0
-3.905
0
-0.672
1
1.907
1
0.692
1
-0.897
0
1.262
0
-2.836
0
-2.305
1
-0.533
0
-1.159
0
-0.078
0
-1.75
1
0.619
1
0.797
0
-2.848
1
-2.041
0
-1.965
1
4.552
1
-1.845
1
0.51
0
-3.664
-2.395
1
-1.119
0
-2.736
1
0.148
0
-1.384
0
-0.33
1
1.709
0
-1.366
0
-0.841
1
1.458
1
-1.878
1
0.739
0
-3.482
1
-3.752
0
-0.313
0
-1.536
0
-1.596
0
-0.0659999
1
-2.598
1
0.391
1
-1.466
0
0.64
0
1.24
0
0.999
1
0.759
1
-0.451
0
-0.496
0
-0.479
1
-2.672
0
0.0290003
0
-0.105
0
-0.1
0
-0.709
1
5.029
0
1.316
1
1.605
1
-2.395
-4.178
0
0.169
0
-3.173
1
1.394
1
-1.236
1
-1.162
1
1.237
0
2.127
0
-2.159
0
-1.213
0
1.53
1
0.837
1
-2.478
1
2.349
0
-1.868
1
-1.852
0
-1.113
0
0.834
0
-0.437
0
-0.831
0
0.254
1
-0.788
1
-1.716
0
-0.485
0
1.655
1
-0.553
1
2.223
0
0.865
0
0.737
0
-3.933
1
2.2
0
0.42
1
0.475
0
2.38
1
-0.676
1
0.424
0
-4.178
-6.21
0
2.107
0
0.483
0
0.046
1
1.181
1
0.0649999
0
-3.187
1
-1.386
1
4.091
1
-5.28
1
-3.795
1
0.459
0
1.1
1
-0.934
1
-0.927
0
0.528
0
-0.464
1
1.115
0
-0.488
0
1.007
0
1.458
0
0.14
0
0.898
1
-0.149
0
-0.716
1
0.665
0
2.479
1
1.086
0
0.033
0
0.162
1
0.849
0
-0.771
1
0.578
0
-0.98
0
0.22
0
-3.063
0
-6.21
-11.633
1
-2.802
0
-0.1
0
3.35
0
-1.497
0
0.164
1
0.455
0
0.899
0
-2.283
1
1.319
0
-0.316
0
-0.852
1
0.472
1
-2.182
0
3.452
1
-0.156
0
1.325
1
-0.409
0
-0.502
0
1.201
0
-2.56
1
-2.397
0
-1.047
1
-1.865
1
1.461
0
-2.05
1
-0.737
1
-2.339
1
0.302
0
2.232
0
-0.0719998
0
-0.169
0
-0.109
1
0.552
1
-0.073
1
1.063
1
-11.633
0.833999
0
-1.121
0
-1.962
1
-0.216
1
-0.326
1
-2.735
1
-1.097
1
-0.206
0
0.385
0
-2.24
0
-0.074
0
0.435
1
-0.193
0
5.875
1
0.977
1
0.249
0
1.045
1
-0.664
0
-3.16
1
3.462
0
1.066
0
-0.771
1
-0.791
0
0.669
0
-0.847
0
-2.951
1
-0.129
0
-0.637
1
1.258
1
1.578
0
0.228
1
0.567
0
-0.197
0
0.538
0
-1.268
0
-0.541
0
0.833999
4.823
1
1.951
0
-0.963
1
-3.024
1
0.652
1
4.616
0
0.593
0
-0.875
0
-3.183
0
2.013
0
-0.607
0
2.788
1
-2.019
0
0.326
1
3.387
1
2.128
0
-0.767
1
-1.197
0
-0.62
0
0.686
1
-0.046
1
-0.984
1
-1.317
1
1.801
0
0.839
1
-1.577
0
-2.416
0
0.145
0
-0.0740001
0
-1.109
1
-1.319
0
1.643
0
-1.696
0
1.59
1
-0.517
0
-3.684
1
4.823
-2.921
0
-0.437
0
6.035
1
-0.166
1
-0.126
0
-2.334
1
2.444
0
1.75
0
0.748
0
0.344
1
-0.802
0
1.138
0
-0.326
1
2.852
0
-0.589
0
-1.133
1
-1.085
1
-0.054
1
-0.971
0
2
1
0.569
1
-0.902
1
-0.842
0
0.71
1
-0.615
0
-1.797
1
-0.173
1
-0.465
1
-0.808
1
0.389
1
-0.418
0
0.0880001
1
1.27
0
-3.314
1
-0.858
1
-0.544
1
-2.921


1.57
1
0.345
0
-0.822
0
0.765
0
-0.803
0
-2.605
0
-1.468
0
-1.291
0
-2.627
0
-3.758
0
-1.911
1
0.666
0
-0.378
0
-0.881
0
-2.441
0
-1.456
1
2.193
0
0.946
0
-2.943
0
0.567
1
-0.808
1
-0.217
1
-0.762
0
1.042
0
-0.108
0
0.173
0
-1.802
1
1.864
0
-2.904
0
0.604
0
2.928
0
-2.859
1
0.655
0
-0.681
0
-0.821
0
1.175
0
1.57
