

0
0
-0.189
0
0.269
0
0.35
0
0.281
0
0.112
0
-0.139
0
0.474
0
-0.405
0
-0.342
0
-0.177
0
-0.492
0
-0.413
0
-0.383
0
-0.429
0
0.136
0
-0.21
0
0.264
0
0.327
0
-0.379
0
-0.295
0
0.056
0
-0.389
0
0.186
0
0.164
0
-0.213
0
-0.276
0
0.202
0
0
0
0
-0.385
0
-0.077
0
-0.323
0
0.301
0
0.393
0
-0.436
0
-0.288
0
-0.079
0
0.125
0
0.405
0
0.194
0
-0.037
0
-0.443
0
-0.053
0
0.005
0
-0.074
0
0.092
0
-0.372
0
-0.149
0
-0.185
0
-0.116
0
0.223
0
-0.025
0
0.248
0
0.172
0
-0.496
0
0.455
0
0
0
0
0.291
0
0.351
0
-0.282
0
0.107
0
0.151
0
-0.113
0
-0.445
0
-0.455
0
-0.035
0
0.137
0
-0.093
0
0.449
0
-0.087
0
-0.453
0
-0.157
0
0.209
0
0.496
0
-0.412
0
0.111
0
0.437
0
0.378
0
0.02
0
-0.378
0
0.00800002
0
-0.045
0
-0.332
0
0.198
0
0
0
0
0.089
0
0.476
0
-0.298
0
-0.057
0
-0.229
0
0.103
0
-0.374
0
-0.413
0
0.075
0
0.326
0
-0.34
0
-0.364
0
-0.028
0
-0.058
0
0.106
0
0.375
0
-0.048
0
-0.4
0
-0.333
0
-0.316
0
0.478
0
0.307
0
-0.38
0
-0.075
0
0.419
0
-0.106
0
-0.035
0
0
0
0
-0.343
0
0.399
0
-0.346
0
0.29
0
0.396
0
0.105
0
-0.147
0
0.047
0
0.111
0
0.324
0
0.43
0
-0.329
0
-0.42
0
-0.437
0
0.295
0
-0.287
0
0.266
0
-0.129
0
0.422
0
0.169
0
-0.084
0
0.474
0
-0.321
0
-0.17
0
0.482
0
-0.302
0
0.363
0
0
0
0
0.369
0
0.275
0
-0.311
0
-0.184
0
0.314
0
-0.483
0
0.051
0
0.262
0
0.014
0
-0.338
0
-0.245
0
-0.489
0
-0.375
0
0.369
0
-0.499
0
-0.265
0
0.43
0
-0.393
0
0.169
0
-0.048
0
-0.278
0
0.479
0
-0.42
0
-0.474
0
0.455
0
-0.176
0
-0.431
0
0
0
0
-0.491
0
-0.263
0
0.045
0
0.493
0
-0.112
0
-0.135
0
-0.371
0
0.382
0
0.426
0
-0.244
0
0.346
0
-0.267
0
-0.351
0
0.248
0
-0.331
0
-0.08
0
-0.117
0
-0.147
0
-0.347
0
0.093
0
-0.429
0
-0.077
0
0.366
0
-0.327
0
-0.47
0
-0.429
0
0.31
0
0
0
0
0.241
0
0.264
0
-0.325
0
-0.03
0
0.464
0
0.189
0
0.424
0
0.141
0
-0.377
0
0.415
0
0.299
0
-0.196
0
0.179
0
-0.329
0
0.15
0
-0.265
0
0.189
0
0.482
0
-0.358
0
-0.291
0
0.173
0
0.184
0
0.432
0
0.363
0
-0.129
0
0.014
0
0.477
0
0
0
0
0.364
0
-0.413
0
-0.163
0
0.397
0
-0.496
0
0.366
0
0.147
0
-0.035
0
-0.444
0
0.14
0
-0.469
0
0.132
0
0.326
0
0.337
0
-0.364
0
0.33
0
0.175
0
0.345
0
0.479
0
0.323
0
-0.017
0
-0.113
0
0.143
0
0.071
0
-0.145
0
-0.482
0
0.337
0
0
0
0
0.086
0
-0.085
0
0.251
0
-0.232
0
0.058
0
-0.406
0
0.438
0
-0.317
0
-0.465
0
0.159
0
0.23
0
0.204
0
-0.497
0
-0.038
0
0.407
0
0.114
0
-0.033
0
-0.303
0
0.376
0
0.313
0
-0.322
0
-0.382
0
0.4
0
0.266
0
-0.441
0
0.2
0
-0.381
0
0


0
0
0.475
0
-0.355
0
-0.141
0
-0.337
0
0.493
0
0.302
0
0.38
0
-0.272
0
0.328
0
-0.259
0
-0.009
0
-0.443
0
0.156
0
0.091
0
-0.471
0
-0.062
0
-0.046
0
0.193
0
-0.192
0
-0.011
1
9.582
1
1.202
0
-0.417
1
-1.277
0
-0.037
0
0.012
0
0.458
0
0
-1.641
0
-0.193
1
-5.423
0
-0.393
0
-0.057
0
-0.225
0
-0.354
0
-0.132
0
-0.42
0
-0.482
0
0.022
0
-0.287
1
0.097
0
-1.613
0
-0.174
1
-0.521
0
0.329
0
0.451
0
-0.457
0
-0.246
0
0.377
0
-0.425
0
0.133
0
0.264
0
-0.017
0
0.054
0
-0.312
0
0.113
0
-1.641
2.93
0
0.43
0
-0.467
0
-0.027
0
-0.348
0
-0.184
0
0.364
0
0.249
0
0.411
1
-2.493
0
0.078
0
-0.417
0
-0.2
0
-0.205
1
3.089
0
-0.046
0
-0.05
1
-8.283
0
-0.213
0
-0.169
0
0.059
0
-0.442
0
-0.292
1
-5.509
0
-0.037
0
-0.465
0
-0.408
0
0.307
1
2.93
-0.822
0
-0.399
0
0.155
0
-0.0370001
1
0.049
0
0.118
1
-2.954
0
0.199
0
-0.467
0
-0.371
0
-0.278
0
-0.17
0
0.215
0
-0.223
0
0.178
0
-0.17
0
0.444
0
0.186
0
-0.295
0
-0.269
0
0.125
1
-2.647
1
0.0470001
1
1.846
0
0.439
0
0.492
1
1.171
0
0.318
0
-0.822
0
0
-0.297
0
-0.469
0
0.275
0
0.339
0
0.496
1
-1.879
1
0.00400001
0
0.259
0
-0.455
0
-0.311
0
-0.266
0
0.413
0
0.109
0
1.889
0
-0.142
0
-0.018
0
-0.125
0
-0.162
0
0.461
0
-0.419
0
-0.086
0
-0.368
0
0.336
0
0.315
0
-0.453
0
0.561
0
-0.45
0
0
1.351
0
-0.427
0
-0.41
0
0.349
0
-0.167
0
-0.252
0
-0.118
0
-0.385
0
0.084
0
0.363
0
-0.377
0
0.243
0
-0.336
0
0.111
0
0.494
0
-0.243
0
0.361
0
-0.217
0
0.362
0
-0.138
1
-0.359
0
-0.448
0
0.355
0
-0.027
0
0.456
0
0.202
1
-5.363
1
-2.054
0
1.351
2.006
0
-0.368
0
-0.056
0
0.459
0
-0.278
0
0.414
0
-0.294
1
1.313
0
-0.026
0
0.426
0
0.00800002
0
0.17
0
-0.348
1
3.413
0
0.388
0
-0.465
0
0.408
1
-4.129
0
-0.389
0
0.139
0
0.35
0
0.237
1
-1.218
0
0.235
0
-0.42
0
0.371
0
-0.423
0
-0.263
0
2.006
0.525
0
0.263
0
-0.086
0
0.483
0
0.242
0
-0.195
0
0.024
0
-0.039
0
0.274
0
-0.184
0
0.422
0
0.157
0
0.126
0
0.067
1
0.303
0
0.214
0
0.447
1
-0.293
0
-0.366
1
-0.0250004
0
-0.06
0
0.31
0
0.414
0
-0.245
0
0.364
0
-0.346
0
-0.318
0
-0.472
1
0.525


-1.61
0
-0.128
1
-1.041
0
-0.447
0
0.314
0
-0.245
0
-5.454
0
0.099
0
-0.472
0
0.367
1
6.034
1
0.933
1
0.0640001
0
0.334
0
-0.222
0
-0.36
0
-0.138
0
-0.343
0
-0.405
0
-0.361
0
0.469
0
-0.00400001
0
-0.376
0
-0.205
0
0.336
1
1.974
0
-0.49
0
-0.299
0
-1.61
-1.023
0
-0.176
0
-0.244
0
0.259
0
0.241
0
-0.045
0
0.486
0
0.435
0
0.455
0
0.109
1
-0.407
0
-0.121
1
-0.232
0
0.05
0
0.025
0
-0.474
0
0.136
0
-0.113
0
-0.486
0
0.416
0
0.098
0
0.387
0
-0.055
0
-0.129
0
-0.043
0
-0.214
1
-0.202
0
0.191
0
-1.023
2.209
0
0.077
0
0.248
0
-0.059
0
0.294
0
-0.131
0
-0.00600001
0
-0.172
0
-0.057
0
-0.225
0
0.184
0
0.486
0
0.493
0
0.395
0
-0.441
0
0.077
1
3.591
0
0.488
0
0.177
0
0.415
0
0.128
0
-0.436
1
-0.376
1
-4.349
1
-9.997
0
-0.341
0
-0.462
0
0.052
0
2.209
-2.627
0
-0.245
0
-0.234
0
0.00800002
0
0.404
0
-0.205
0
-0.349
0
0.296
1
-0.644
0
0.072
0
0.246
0
-0.455
1
2.767
0
-0.033
0
-0.168
0
0.139
0
0.247
0
-5.277
1
-4.474
0
-0.352
0
0.264
0
0.152
0
0.161
0
0.232
0
0.233
0
0.15
0
-0.072
0
-0.24
0
-2.627
1.958
0
0.216
0
-0.464
0
-0.222
0
0.322
0
-0.217
1
-0.458
0
-0.084
0
0.138
0
0.436
0
0.051
0
0.398
0
0.096
0
-0.448
0
0.401
0
-0.093
0
0.265
1
2.924
0
0.166
0
0.405
0
-0.061
0
-0.019
0
-0.337
0
-0.267
0
-0.315
0
0.142
0
-0.026
0
0.203
1
1.958
0.648
0
0.367
0
-0.131
0
-0.398
0
0.198
0
-0.108
0
0.46
0
0.134
0
-0.484
0
-0.017
0
0.408
1
3.612
0
-0.442
0
0.005
0
0.317
0
0.183
0
-0.108
0
0.164
1
-1.732
0
0.468
0
-0.319
0
-0.385
0
-0.274
1
-0.463
0
0.402
0
0.183
0
0.066
0
-0.304
0
0.648
-0.958
0
-0.336
1
-6.655
1
9.051
0
0.316
0
-0.272
0
0.356
0
-0.257
0
0.487
1
4.779
0
-0.454
1
-2.031
0
-0.07
0
-0.044
0
0.147
0
-0.161
0
-0.484
0
-0.037
0
-0.105
0
0.00599998
0
-0.189
0
0.17
0
-0.254
0
-0.087
0
0.495
0
0.046
0
-0.359
0
0.313
0
-0.958
0
0
0.108
0
-0.472
1
0.412
1
-0.245
0
-0.232
0
-0.371
0
0.191
1
-3.323
0
0.42
0
-0.288
0
-0.492
1
1.417
0
0.483
0
0.109
0
0.393
0
-0.132
0
0.169
1
-2.041
0
-0.587
0
0.022
0
-0.00999999
0
-0.495
0
-0.467
0
-0.383
0
0.187
1
1.077
0
-0.161
0
0


-0.534
1
-0.217
0
0.263
0
0.344
0
0.492
1
-9.131
0
0.276
0
-0.182
0
0.11
0
0.277
0
-0.461
1
-0.552
0
0.455
0
0.223
0
-0.355
0
0.1
0
-0.038
0
-0.255
0
0.472
1
1.481
0
0.398
0
0.02
0
-0.98
0
0.221
0
0.468
1
4.729
0
0.022
0
0.029
0
-0.534


0
0
0.306
0
-0.272
0
-0.232
0
0.15
0
-0.291
0
0.301
0
-0.361
0
0.434
0
0.395
0
-0.296
0
0.449
0
-0.235
0
0.324
0
-0.293
0
0.242
0
-0.226
0
0.149
0
-0.122
0
-0.341
0
0.034
0
0.26
0
0.233
0
-0.219
0
-0.054
0
-0.364
0
0.408
0
0.076
0
0
0
0
0.448
0
0.209
0
-0.229
0
-0.448
0
-0.326
0
0.098
0
-0.485
0
-0.08
0
0.229
0
-0.21
0
-0.021
0
0.338
0
-0.103
0
0.315
0
0.209
0
-0.382
0
-0.262
0
0.427
0
0.263
0
0.108
0
0.241
0
0.055
0
-0.06
0
-0.43
0
-0.135
0
0.298
0
-0.262
0
0
0
0
0.345
0
-0.184
0
0.252
0
-0.131
0
0.209
0
0.184
0
-0.134
0
-0.271
0
0.049
0
0.307
0
-0.086
0
-0.455
0
0.05
0
-0.3
0
-0.294
0
0.339
0
0.093
0
-0.206
0
0.177
0
0.286
0
-0.125
0
-0.022
0
0.196
0
0.327
0
-0.285
0
-0.027
0
-0.19
0
0
0
0
0.47
0
-0.483
0
-0.019
0
-0.272
0
0.054
0
-0.406
0
-0.469
0
0.316
0
0.155
0
0.419
0
-0.488
0
-0.34
0
0.134
0
-0.174
0
0.408
0
-0.333
0
-0.187
0
0.041
0
-0.483
0
-0.1
0
-0.183
0
-0.232
0
0.329
0
0.315
0
0
0
0.063
0
-0.312
0
0
0
0
0.412
0
-0.334
0
-0.146
0
-0.186
0
0.175
0
-0.145
0
0.153
0
0.094
0
0.357
0
-0.077
0
0.186
0
0.445
0
0.266
0
0.045
0
-0.484
0
0.437
0
0.457
0
0.00300002
0
-0.183
0
-0.018
0
0.241
0
0.4
0
0.17
0
0.404
0
-0.032
0
0.4
0
0.098
0
0
0
0
-0.413
0
0.083
0
0.348
0
-0.382
0
-0.335
0
-0.29
0
-0.038
0
-0.226
0
0.373
0
-0.443
0
0.479
0
0.1
0
0.325
0
0.404
0
-0.044
0
0.35
0
-0.471
0
-0.025
0
0.254
0
0.416
0
-0.231
0
-0.163
0
0.087
0
-0.376
0
-0.244
0
0.414
0
-0.251
0
0
0
0
0.272
0
-0.496
0
0.106
0
0.393
0
-0.184
0
-0.462
0
0.099
0
0.016
0
-0.32
0
0.018
0
-0.113
0
0.464
0
-0.277
0
-0.415
0
0.353
0
-0.192
0
0.249
0
-0.423
0
-0.336
0
0.035
0
0.247
0
0.227
0
-0.492
0
0.171
0
-0.474
0
0.224
0
0.094
0
0
0
0
-0.054
0
-0.357
0
-0.175
0
0.35
0
-0.00400001
0
0.106
0
-0.118
0
0.093
0
0.479
0
0.334
0
-0.457
0
0.106
0
-0.234
0
-0.019
0
-0.377
0
-0.02
0
0.388
0
-0.086
0
-0.067
0
-0.071
0
-0.355
0
0.392
0
-0.189
0
0.084
0
0.29
0
0.048
0
-0.304
0
0
0
0
-0.323
0
0.212
0
0.289
0
0.085
0
0.182
0
-0.399
0
0.235
0
0.113
0
-0.236
0
0.237
0
-0.445
0
0.443
0
0.236
0
0.397
0
-0.202
0
0.047
0
0.407
0
0.059
0
-0.033
0
-0.304
0
0.32
0
-0.413
0
0.045
0
-0.289
0
0.302
0
-0.021
0
0.244
0
0
0
0
-0.375
0
-0.32
0
-0.477
0
-0.253
0
0.426
0
0.431
0
0.156
0
0.225
0
-0.281
0
-0.009
0
0.481
0
0.023
0
0.282
0
0.153
0
-0.234
0
-0.011
0
-0.014
0
0.492
0
0.307
0
0.1
0
-0.148
0
0.332
0
0.15
0
0.075
0
-0.157
0
-0.34
0
0.31
0
0


-1.584
1
-5.165
1
-7.373
1
-0.702
1
2.388
0
-0.201
0
-0.023
0
0.145
1
-1.178
0
0.437
1
1.193
1
-5.286
0
-0.276
1
0.036
0
0.064
0
-0.305
1
-0.764
0
0.192
1
-2.454
1
-0.948
1
-2.131
0
0.392
0
-0.157
1
-1.914
0
0.357
0
0.119
0
0.144
1
2.942
0
-1.584
-1.499
0
-0.358
0
0.155
0
-0.339
0
-0.234
0
0.063
0
0.442
0
0.333
0
0.138
0
-0.15
0
0.485
0
-0.432
0
0.376
0
0.414
1
0.098
0
0.472
0
0.452
0
-0.116
0
0.069
0
-0.073
0
-0.303
0
-0.159
1
4.062
0
0.065
1
-2.014
0
0.478
0
0.346
0
-2.032
0
-1.499
0
0
-0.152
0
0.472
0
0.00999999
1
-4.987
0
0.00599998
0
-0.474
0
-0.332
0
0.279
0
0.051
0
-0.307
0
0.02
0
-0.415
0
-0.218
0
0.142
0
0.108
0
-0.172
0
0.151
0
0.18
0
-0.093
0
0.012
0
0.273
0
0.401
0
0.051
0
0.299
0
0.155
1
-7.435
0
2.289
0
0
1.953
0
-0.112
0
-0.394
0
0.192
0
0.169
0
0.244
0
-0.312
0
0.432
0
-0.386
1
-0.0329999
0
-0.484
0
-0.334
0
0.027
0
0.19
1
-12.825
0
0.194
1
-0.0709999
1
2.174
0
-0.021
0
-0.369
1
-0.941
0
0.332
0
0.084
0
0.477
0
0.084
0
0.315
0
0.31
1
0.531
0
1.953
2.243
0
0.151
0
-0.243
0
0.283
0
-0.398
0
0.246
0
0.266
0
0.225
0
-0.18
0
-0.254
0
-0.283
0
-0.484
0
0.165
0
-0.381
0
0.039
0
0.171
1
-1.865
0
-0.399
0
-0.23
0
0.165
0
0.397
0
0.103
0
0.072
0
0.323
0
-6.256
0
-0.179
0
-0.192
0
-0.198
0
2.243
-0.942
0
-0.214
0
0.216
1
-1.941
0
0.36
0
0.419
0
-0.315
0
0.101
0
-0.014
0
0.218
0
0.38
0
-0.462
0
-0.029
0
0.203
0
0.369
0
-0.163
0
-0.129
0
0.044
1
9.107
0
0.366
0
0.169
0
-0.361
1
-3.625
0
-0.00600001
0
0.083
0
-0.392
0
0.046
0
0.245
0
-0.942
2.079
0
0.142
0
0.198
0
0.199
0
-0.497
0
0.287
0
-0.013
0
0.079
1
-4.013
0
-0.077
0
-0.441
0
0.128
1
-9.975
0
0.137
0
-0.463
0
0.235
0
-0.387
0
-0.451
0
0.471
1
2.446
0
0.181
0
-0.445
0
-0.302
0
-0.063
0
-0.04
0
-0.108
0
0.035
1
-0.359
0
2.079
-0.594
1
-0.063
0
0.471
1
0.0839999
0
0.279
0
0.091
1
-3.408
0
0.033
1
0.0199998
0
0.131
0
0.069
0
-0.131
1
-0.863
1
-0.568
0
0.37
0
-0.133
0
0.252
1
1.772
0
-0.324
0
0.21
0
-0.212
0
0.192
0
0.231
0
0.143
0
-0.415
1
4.134
1
-6.03
0
0.072
0
-0.594


-1.964
0
-0.403
1
3.631
0
-0.128
0
-0.499
1
-0.196
0
0.385
0
-0.424
0
0.133
1
-1.375
0
0.107
1
3.516
1
-1.8
0
-0.148
0
0.255
0
0.314
0
0.225
0
0.394
0
-0.174
1
-1.123
1
-1.038
0
-0.399
0
-0.48
0
-0.067
0
-0.355
0
-0.459
0
0.242
0
0.125
0
-1.964
-1.015
0
0.219
0
-0.466
0
0.33
0
-0.228
0
0.409
0
0.196
0
0.04
1
-8.848
0
-0.287
1
-5.1
0
-0.356
0
0.303
1
-0.246
1
3.094
0
0.268
0
-0.00600001
0
-0.031
0
-0.117
0
-0.278
0
-0.354
0
0.459
0
0.163
0
-0.346
0
0.428
0
-0.184
0
-0.441
0
-0.129
0
-1.015
2.26
0
0.372
0
-0.415
1
0.024
0
-0.36
1
-1.893
0
0.491
0
0.358
0
-0.272
1
-0.889
0
0.206
0
-0.203
0
-0.144
0
-0.493
0
0.339
0
0.00400001
0
-0.407
0
-0.378
0
0.205
0
0.049
0
0.049
0
0.135
0
-0.025
0
0.235
0
0.034
1
-0.483
0
0.351
0
-0.078
1
2.26
1.044
1
-6.183
0
0.216
0
-0.164
0
0.465
0
-0.233
0
0.231
1
-0.241
0
0.387
0
0.403
0
-0.332
1
-0.143
0
0.171
0
-0.3
0
-0.125
1
6.86
0
-0.161
0
0.251
0
0.313
0
-0.215
0
-0.123
1
-6.048
1
-2.337
0
0.058
0
-0.000999987
0
0.346
0
0.499
1
0.046
0
1.044
-5.613
0
-0.285
0
-0.273
0
0.014
1
3.761
0
-0.033
0
-0.14
0
-0.368
0
-0.118
0
0.294
0
0.025
0
-0.128
0
-0.487
0
-0.252
0
-0.14
0
0.363
1
-0.381
0
0.169
1
0.393
1
-3.227
0
-0.166
1
-8.992
0
0.023
1
-3.841
1
-1.68
0
0.126
1
1.242
0
0.188
0
-5.613
-3.758
1
0.89
1
-0.703
0
0.311
0
-0.286
1
0.0230002
1
-2.669
0
-0.294
0
0.145
0
-0.19
0
-0.168
0
-0.477
0
-0.182
1
0.376
0
0.184
0
0.134
0
-0.105
0
0.461
0
-0.117
0
-0.332
0
0.17
0
-0.41
0
0.379
0
0.077
0
-0.381
0
0.139
0
-0.201
0
0.000999987
0
-3.758
-2.256
0
-0.016
0
-0.344
0
0.095
0
-0.161
0
-0.32
1
0.015
0
0.438
1
-0.02
0
-0.263
0
-0.26
0
0.178
0
0.48
0
-0.018
0
-0.076
0
0.281
0
0.174
0
-0.157
0
0.381
0
0.113
0
-0.312
0
0.304
0
0.206
0
0.073
0
-0.089
0
-0.067
1
0.088
0
-0.162
0
-2.256
-1.076
0
-0.491
1
-3.128
0
-0.083
1
-2.566
0
-0.136
0
0.328
0
0.109
0
-0.121
0
-0.102
0
-0.203
1
-0.283
0
0.353
0
-0.28
0
0.087
0
0.468
0
-0.256
0
-2.176
0
0.226
0
-0.408
0
0.281
0
0.346
0
0.158
0
-0.33
0
0.161
0
-0.087
0
-0.027
0
0.16
0
-1.076


-2.657
0
-0.37
0
0.301
0
-0.02
1
0.689
0
-0.245
0
0.087
0
0.404
0
0.183
1
0.518
0
-0.432
1
-3.283
1
-3.661
0
-0.112
0
0.174
0
0.017
1
-3.414
0
0.19
0
0.266
1
-0.474
0
0.374
0
0.135
0
0.212
0
-0.224
0
0.00800002
0
0.493
1
-1.387
0
0.447
0
-2.657


0
0
-0.273
0
-0.148
0
0.112
0
-0.189
0
0.148
0
0.215
0
0.323
0
-0.409
0
-0.163
0
0.238
0
0.223
0
-0.345
0
-0.114
0
0.325
0
-0.055
0
0.176
0
-0.416
0
0.00300002
0
0.257
0
0.494
0
-0.324
0
-0.129
0
0.269
0
-0.437
0
-0.396
0
0.099
0
-0.426
0
0
0
0
-0.096
0
0.368
0
0.322
0
-0.105
0
0.091
0
-0.288
0
-0.41
0
0.172
0
0.382
0
-0.158
0
-0.075
0
-0.389
0
-0.134
0
0.185
0
-0.155
0
0.34
0
-0.493
0
0.426
0
0.302
0
0.256
0
0.132
0
-0.478
0
0.196
0
0.257
0
-0.155
0
-0.377
0
0.173
0
0
0
0
0.333
0
-0.372
0
-0.416
0
0.086
0
-0.493
0
0.261
0
-0.473
0
0.44
0
0.469
0
0.201
0
-0.215
0
-0.251
0
0.163
0
-0.491
0
-0.404
0
0.374
0
0.273
0
0.046
0
-0.023
0
0.043
0
0.136
0
0.096
0
0.155
0
-0.209
0
-0.219
0
-0.225
0
-0.072
0
0
0
0
-0.067
0
-0.064
0
-0.267
0
0.248
0
-0.403
0
0.172
0
0.234
0
-0.242
0
0.015
0
0.272
0
0.451
0
0.151
0
-0.234
0
-0.18
0
-0.293
0
0.142
0
0.038
0
-0.033
0
0.122
0
0.137
0
0.042
0
-0.059
0
-0.308
0
0.218
0
-0.059
0
0.484
0
-0.195
0
0
0
0
-0.431
0
0.043
0
-0.217
0
-0.054
0
0.232
0
-0.347
0
-0.002
0
0.126
0
-0.341
0
-0.278
0
0.328
0
0.298
0
0.114
0
-0.011
0
0.358
0
-0.093
0
-0.332
0
0.04
0
-0.453
0
-0.206
0
0.077
0
0.015
0
0.487
0
-0.415
0
0.169
0
-0.394
0
-0.433
0
0
0
0
-0.155
0
-0.227
0
-0.052
0
-0.453
0
-0.165
0
0.428
0
-0.098
0
0.374
0
-0.127
0
-0.136
0
0.333
0
-0.122
0
-0.448
0
-0.429
0
-0.06
0
-0.484
0
-0.307
0
0.058
0
-0.318
0
-0.022
0
0.46
0
-0.334
0
-0.361
0
-0.314
0
-0.268
0
0.405
0
-0.069
0
0
0
0
-0.471
0
-0.469
0
0.498
0
-0.177
0
-0.325
0
-0.275
0
-0.441
0
0.014
0
0.447
0
-0.089
0
0.059
0
0.497
0
0.188
0
-0.157
0
0.38
0
0.187
0
0.054
0
-0.106
0
0.279
0
-0.18
0
0.283
0
-0.048
0
0.19
0
0.144
0
-0.301
0
-0.138
0
0.425
0
0
0
0
0.071
0
0.44
0
0.158
0
-0.337
0
-0.284
0
0.32
0
-0.5
0
-0.167
0
-0.484
0
-0.212
0
-0.012
0
-0.047
0
-0.098
0
-0.146
0
-0.059
0
-0.085
0
0.248
0
0.046
0
0.252
0
-0.439
0
-0.000999987
0
0.378
0
-0.367
0
-0.102
0
-0.216
0
-0.000999987
0
0.427
0
0
0
0
-0.433
0
-0.17
0
-0.419
0
-0.034
0
0.171
0
-0.419
0
-0.487
0
-0.239
0
0.378
0
0.411
0
-0.471
0
0.367
0
-0.325
0
0.022
0
0.2
0
0.459
0
0.04
0
-0.066
0
-0.411
0
0.411
0
0.244
0
0.066
0
-0.14
0
0.449
0
0.198
0
-0.06
0
-0.403
0
0
0
0
-0.194
0
-0.469
0
-0.414
0
0.327
0
0.132
0
0.392
0
-0.384
0
0.309
0
0.3
0
-0.233
0
0.185
0
-0.159
0
0.404
0
-0.358
0
-0.401
0
0.22
0
-0.389
0
-0.035
0
-0.25
0
0.464
0
-0.253
0
0.051
0
-0.066
0
0.365
0
-0.123
0
0.399
0
-0.214
0
0


0.258
0
0.045
1
1.077
0
0.358
0
0.317
0
-0.377
0
0.000999987
0
-0.09
0
-0.027
0
-0.36
0
0.065
1
3.186
0
0.129
0
0.256
0
-0.474
0
-0.145
0
-0.058
0
-0.46
1
-1.514
0
-0.29
0
-0.173
0
0.363
0
-0.435
0
-0.127
0
-0.05
0
-0.066
0
0.194
0
-0.315
0
0.258
1.42
0
0.213
0
0.475
0
0.14
0
0.092
0
0.172
0
0.00199997
1
-3.106
0
-0.172
0
-0.349
0
-0.129
0
0.176
0
-0.191
0
-0.412
0
0.385
0
0.487
0
0.472
0
-0.433
1
-1.426
0
0.073
0
0.237
0
-0.443
0
0.147
0
0.231
1
-0.236
0
-0.073
1
-0.851
0
0.416
0
1.42
2.421
1
2.482
0
0.727
0
0.335
0
-0.021
1
-0.693001
0
-0.461
0
0.273
0
0.334
0
0.147
0
-0.105
0
0.359
0
0.36
0
-0.468
1
-2.284
0
-0.109
0
-0.176
0
-0.475
0
-0.158
0
0.385
0
0.454
0
0.236
0
-0.385
0
-5.518
0
-0.443
1
-2.95
0
0.041
1
-0.160001
0
2.421
0
1
2.791
0
0.264
0
-0.081
0
-0.451
1
-4.839
0
0.132
0
-0.123
0
0.425
0
0.263
0
-0.437
0
-0.291
0
0.127
0
-0.432
1
-0.93
0
0.325
0
-0.393
0
-0.162
0
0.45
1
-5.654
0
-0.255
0
0.373
1
3.312
0
-0.474
0
-0.049
0
-0.166
0
-0.33
0
-0.021
0
0
-1.95
0
0.273
0
0.212
0
-0.016
0
-0.264
0
0.015
0
0.271
0
0.016
0
-0.287
0
-0.42
0
-0.442
0
-0.014
0
-0.22
0
0.132
0
-0.482
0
0.337
0
0.332
0
0.075
0
0.246
0
0.112
0
0.105
0
0.157
0
-0.294
0
0.238
0
0.488
0
-0.372
1
-3.046
0
0.039
1
-1.95
0
0
-0.492
0
-0.324
0
-0.131
0
-0.028
0
0.063
1
-2.662
0
-0.196
0
-0.456
0
-0.411
0
0.3
0
-0.461
0
0.212
0
-0.018
1
-0.415
0
0.355
0
1.494
0
0.216
0
-0.318
0
-0.462
0
-0.316
0
0.176
1
-2.716
0
0.354
1
-3.491
0
-0.192
0
0.15
0
0.201
0
0
7.154
0
-0.474
0
-0.079
0
-0.282
0
-0.428
0
0.174
0
-0.425
0
-0.184
0
-0.258
0
-0.44
0
0.444
1
-4.674
0
-0.138
1
-8.857
1
0.784
0
-0.232
0
0.126
1
-7.522
0
0.287
1
4.314
0
0.188
0
-0.223
0
-0.46
0
-0.435
0
0.149
0
0.305
0
-0.022
0
0.384
1
7.154
-0.778
0
-0.087
0
-0.363
1
5.872
0
-0.457
0
-0.373
0
-0.445
0
-0.079
0
0.46
0
-0.341
0
0.139
0
-0.455
1
-0.936
1
3.248
0
-0.234
0
-0.27
0
-0.301
0
-0.19
1
6.655
0
-0.175
0
-0.427
0
-0.487
0
0.397
1
-0.453
0
-0.24
0
-0.27
0
-0.316
0
-0.232
0
-0.778


-1.457
0
-0.424
0
-0.244
0
0.091
0
0.071
0
-0.336
1
0.59
0
0.47
0
0.176
1
2.858
0
-0.371
0
0.403
0
-0.399
1
1.014
1
2.794
1
0.258
0
-0.103
0
0.351
0
-0.18
0
-0.242
0
-0.277
0
0.279
0
-3.807
0
-0.147
0
0.214
0
-0.144
0
-0.26
0
0.394
0
-1.457
-1.732
0
-0.108
0
-0.137
1
1.642
1
-3.645
0
-0.077
0
-0.349
1
-1.754
0
-0.059
1
-0.429
1
-3.737
1
0.255
0
0.023
0
0.132
0
-0.021
0
0.383
0
-0.228
0
0.199
1
-5.01
0
-0.304
0
0.094
0
0.47
0
0.365
0
0.307
0
-0.46
0
-0.048
1
2.548
0
0.00700003
0
-1.732
0.0899999
1
1.699
0
0.016
0
0.458
1
-0.182
0
-0.255
0
-0.465
0
0.054
0
0.403
0
-0.474
0
-0.485
0
-0.115
0
-0.476
0
-0.373
0
-0.444
0
0.279
0
0.28
0
-0.005
0
-0.493
0
-0.209
1
3.182
0
0.386
0
0.312
1
4.906
0
0.392
0
-0.354
0
-0.155
0
-0.463
0
0.0899999
1.893
1
-0.7
0
0.081
0
-0.118
0
0.179
0
0.419
0
-0.165
0
0.052
0
0.00700003
0
-0.367
0
0.027
0
-0.448
1
-3.702
0
0.376
1
-4.873
0
0.106
0
0.258
0
0.177
0
-0.113
1
0.195
0
-0.396
0
-0.337
0
-0.309
0
0.035
0
-0.255
1
-1.64
0
0.205
0
-0.282
0
1.893
-7.127
0
0.346
0
-0.29
0
-0.081
0
-0.49
0
-0.024
0
-0.279
1
-3.658
1
-0.0840001
0
-0.291
0
-0.085
0
-0.146
0
0.281
0
-0.375
1
-5.514
0
0.161
0
0.012
0
-0.424
0
0.221
0
0.218
0
-0.175
0
-0.44
0
0.174
1
-1.984
0
-0.195
0
-0.236
0
0.256
0
0.101
0
-7.127
-2.137
0
0.271
0
0.318
1
-3.038
1
2.55
0
-0.052
0
-0.283
0
0.276
1
-5.392
1
-3.289
0
0.061
0
0.383
0
-0.395
0
0.278
0
0.392
0
-0.044
1
4.568
0
0.265
0
-0.232
1
1.945
0
-0.394
0
0.102
0
0.314
1
-0.0639998
0
0.224
0
-0.334
0
0.009
0
0.395
0
-2.137
1.623
0
-0.387
0
-0.403
0
-0.345
0
0.179
0
-0.056
0
-0.182
0
-0.202
0
-0.266
0
0.092
0
-0.256
0
-0.392
0
0.327
0
-0.554
1
0.865
0
0.491
0
0.366
0
0.122
0
0.389
1
-0.974
1
-3.383
0
-0.393
1
-1.241
0
-0.005
0
0.202
0
0.346
0
-0.484
0
-0.351
0
1.623
-0.769
0
-0.426
0
0.399
1
-0.339
0
-0.41
0
0.309
0
0.267
0
-0.213
0
0.219
0
0.084
1
-2.264
1
-3.745
0
-0.149
0
0.265
0
-0.148
0
0.492
0
-0.131
0
0.183
0
0.199
0
-0.357
0
0.109
0
0.499
0
0.049
0
0.443
0
-0.042
0
-0.095
0
0.294
0
-0.215
0
-0.769


-0.342
0
0.353
0
0.417
0
-0.494
0
0.331
0
-0.061
0
0.422
1
0.406
1
1.149
0
-0.464
0
-0.063
0
-0.157
0
-0.261
1
-0.186
0
0.429
0
0.476
0
0.416
1
-0.53
1
-0.026
0
-0.127
0
-0.42
0
-0.191
0
-0.379
0
0.212
0
-0.128
0
0.184
0
-0.307
0
-0.369
0
-0.342


0
0
-0.42
0
0.394
0
0.214
0
-0.451
0
-0.309
0
0.074
0
-0.314
0
-0.387
0
0.094
0
-0.177
0
-0.442
0
-0.313
0
-0.387
0
0.089
0
0.392
0
-0.269
0
-0.345
0
-0.378
0
-0.265
0
0.49
0
0.442
0
0.24
0
0.067
0
0.217
0
-0.235
0
-0.099
0
0.191
0
0
0
0
0.223
0
0.199
0
-0.126
0
-0.472
0
-0.317
0
0.47
0
0.359
0
-0.14
0
0.125
0
0.198
0
-0.397
0
-0.477
0
-0.116
0
-0.214
0
-0.435
0
0.385
0
0.289
0
-0.343
0
0.088
0
0.406
0
-0.098
0
0.211
0
0.295
0
-0.43
0
0.189
0
-0.135
0
0.248
0
0
0
0
0.28
0
0.132
0
0.198
0
0.101
0
0.494
0
0.413
0
-0.316
0
0.427
0
-0.4
0
-0.248
0
-0.13
0
0.484
0
-0.085
0
0.061
0
-0.39
0
-0.366
0
0.346
0
0.013
0
-0.488
0
0.072
0
-0.072
0
-0.364
0
0.194
0
-0.447
0
-0.17
0
-0.097
0
-0.481
0
0
0
0
-0.44
0
-0.026
0
-0.348
0
0.185
0
-0.177
0
-0.086
0
-0.218
0
-0.385
0
-0.221
0
-0.16
0
0.283
0
-0.099
0
0.193
0
0.145
0
-0.16
0
0.036
0
-0.42
0
0.148
0
0.497
0
0.391
0
0.23
0
-0.253
0
-0.396
0
0.356
0
0.342
0
-0.303
0
-0.274
0
0
0
0
-0.438
0
-0.075
0
-0.188
0
-0.472
0
-0.116
0
-0.37
0
-0.188
0
0.208
0
-0.251
0
-0.192
0
-0.111
0
-0.284
0
-0.435
0
0.201
0
0.173
0
0.242
0
-0.427
0
-0.209
0
-0.12
0
0.088
0
0.4
0
0.497
0
0.345
0
-0.255
0
-0.463
0
-0.193
0
0.215
0
0
0
0
-0.289
0
-0.04
0
-0.093
0
0.13
0
-0.014
0
0.137
0
0.169
0
0.168
0
0.166
0
-0.201
0
-0.441
0
-0.153
0
0.173
0
-0.002
0
0.303
0
-0.494
0
-0.034
0
-0.28
0
-0.054
0
-0.101
0
-0.078
0
-0.344
0
-0.312
0
0.014
0
-0.046
0
0.063
0
-0.426
0
0
0
0
0.127
0
0.359
0
0.061
0
0.323
0
0.079
0
0.398
0
0.352
0
-0.41
0
0.246
0
0.442
0
-0.021
0
-0.237
0
0.291
0
-0.365
0
0.049
0
0.316
0
0.276
0
-0.436
0
0.088
0
-0.27
0
-0.419
0
-0.39
0
-0.134
0
0.266
0
0.388
0
-0.34
0
-0.121
0
0
0
0
-0.244
0
0.143
0
0.302
0
0.069
0
-0.355
0
0.306
0
-0.254
0
0.021
0
0.42
0
0.05
0
-0.237
0
0.259
0
0.412
0
0.244
0
-0.243
0
0.4
0
-0.243
0
-0.413
0
0.429
0
-0.124
0
-0.139
0
0.045
0
-0.29
0
-0.234
0
0.098
0
-0.39
0
-0.394
0
0
0
0
0.498
0
-0.104
0
-0.421
0
0.355
0
0.19
0
-0.325
0
-0.327
0
-0.119
0
0.499
0
-0.00400001
0
-0.07
0
0.431
0
-0.326
0
-0.489
0
-0.352
0
0.318
0
0.203
0
-0.38
0
-0.49
0
0.036
0
0.155
0
0.151
0
0.374
0
0.031
0
-0.341
0
-0.048
0
0.089
0
0
0
0
-0.131
0
0.4
0
0.203
0
-0.384
0
0.253
0
-0.392
0
-0.236
0
0.33
0
-0.122
0
-0.077
0
-0.46
0
0.344
0
0.152
0
0.221
0
0.444
0
-0.329
0
-0.244
0
-0.228
0
0.041
0
-0.055
0
0.352
0
0.204
0
-0.463
0
0.379
0
0.036
0
0.162
0
0.253
0
0


2.2
0
1.099
0
0.116
0
0.048
0
0.275
0
0.467
0
0.272
1
2.624
0
0.402
1
0.984
1
-1.543
0
0.284
0
0.433
1
-6.801
0
-0.451
0
-0.351
1
0.0609999
0
0.399
0
0.24
0
0.05
0
-0.085
0
-0.372
0
0.053
0
-0.014
0
0.467
0
-0.197
0
-0.153
1
-0.307
0
2.2
9.965
0
-0.011
0
-0.21
0
0.706
0
0.09
0
0.148
0
0.037
0
-0.019
0
0.159
1
4.94
0
-0.441
0
-0.453
0
0.478
0
0.142
0
-0.41
1
-0.195
0
0.388
0
0.385
1
3.631
0
0.238
0
0.496
0
0.498
1
-7.517
0
-0.123
0
0.092
1
-0.483
0
-0.249
0
-0.257
1
9.965
0.218
0
0.066
1
-1.866
1
-0.38
0
0.067
0
0.358
0
-0.301
0
0.037
0
0.484
0
0.367
0
0.392
0
0.042
0
0.228
0
0.406
0
0.449
0
-1.848
0
-0.132
1
-1.917
0
0.438
0
0.00700003
0
-0.35
0
0.462
0
-0.331
0
0.426
0
-0.176
0
-0.255
0
0.126
0
-0.384
0
0.218
1.002
0
-0.287
1
-3.221
1
-1.589
1
-0.196
1
8.946
0
0.449
0
-0.374
1
-1.047
0
0.23
0
0.00400001
0
-0.327
0
0.013
0
0.14
0
0.361
0
-0.294
0
0.28
0
-0.24
0
-0.149
0
-0.217
0
0.067
0
0.203
1
-0.085
1
-1.201
0
0.416
0
-0.175
0
-0.44
1
-0.806
0
1.002
0
0
0.063
0
0.439
1
5.368
1
-3.118
0
0.42
0
0.038
0
-0.47
0
-0.149
0
0.442
1
6.844
0
0.04
0
0.394
0
-0.329
0
-0.451
0
0.062
0
0.187
0
-1.676
0
2.111
0
0.199
1
1.96
0
-0.093
0
-0.347
0
0.268
0
-0.372
0
-0.495
0
0.126
0
0.272
0
0
7.039
0
-0.226
0
0.399
0
0.367
0
-0.121
0
0.198
0
-0.34
1
0.516
1
0.18
0
0.111
0
-0.443
0
0.424
0
-0.461
0
-0.104
1
-1.135
0
-0.386
0
0.451
0
-0.069
1
5.639
0
-0.412
1
4.174
0
-0.439
0
-0.127
0
-0.147
0
0.05
0
-0.155
0
-0.221
0
0.461
1
7.039
0.944
0
0.116
0
0.419
0
0.114
0
0.43
1
4.02
0
-0.419
0
-0.127
0
0.118
0
-0.017
1
-0.244
0
-0.357
0
-0.442
0
0.403
1
1.987
0
0.119
1
-5.974
0
-0.046
1
-3.565
0
0.416
0
-0.264
0
-0.065
0
0.253
0
-0.095
0
0.069
1
2.067
0
0.454
0
0.115
0
0.944
-2.19
0
-0.019
1
4.244
1
1.376
0
-0.00799999
0
-0.382
0
0.482
0
-0.409
0
0.176
0
0.306
0
0.449
1
-0.84
0
-0.156
1
-1.199
0
0.205
0
0.385
0
0.016
0
-0.067
1
-0.128
1
-0.647
0
0.12
0
0.257
1
8.109
0
0.162
0
-0.032
1
4.202
0
-0.005
0
-0.172
1
-2.19


0
0
-0.281
0
-0.428
0
-0.19
1
1.271
1
-3.264
1
2.762
0
-0.352
1
0.386
0
0.123
0
0.238
0
-0.469
0
1.141
1
-0.184
0
0.356
0
0.216
1
1.286
0
-0.088
0
0.338
0
-0.182
0
0.277
0
0.12
1
-4.609
0
-0.137
0
-0.19
0
0.09
0
0.178
1
1.661
1
0
-1.912
0
0.381
0
-0.3
1
-10.696
0
0.454
1
-1.535
0
0.49
0
-0.141
0
0.178
0
0.221
0
-0.219
0
0.426
0
0.195
0
-0.248
0
0.332
0
-0.398
1
-3.098
0
-0.26
1
0.41
0
-0.093
0
-0.058
0
-0.123
0
-0.41
0
-0.495
1
0.0400002
0
-3.155
0
0.055
0
-0.272
0
-1.912
-1.663
0
0
0
0.271
0
0.456
0
-0.163
0
0.155
1
3.328
1
-0.285
0
-0.002
0
0.04
0
-0.056
0
-0.18
0
0.143
0
0.005
0
0.265
0
0.00300002
0
0.13
0
-0.493
0
-0.397
0
-0.019
1
-6.448
0
0.394
0
-0.422
0
-0.461
0
-0.017
0
0.369
0
0.05
0
0.191
0
-1.663
-2.954
0
-0.036
0
-0.368
1
1.619
1
-0.705
0
-0.383
0
-0.021
0
-0.412
1
-8.883
1
0.0930001
0
0.148
1
-7.411
0
-0.184
0
0.058
0
0.022
0
0.306
0
0.41
0
-0.291
0
0.367
1
-3.664
0
0.444
1
3.017
0
0.04
0
0.342
0
0.169
0
-0.112
0
-0.309
0
0.334
0
-2.954
-0.658
0
-0.327
0
0.028
1
-0.484
0
0.028
0
-0.255
1
-3.957
1
-2.298
0
0.045
0
0.479
1
-0.105
0
-0.296
0
-0.134
0
-0.211
0
1.706
0
0.354
0
-0.444
0
0.179
0
-0.109
0
-0.483
0
-0.08
0
-0.448
0
0.245
0
0.21
0
-0.188
0
0.00800002
0
0.28
0
0.139
0
-0.658
-1.36
0
-0.251
1
-0.569
0
0.132
0
-0.275
0
0.289
1
-0.647
0
0.342
0
-0.168
0
-0.385
0
-0.299
1
-14.335
1
-3.217
0
0.458
0
-0.343
1
-4.659
0
-0.249
0
0.302
0
0.102
0
-0.209
1
-2.388
0
-0.377
1
-11.144
0
-0.129
0
0.362
0
0.237
0
-0.495
0
-0.332
0
-1.36
0.341
0
0.093
0
0.272
0
-0.197
0
0.388
0
0.192
0
-0.244
0
-0.16
0
0.367
0
0.429
0
0.233
0
-0.062
1
-1.748
1
-0.545
0
-0.308
1
-2.89
0
0.099
0
0.172
0
-0.331
0
-0.335
0
-0.211
0
-0.318
0
-0.142
0
-0.441
0
0.297
0
-0.176
0
-0.375
0
-0.291
0
0.341
-0.03
0
-0.199
0
-0.056
0
0.174
0
0.397
0
-0.171
0
-0.207
0
0.219
0
0.081
0
-0.061
0
0.203
1
-2.622
0
-0.378
0
-0.017
1
-2.271
0
-0.438
0
-0.177
0
0.153
0
-0.39
0
-0.092
0
0.044
0
-0.307
1
4.074
0
0.446
0
-0.341
0
0.024
0
0.182
0
0.09
0
-0.03


0
1
0.0739999
0
0.247
0
0.118
0
0.352
0
-0.284
1
0.546
0
0.239
0
-0.097
0
0.036
0
-0.081
0
-0.242
0
0.394
0
0.402
0
0.362
0
0.183
0
0.336
0
0.415
0
0.422
0
0.089
1
0.504
1
0.181
0
-0.371
0
0.114
1
0.109
0
-0.341
0
0.154
0
-0.102
0
0
