

0
0
-0.283
0
0.062
0
0.083
0
-0.286
0
0.05
0
-0.21
0
0.267
0
0.15
0
0.025
0
0.446
0
-0.258
0
-0.283
0
-0.062
0
-0.444
0
0.118
0
-0.155
0
-0.034
0
0.31
0
-0.252
0
0.485
0
0.204
0
-0.224
0
-0.46
0
0.198
0
0.459
0
-0.477
0
0.123
0
0
0
0
0.15
0
-0.048
0
-0.055
0
-0.00400001
0
0
0
0.441
0
0.499
0
-0.433
0
-0.361
0
0.232
0
-0.075
0
-0.049
0
-0.493
0
0.462
0
-0.38
0
0.19
0
-0.465
0
-0.483
0
-0.469
0
0.36
0
-0.391
0
0.468
0
0.097
0
-0.492
0
-0.065
0
-0.137
0
0.264
0
0
0
0
0.102
0
-0.39
0
-0.478
0
-0.389
0
0.231
0
0.151
0
-0.117
0
-0.204
0
-0.418
0
-0.19
0
-0.107
0
-0.163
0
-0.5
0
-0.195
0
0.295
0
-0.341
0
0.269
0
0.41
0
-0.282
0
-0.479
0
-0.05
0
-0.052
0
0.454
0
-0.113
0
0.079
0
0.237
0
0.394
0
0
0
0
0.361
0
-0.362
0
0.252
0
-0.3
0
-0.326
0
0.05
0
-0.268
0
-0.236
0
0.062
0
0.498
0
0.048
0
0.433
0
0.286
0
0.14
0
0.169
0
-0.161
0
-0.248
0
-0.255
0
-0.203
0
-0.099
0
-0.161
0
-0.4
0
-0.39
0
0.321
0
0.346
0
0.16
0
0.066
0
0
0
0
-0.276
0
0.328
0
0.128
0
-0.248
0
0.00400001
0
0.058
0
0.311
0
0.374
0
-0.343
0
-0.496
0
-0.234
0
-0.084
0
0.313
0
0.228
0
0.234
0
0.095
0
-0.076
0
-0.254
0
-0.055
0
0.101
0
0.341
0
0.226
0
-0.363
0
-0.044
0
-0.187
0
0.155
0
0.46
0
0
0
0
0.17
0
-0.077
0
0.249
0
-0.365
0
0.483
0
-0.075
0
-0.083
0
-0.352
0
-0.376
0
0.406
0
0.021
0
-0.241
0
-0.056
0
-0.083
0
0.403
0
0.223
0
0.217
0
0.073
0
-0.227
0
0.132
0
-0.367
0
-0.325
0
0.476
0
0.011
0
-0.111
0
-0.395
0
0.407
0
0
0
0
0.361
0
0.457
0
-0.273
0
-0.066
0
0.029
0
0.424
0
0.463
0
-0.272
0
0.485
0
0.32
0
0.441
0
0.059
0
0.466
0
-0.169
0
-0.261
0
0.323
0
-0.174
0
0.194
0
0.173
0
0.303
0
0.047
0
0.152
0
0.318
0
-0.011
0
-0.42
0
-0.355
0
0.035
0
0
0
0
-0.094
0
-0.128
0
-0.484
0
0.479
0
-0.021
0
0.012
0
0.199
0
0.233
0
-0.031
0
-0.184
0
-0.498
0
0.289
0
-0.127
0
0.305
0
0.189
0
-0.182
0
-0.452
0
-0.05
0
-0.294
0
0.492
0
0.409
0
-0.005
0
-0.123
0
-0.205
0
-0.032
0
0.376
0
0.463
0
0
0
0
0.044
0
-0.264
0
0.327
0
-0.236
0
-0.042
0
-0.309
0
-0.105
0
0.097
0
0.061
0
0.445
0
-0.017
0
0.267
0
0.038
0
0.43
0
0.048
0
0.168
0
0.118
0
-0.29
0
-0.202
0
0.285
0
-0.216
0
0.18
0
0.379
0
-0.385
0
-0.359
0
0.043
0
-0.426
0
0
0
0
0.495
0
-0.307
0
-0.035
0
0.327
0
-0.225
0
0.056
0
-0.108
0
0.158
0
0.042
0
-0.08
0
-0.094
0
-0.382
0
0.094
0
0.04
0
0.229
0
0.44
0
0.231
0
-0.133
0
-0.451
0
0.041
0
0.19
0
-0.178
0
-0.248
0
-0.399
0
0.322
0
0.111
0
-0.17
0
0


-1.963
0
-0.00799999
1
2.375
1
-2.141
0
-0.07
0
0.247
1
-0.592
0
0.036
1
-1.156
0
0.156
1
-0.278
0
0.242
0
-0.045
1
-2.567
0
0.472
0
-0.06
0
-0.377
0
-0.268
0
-0.416
0
-0.083
0
-0.265
0
-0.00600001
1
0.915
0
0.363
1
-8.749
0
-0.37
0
-0.239
0
-0.172
0
-1.963
0.146
0
0.436
0
0.06
0
0.443
0
0.391
0
-0.018
0
0.26
0
-0.44
0
0.311
0
0.015
0
-0.443
1
-0.102
0
0.044
0
0.156
0
-0.259
1
-5.455
0
0.32
0
0.244
0
-0.223
0
0.47
1
-0.39
0
-0.085
0
0.268
0
0.279
0
0.221
0
0.303
0
0.399
0
0.42
0
0.146
-1.509
0
0.394
0
0.041
1
-4.007
0
0.056
0
0.137
0
0.073
0
0.465
1
-7.252
0
-0.054
0
0.301
0
-0.257
0
0.025
0
-0.026
1
-4.787
0
-0.319
0
0.454
0
0.311
0
-0.407
0
0.228
0
-0.15
1
3.46
0
-0.307
0
0.499
0
-0.271
0
0.035
0
0.057
0
0.148
0
-1.509
6.291
0
-4.329
0
0.042
1
-0.647
0
0.073
0
-0.126
0
-0.059
0
0.369
0
-0.163
0
-0.061
0
-0.193
0
-0.3
0
-0.348
0
-0.058
0
0.36
1
1.712
0
-0.2
0
0.458
0
-0.188
0
0.041
1
-4.366
0
-0.189
0
0.307
0
0.137
0
-0.493
0
0.148
0
-0.135
1
-3.445
1
6.291
4.53
0
-0.197
0
0.044
1
-1.023
0
-0.223
0
-0.19
0
-0.257
0
-0.075
0
-0.119
0
0.494
1
0.283
0
-0.106
0
0.294
0
0.034
1
0.45
0
-0.217
0
0.233
1
0.158
0
-0.466
0
-0.023
0
0.269
1
3.581
0
-0.384
0
-0.273
0
-0.026
0
0.365
0
0.476
0
0.1
0
4.53
-0.329
0
0.357
0
0.088
0
0.425
0
0.334
0
0.483
0
-0.057
0
-0.144
0
-0.085
0
0.218
0
0.219
0
0.407
1
1.78814e-07
0
-0.17
0
-1.016
0
-0.331
0
0.283
1
-2.449
0
-0.326
0
-0.191
0
-0.192
0
0.391
0
0.142
0
0.198
0
-0.472
0
-0.47
0
0.076
0
-0.331
0
-0.329
3.059
0
-0.153
0
-0.1
0
-0.39
1
-0.575
0
0.069
0
-0.386
0
-0.446
0
0.403
0
0.421
0
0.436
0
0.357
0
0.182
0
-0.449
0
-0.406
0
-0.422
0
-0.079
0
-0.415
0
-0.276
0
0.225
1
-3.187
0
-0.058
0
0.026
0
0.048
1
0.759
0
-0.279
0
-0.286
1
-2.939
1
3.059
0
0
-0.251
0
0.408
0
0.383
0
0.156
0
0.166
0
-0.492
0
0.442
0
0.306
0
0.072
1
5.213
0
0.136
0
-0.142
0
-0.458
0
-0.128
0
-0.198
1
-1.364
0
0.101
0
-0.456
0
-0.171
0
-0.461
0
0.163
0
0.448
0
-0.426
0
0.497
0
0.216
1
-0.421
0
0.274
0
0


-0.48
1
4.277
0
0.182
0
0.288
0
-0.459
0
0.177
1
3.51
0
0.174
0
0.437
0
0.376
1
-0.423
0
0.479
0
-0.178
0
0.00400001
0
-0.408
0
0.431
0
0.393
1
1.124
0
-0.387
0
-0.125
0
0.267
0
0.097
0
0.048
0
-0.188
0
0.311
0
0.424
0
-0.475
1
-2.676
0
-0.48
0.395
0
-0.157
0
-0.118
0
0.212
1
-0.165
0
-0.074
0
0.467
0
0.331
0
-0.439
0
0.009
0
-0.027
0
-0.241
0
-0.135
0
-0.032
1
-3.721
0
0.00800002
0
0.188
0
0.388
0
0.299
0
0.22
0
0.058
1
6.658
0
0.412
0
0.04
0
0.134
0
-0.02
0
-0.217
0
-0.396
0
0.395
-2.113
0
-0.471
0
0.486
0
-0.327
0
0.3
0
-0.328
0
-0.35
0
0.365
0
-0.13
0
-0.253
0
0.401
0
0.196
1
2.765
0
-0.289
0
0.088
0
-0.287
0
-0.479
1
-0.389
0
-0.141
0
0.439
0
-0.052
0
0.188
1
-6.127
0
0.168
0
-0.232
0
-0.09
0
0.224
0
0.425
0
-2.113
0
0
-0.412
0
0.00999999
0
-0.414
0
0.107
0
-0.075
0
-0.278
0
-0.067
0
0.341
0
0.295
0
-0.221
0
-0.337
0
-0.319
1
-0.249
0
-0.263
0
-0.145
0
0.051
0
0.162
0
-0.328
0
0.245
0
0.395
0
-0.185
0
0.471
0
0.184
0
0.017
0
-0.152
0
-0.00799999
0
-0.372
0
0
-2.143
0
-0.23
0
-0.233
0
0.242
0
-0.343
0
-0.272
1
-0.927
0
0.434
0
-0.383
1
7.512
0
-0.018
0
0.364
0
0.154
0
-0.427
1
-0.188
0
-0.156
0
0.307
1
1.634
0
0.437
0
-0.47
0
0.028
0
0.023
1
5.046
0
0.062
1
-0.187
0
0.282
0
-0.104
0
-0.421
0
-2.143
0.062
0
-0.387
0
-0.394
0
0.00400001
0
-0.12
0
0.236
1
1.237
0
-0.254
0
0.017
0
0.411
1
0.771
0
0.474
0
-0.109
0
0.038
0
-0.149
1
0.981
0
-0.483
0
0.227
0
0.373
0
-0.305
0
-0.455
0
-0.035
0
-0.373
0
0.278
0
0.412
0
-0.169
0
0.272
1
0.00200021
0
0.062
-5.464
0
-0.159
0
-0.443
0
-0.286
0
0.291
1
-1.367
0
-0.386
0
-0.011
0
0.344
0
-0.233
0
0.104
0
-0.211
0
0.401
0
-0.191
1
-0.071
0
0.372
0
-0.417
0
-0.142
0
0.268
1
-1.214
0
0.206
0
0.123
0
0.234
0
0.204
0
-0.282
0
0.391
0
-0.415
0
0.089
1
-5.464
-2.859
0
0.06
1
0.11
0
-0.222
0
-0.356
1
-1.274
0
0.348
1
-0.244
0
-0.163
0
0.06
0
0.472
0
0.313
1
-0.109
0
0.29
0
0.324
0
0.358
0
-0.039
0
-0.491
0
0.461
0
0.215
0
-0.221
0
0.026
0
0.085
1
-1.191
0
-0.257
0
0.101
0
0.321
0
0.098
0
-2.859


0
0
-0.456
0
-0.28
0
0.345
0
0.236
0
-0.259
0
0.104
1
-1.576
0
0.451
0
0.223
0
-0.099
0
-0.194
0
0.201
0
0.072
0
0.452
0
-0.384
0
-0.155
1
0.547
0
-0.125
0
-0.376
0
0.459
1
0.145
0
0.361
1
0.833
0
-0.264
0
-0.296
0
-0.45
0
-0.162
0
0


0
0
-0.3
0
-0.244
0
0.248
0
0.431
0
-0.327
0
-0.024
0
0.163
0
-0.243
0
-0.194
0
-0.034
0
-0.452
0
-0.166
0
-0.309
0
0.005
0
-0.218
0
-0.046
0
-0.46
0
-0.121
0
-0.163
0
0.213
0
-0.113
0
-0.419
0
-0.41
0
-0.041
0
-0.171
0
-0.028
0
-0.383
0
0
0
0
0.334
0
-0.442
0
-0.493
0
0.428
0
0.099
0
0.495
0
0.165
0
0.064
0
-0.038
0
-0.454
0
0.154
0
0.343
0
0.227
0
0.00300002
0
-0.48
0
0.274
0
0.279
0
-0.297
0
-0.309
0
-0.416
0
-0.206
0
-0.117
0
-0.449
0
-0.375
0
-0.489
0
0.494
0
-0.495
0
0
0
0
-0.132
0
0.129
0
-0.074
0
-0.464
0
0.301
0
-0.277
0
-0.114
0
-0.469
0
0.013
0
0.174
0
0.383
0
0.141
0
-0.203
0
-0.309
0
0.388
0
0.178
0
-0.029
0
-0.318
0
-0.318
0
-0.013
0
0.349
0
0.386
0
0.347
0
-0.456
0
0.283
0
0.464
0
0.254
0
0
0
0
0.243
0
0.258
0
0.099
0
0.387
0
0.197
0
-0.293
0
-0.207
0
0.005
0
-0.172
0
-0.173
0
0.219
0
-0.206
0
-0.183
0
0.045
0
-0.383
0
0.172
0
0.096
0
-0.282
0
0.451
0
0.212
0
0.466
0
-0.395
0
0.259
0
0.226
0
-0.048
0
-0.484
0
-0.045
0
0
0
0
-0.145
0
-0.246
0
0.046
0
0.229
0
0.437
0
0.425
0
-0.416
0
0.386
0
0.133
0
-0.302
0
0.32
0
-0.321
0
-0.357
0
0.107
0
-0.41
0
-0.113
0
-0.438
0
-0.417
0
-0.392
0
0.217
0
-0.02
0
-0.242
0
0.318
0
0.054
0
0.216
0
0.455
0
-0.18
0
0
0
0
0.395
0
-0.067
0
-0.409
0
0.299
0
-0.173
0
0.102
0
0.102
0
-0.176
0
-0.404
0
0.234
0
0.095
0
-0.108
0
0.306
0
-0.196
0
0.252
0
-0.099
0
0.219
0
0.057
0
0.216
0
0.167
0
-0.234
0
0.023
0
0.485
0
-0.000999987
0
-0.412
0
-0.287
0
0.063
0
0
0
0
-0.467
0
0.171
0
0.402
0
-0.458
0
-0.041
0
0.397
0
-0.285
0
-0.358
0
0.055
0
-0.376
0
0.101
0
-0.322
0
0.176
0
0.23
0
0.000999987
0
-0.167
0
0.235
0
0.106
0
0.041
0
0.124
0
0.38
0
-0.164
0
-0.348
0
-0.017
0
-0.214
0
-0.00999999
0
0.238
0
0
0
0
-0.083
0
0.012
0
0.479
0
0.283
0
0.25
0
-0.465
0
-0.146
0
-0.18
0
-0.199
0
-0.209
0
0.166
0
-0.273
0
-0.327
0
-0.487
0
-0.258
0
0.084
0
-0.339
0
-0.036
0
-0.344
0
0.139
0
-0.309
0
0.448
0
0.237
0
-0.123
0
0.051
0
0.296
0
0.28
0
0
0
0
0.034
0
0.398
0
0.066
0
0.24
0
-0.027
0
0.365
0
-0.096
0
-0.258
0
-0.094
0
-0.134
0
-0.132
0
0.172
0
-0.066
0
-0.241
0
-0.304
0
-0.214
0
0.023
0
-0.059
0
0.229
0
0.301
0
0.076
0
-0.386
0
-0.042
0
-0.427
0
-0.158
0
0.447
0
-0.067
0
0
0
0
-0.365
0
0.373
0
0.122
0
-0.333
0
0.147
0
0.033
0
-0.073
0
-0.057
0
-0.019
0
0.211
0
-0.072
0
-0.292
0
0.427
0
0.287
0
0.454
0
-0.119
0
0.478
0
-0.016
0
-0.453
0
0.461
0
0.434
0
0.483
0
0.262
0
0.122
0
-0.293
0
0.347
0
-0.327
0
0


3.331
0
0.236
0
0.465
0
-0.315
0
0.19
0
0.311
0
-0.268
0
-0.224
0
-0.249
0
-0.166
0
-0.347
0
0.302
0
0.176
0
-0.013
0
0.432
0
-0.053
0
-0.145
0
0.448
0
-0.058
1
0.337
0
-0.441
0
0.149
0
0.031
0
-0.255
1
2.439
0
0.00599998
1
-1.362
0
-0.021
0
3.331
0.479
0
-0.000999987
0
-0.224
0
0.389
0
0.163
0
0.246
1
-2.504
0
0.07
0
0.154
0
-0.028
0
-0.041
0
-0.346
0
0.374
0
-0.383
0
0.449
0
-0.491
1
4.112
0
0.235
0
-0.127
0
0.384
0
0.462
0
-0.116
0
0.049
0
0.135
0
-0.064
0
0.487
0
0.048
0
0.441
0
0.479
0
0
0.025
0
0.086
0
0.101
0
0.143
0
0.0999999
1
-0.147
0
0.106
0
-0.208
0
0.391
0
0.488
0
-0.000999987
0
-0.106
0
-0.202
1
-0.282
0
0.061
0
0.157
0
-0.499
0
-0.234
0
-0.2
0
-0.102
0
-0.374
0
0.443
0
0.097
0
0.412
0
0.257
0
-0.499
0
-0.16
0
0
1.385
0
0.454
0
0.174
0
0.146
0
0.013
0
-0.152
0
-0.254
1
4.184
0
-0.213
1
-3.019
1
-1.811
1
1.845
0
-0.025
0
0.364
0
-0.491
0
-0.301
0
-0.418
0
-0.47
0
0.263
0
0.288
1
-0.47
0
0.459
0
0.108
0
0.414
1
0.445
0
0.43
0
0.04
0
-0.173
0
1.385
-1.575
1
0.524
1
1.243
0
0.257
1
-0.616
0
-0.312
0
-0.444
0
0.094
0
0.49
1
-8.538
0
-0.175
0
-0.089
1
8.672
0
0.204
0
-0.068
0
-0.313
0
-0.166
0
-0.298
0
-0.469
0
0.373
0
-0.473
0
-0.381
0
0.355
1
0.919
0
0.315
0
0.012
0
-0.122
0
-0.302
0
-1.575
-5.018
0
-0.368
1
-0.182
0
0.307
0
-0.213
0
0.479
0
-0.404
0
0.242
1
-2.116
0
0.305
0
0.116
0
-0.5
0
-0.404
0
-0.141
0
0.2
0
-0.105
0
-0.49
0
-0.385
1
0.022
0
0.25
0
0.48
0
-0.131
1
-2.722
1
0.107
0
0.203
0
0.421
1
1.047
1
0.623
0
-5.018
-1.909
0
-0.478
0
-0.39
0
-0.756
1
-0.137
0
-0.351
0
1.855
0
-0.389
0
0.031
0
-0.104
1
4.654
0
-0.223
0
0.066
0
-3.785
0
0.153
0
-0.3
0
0.185
0
0.217
0
0.153
0
-0.31
0
0.19
0
-0.306
0
-0.467
0
0.341
1
2.779
0
0.098
0
0.345
0
0.321
1
-1.909
-0.0680001
0
-0.023
0
0.00800002
0
-0.315
0
-0.077
0
-0.337
0
-0.083
0
-0.022
0
-0.168
0
0.49
0
-0.387
0
0.154
1
2.537
1
0.354
0
0.112
0
-0.241
0
0.176
0
0.208
0
-0.45
0
0.04
0
-0.05
1
-2.517
0
0.484
1
-3.576
0
0.073
0
-0.127
0
0.401
0
-0.295
0
-0.0680001


-0.176
0
-0.158
0
-0.16
0
0.124
0
-0.218
0
-0.285
0
0.259
1
-9.106
0
-0.313
0
-0.032
0
0.482
0
0.44
0
-0.114
0
-0.125
0
-0.302
1
-1.729
0
-0.131
0
-0.187
1
1.308
0
0.247
0
0.354
0
0.466
1
1.542
0
-0.126
0
-0.322
0
0.256
0
0.072
1
-1.7
0
-0.176
-3.632
0
-0.03
0
-0.12
1
4.665
0
-0.438
0
-0.023
0
0.456
1
3.379
0
-0.445
1
0.107
0
-0.322
0
-0.04
0
0.095
0
-0.485
0
0.107
0
-0.288
0
-0.442
0
-0.392
1
-0.46
0
-0.347
0
-0.398
0
0.083
1
-3.669
0
-0.236
0
-0.378
0
0.263
0
0.125
1
-3.98
0
-3.632
-0.413
0
-0.398
0
-0.009
0
-0.00600001
0
-0.185
0
-0.03
0
0.32
0
0.445
1
0.217
0
0.381
0
0.156
0
-0.17
0
-0.379
0
-0.169
0
0.178
0
-0.292
0
0.278
0
0.034
0
0.025
0
0.455
1
-1.346
0
-0.188
0
-0.121
0
-0.299
1
4.414
0
0.267
0
0.47
1
0.418
0
-0.413
-0.0469999
0
-0.396
0
-0.204
0
0.087
1
-0.34
1
1.165
1
6.288
0
-0.011
0
-0.3
0
-0.009
1
-0.0749997
0
0.281
0
0.236
0
0.486
0
0.037
0
0.017
0
0.418
0
1.994
1
-0.126
0
-0.31
0
-0.348
0
-0.441
0
0.246
0
0.199
0
0.281
0
0.037
1
0.07
1
-0.769
0
-0.0469999
-0.192
0
0.142
1
0.169
1
9.566
0
0.298
0
0.154
0
-0.293
0
0.344
1
-5.348
0
-0.173
0
2.414
1
4.137
1
-0.681
0
-0.109
0
0.377
0
-0.253
1
3.091
0
0.023
0
0.153
1
-7.845
0
-0.287
0
-0.388
1
-2.546
0
0.481
0
0.036
0
0.195
0
0.433
0
0.083
0
-0.192
-0.351
0
-0.445
0
0.156
1
-2.338
0
0.434
0
0.00599998
0
-0.325
0
-0.274
0
0.194
0
-0.284
1
-0.641
0
0.053
1
-3.579
1
-6.749
1
-2.231
0
-0.014
0
-0.386
0
0.272
0
0.34
0
0.18
0
0.222
0
0.086
1
-0.442
0
-0.186
0
-0.297
0
0.263
0
-0.19
0
0.158
1
-0.351
2.318
0
-0.104
0
0.329
0
-0.465
1
1.22
1
0.253
1
3.756
1
-1.935
0
-0.148
0
0.023
0
-0.041
0
-0.181
0
-0.173
0
-0.109
0
-0.091
0
-0.0029996
1
-0.767
0
0.395
0
-0.385
1
-0.896
0
-0.009
1
-0.099
0
0.066
0
0.488
0
0.279
0
0.394
0
-0.108
0
0.415
0
2.318
0.228
1
-0.043
0
0.005
0
-0.355
0
0.443
0
4.448
0
0.264
0
0.255
0
0.174
0
0.422
0
0.226
0
0.164
0
0.084
0
-2.33
0
-0.081
0
0.267
1
-5.824
0
0.258
1
-2.419
0
0.469
0
0.145
0
-0.402
0
0.167
0
0.135
0
0.362
0
-0.359
0
0.487
0
-0.394
0
0.228


-1.791
0
0.438
0
0.058
0
-0.153
0
-0.292
0
-0.164
0
-0.024
0
0.47
0
0.398
0
0.227
0
0.068
0
0.064
0
0.479
0
0.297
1
-3.172
0
-0.144
1
1.751
0
-0.084
0
-0.204
1
-0.511
0
-0.377
0
-0.485
0
-0.244
1
-1.722
0
0.029
1
-0.296
1
0.496
0
-0.435
0
-1.791


0
0
0.02
0
-0.432
0
0.357
0
0.478
0
-0.106
0
0.425
0
-0.247
0
0.362
0
-0.33
0
-0.171
0
-0.354
0
0.153
0
0.018
0
0.029
0
-0.021
0
0.398
0
-0.311
0
-0.21
0
0.298
0
0.225
0
-0.324
0
-0.35
0
0.392
0
0.233
0
0.452
0
0.033
0
0.265
0
0
0
0
-0.5
0
-0.274
0
-0.263
0
0.028
0
0.011
0
-0.00799999
0
-0.379
0
-0.363
0
0.103
0
0.178
0
-0.231
0
-0.151
0
0.258
0
0.074
0
-0.329
0
-0.379
0
-0.21
0
-0.296
0
-0.441
0
0.398
0
0.172
0
-0.15
0
0.032
0
0.34
0
-0.098
0
0.159
0
-0.114
0
0
0
0
-0.046
0
-0.067
0
-0.493
0
-0.207
0
-0.15
0
0.421
0
0.471
0
0.046
0
0.176
0
-0.314
0
-0.32
0
-0.469
0
-0.432
0
-0.21
0
-0.44
0
0.107
0
-0.036
0
-0.359
0
-0.058
0
-0.368
0
-0.435
0
0.184
0
-0.439
0
0.023
0
0.107
0
-0.307
0
-0.245
0
0
0
0
-0.386
0
-0.436
0
-0.061
0
0.271
0
0.2
0
0.297
0
-0.318
0
-0.19
0
0.101
0
0.181
0
0.443
0
-0.363
0
0.449
0
0.35
0
0.222
0
0.117
0
-0.03
0
-0.245
0
-0.362
0
0.021
0
0.23
0
0.061
0
-0.494
0
-0.102
0
0.458
0
-0.253
0
-0.009
0
0
0
0
0.178
0
0.3
0
0.361
0
-0.104
0
-0.172
0
-0.025
0
-0.178
0
-0.486
0
0.313
0
0.342
0
-0.034
0
-0.182
0
-0.468
0
0.033
0
0.07
0
0.478
0
0.368
0
0.134
0
-0.097
0
-0.204
0
-0.23
0
0.412
0
-0.011
0
-0.297
0
0.216
0
-0.188
0
0.159
0
0
0
0
0.092
0
-0.216
0
0.216
0
0.096
0
0.367
0
0.421
0
-0.076
0
-0.443
0
-0.422
0
0.489
0
0.268
0
0.178
0
0.399
0
0.102
0
0.484
0
-0.322
0
-0.057
0
-0.324
0
0.364
0
-0.083
0
-0.324
0
0.358
0
-0.371
0
0.414
0
0.053
0
0.115
0
0.276
0
0
0
0
0.155
0
0.263
0
-0.376
0
0.407
0
-0.396
0
0.03
0
-0.378
0
-0.373
0
-0.061
0
-0.236
0
-0.018
0
0.476
0
-0.418
0
-0.195
0
0.141
0
-0.00400001
0
-0.415
0
0.418
0
-0.382
0
0.207
0
0.159
0
-0.045
0
0.341
0
0.24
0
-0.196
0
0.469
0
0.11
0
0
0
0
-0.276
0
-0.385
0
-0.296
0
-0.416
0
0.434
0
0.013
0
-0.154
0
-0.072
0
-0.471
0
-0.134
0
0.313
0
-0.125
0
0.349
0
0.183
0
-0.076
0
0.222
0
0.334
0
0.449
0
0.421
0
-0.096
0
0.349
0
0.129
0
0.384
0
0.191
0
-0.34
0
0.448
0
0.131
0
0
0
0
0.29
0
-0.191
0
-0.323
0
-0.384
0
-0.485
0
-0.062
0
-0.044
0
-0.466
0
0.119
0
0.154
0
0.413
0
0.098
0
0.03
0
-0.359
0
-0.388
0
-0.438
0
0.249
0
0.316
0
0.496
0
0.014
0
0.206
0
-0.285
0
-0.101
0
-0.124
0
0.298
0
0.17
0
-0.052
0
0
0
0
0.171
0
0.473
0
-0.025
0
0.467
0
0.403
0
0.056
0
-0.225
0
-0.469
0
0.364
0
0.208
0
0.019
0
-0.464
0
-0.324
0
-0.245
0
-0.32
0
0.314
0
-0.028
0
0.119
0
-0.079
0
-0.422
0
-0.429
0
0.462
0
-0.202
0
-0.02
0
-0.404
0
0.066
0
-0.456
0
0


1.813
0
-0.242
1
-2.945
0
-0.287
0
0.13
0
-0.00600001
1
0.303
0
-0.114
1
0.019
0
-0.047
1
-0.62
0
0.303
0
-0.145
0
-0.025
0
-0.348
1
-0.434
0
0.291
0
-9.329
0
-0.323
0
-0.316
0
0.274
0
0.07
0
0.029
0
-0.468
0
0.231
0
-0.194
0
0.325
0
-0.465
0
1.813
-0.442
0
-0.181
0
0.191
0
-0.458
0
-0.497
1
-0.446
0
-0.176
0
-0.471
0
0.203
0
-0.046
1
1.552
0
-0.162
0
-0.496
0
0.105
0
0.069
0
0.345
0
0.741
0
-0.102
1
-2.445
0
0.145
0
-0.411
0
-0.00299999
0
-0.328
0
-0.342
0
0.477
0
-0.209
0
0.072
0
0.187
0
-0.442
1.559
0
-0.026
0
-0.435
0
-0.08
0
-0.446
0
-0.083
1
0.014
1
1.644
0
0.392
0
-0.286
0
-0.323
0
-0.399
1
4.229
0
0.225
0
0.014
1
-0.382
0
-0.065
0
-0.192
0
0.392
1
1.735
0
-0.147
0
-0.196
0
-0.498
0
0.36
0
1.164
0
0.163
0
0.331
1
-2.61
0
1.559
0.631
0
-0.455
1
-0.362
0
-0.414
0
0.024
1
1.5
1
-3.34
0
-0.342
0
0.306
0
0.193
1
-1.562
0
-0.209
0
0.136
0
0.044
0
-0.429
0
-0.17
0
-0.232
0
-0.413
0
-0.486
0
-0.216
0
-0.478
0
0.118
1
0.988
0
0.123
0
0.148
1
-6.344
0
-0.345
0
0.374
0
0.631
-0.0109999
0
0.435
0
-0.168
0
0.263
0
0.322
0
-0.39
0
-0.056
0
-0.272
0
-0.037
0
0.256
0
0.472
0
0.343
0
-0.074
0
-0.265
0
-0.185
0
-0.276
1
-4.751
0
-0.201
1
-0.994
0
0.461
0
-0.445
0
-0.307
0
-0.43
0
-0.349
0
-0.398
0
-0.131
0
0.44
0
-0.07
0
-0.0109999
-0.0150001
0
-0.00999999
0
0.00999999
0
-0.213
0
-0.076
0
-0.435
1
0.487
0
0.062
0
-0.326
0
0.221
0
0.369
0
0.38
1
1.521
0
-0.198
0
0.042
0
-0.217
1
4.569
0
0.162
0
-0.175
0
-0.218
0
-0.25
0
-0.253
0
-0.27
0
0.155
1
5.52
0
-0.332
0
0.023
0
-0.246
0
-0.0150001
-6.242
0
-0.108
0
0.34
0
0.382
0
-0.164
0
0.198
1
6.445
1
2.577
0
0.033
0
0.477
0
-0.29
0
-0.173
0
-0.439
0
0.065
0
-0.065
0
0.197
0
-0.461
1
-2.044
0
-0.221
1
-1.454
0
0.477
0
0.14
0
0.393
0
-0.378
1
-0.449
0
0.356
0
-0.321
0
-0.271
0
-6.242
0.147
0
0.273
0
-0.159
0
-0.39
0
0.493
0
-0.484
0
0.00800002
0
-0.257
0
-0.447
0
-0.11
0
0.454
0
0.243
0
0.427
0
0.271
0
-0.439
0
-0.411
0
0.099
0
-1.666
0
-0.321
0
-0.268
1
2.632
0
0.345
1
-0.142999
0
-0.422
0
0.314
0
-0.064
0
-0.141
0
-0.031
0
0.147


-5.323
0
0.161
0
0.293
0
0.429
0
-0.314
0
-0.26
0
0.482
0
-0.359
0
-0.15
0
-0.46
0
-0.225
0
0.149
0
0.362
0
-0.368
0
0.364
1
1.531
0
0.016
0
-0.139
0
-0.456
0
0.479
0
-0.398
0
-0.028
0
0.125
0
-0.194
1
-2.539
0
-0.465
1
-0.628
1
-3.334
1
-5.323
-1.724
0
-0.18
0
0.044
0
-0.412
1
4.07
0
0.374
0
-0.051
0
0.481
0
-0.188
0
0.247
0
-0.064
0
-0.424
0
0.173
0
0.389
0
0.273
0
-0.031
1
0.844
0
-0.357
0
0.158
0
-0.117
1
-2.789
0
0.362
0
0.357
0
0.387
0
0.043
0
0.00700003
0
-0.498
0
-0.242
0
-1.724
-1.066
0
0.18
0
0.08
0
-0.062
0
0.217
0
-0.158
1
0.454
1
0.59
0
0.347
1
3.228
0
-0.271
0
-0.037
0
0.08
0
0.275
0
-0.036
0
0.049
0
-0.032
1
0.007
0
0.16
0
0.494
0
0.336
1
2.918
0
-0.386
0
-0.323
0
0.139
0
-0.363
0
-0.267
0
-0.196
1
-1.066
-0.93
1
-4.269
1
-0.5
0
-0.168
0
0.343
0
0.114
0
-0.132
0
-0.00799999
0
0.128
0
-0.396
0
0.018
0
0.00300002
0
-0.201
0
0.159
1
-2.196
0
0.469
0
-0.152
0
0.023
0
-0.263
0
0.128
1
1.777
0
0.271
0
0.442
0
-0.453
1
0.486
0
0.154
1
1.459
0
0.132
0
-0.93
0
1
2.986
0
-0.197
0
-0.358
0
0.054
0
-0.491
0
0.185
0
-0.154
0
0.176
1
2.497
0
-0.478
0
0.272
0
0.04
0
0.281
0
0.367
0
0.297
0
0.315
0
-0.306
0
0.214
1
-3.55
0
-0.039
0
-0.325
0
0.109
0
0.18
1
1.614
0
0.054
0
-0.307
0
-0.123
0
0
0
0
-0.172
0
-0.045
0
0.239
0
0.263
0
0.086
0
-0.025
0
1.752
0
0.00800002
0
0.021
0
0.313
0
0.282
1
-2.304
0
-0.274
0
0.401
0
0.192
0
-0.463
1
2.46
0
0.186
0
0.165
0
0.353
1
0.267
0
-0.085
0
-0.206
0
-0.094
0
-0.152
0
0.4
1
-5.732
1
0
-0.937
0
-0.239
0
0.26
0
0.284
1
-1.025
0
0.346
0
0.031
0
0.448
0
-0.015
1
-3.556
0
-0.351
0
-0.46
0
-0.111
0
0.12
0
-0.201
1
-5.673
0
0.068
0
-0.221
1
-5.907
0
0.402
0
0.271
0
0.088
0
0.493
1
-0.675
0
-0.074
0
0.026
1
5.359
0
0.34
0
-0.937
0.364
0
-0.093
0
0.448
0
-0.133
0
0.051
0
-0.301
1
4.064
0
-0.454
0
-0.462
0
-0.351
0
-0.236
0
-0.42
0
0.429
0
0.467
0
0.239
0
-0.033
0
0.323
0
0.217
1
-3.515
0
-0.14
0
-0.266
0
0.127
1
4.254
0
-0.035
0
0.076
0
-0.493
0
2.479
0
-0.252
0
0.364


0
0
-0.338
0
-0.163
0
0.167
0
-0.358
0
-0.211
0
0.204
0
-0.056
1
2.16
0
-0.381
0
-0.27
1
-0.182
1
0.016
0
0.356
1
1.553
0
0.162
0
-0.327
0
-0.431
1
0.032
0
-0.064
0
-0.188
0
0.155
0
-0.358
0
0.141
0
-0.455
0
0.423
0
0.432
0
0.268
0
0


0
0
-0.26
0
-0.411
0
0.403
0
-0.338
0
-0.098
0
-0.328
0
0.092
0
0.442
0
0.472
0
-0.069
0
0.00199997
0
-0.295
0
-0.072
0
0.119
0
-0.221
0
-0.351
0
0.081
0
0.41
0
0.46
0
0.009
0
-0.024
0
-0.445
0
-0.112
0
0.049
0
-0.407
0
0.278
0
0.153
0
0
0
0
-0.062
0
0.318
0
0.491
0
-0.472
0
-0.359
0
0.397
0
0.156
0
-0.127
0
-0.48
0
0.019
0
-0.469
0
0.37
0
-0.496
0
-0.19
0
-0.217
0
0.066
0
-0.156
0
0.474
0
-0.079
0
-0.186
0
0.173
0
0.068
0
0.2
0
-0.29
0
0.066
0
-0.262
0
0.096
0
0
0
0
0.299
0
0.052
0
-0.46
0
-0.481
0
0.11
0
-0.142
0
0.432
0
0.221
0
-0.036
0
0.319
0
-0.243
0
-0.304
0
0.059
0
-0.254
0
0.033
0
-0.257
0
-0.328
0
0.021
0
-0.146
0
0.236
0
0.165
0
0.449
0
0.042
0
0.266
0
-0.141
0
-0.295
0
-0.391
0
0
0
0
0.066
0
-0.255
0
0.205
0
0.19
0
0.257
0
-0.436
0
0.259
0
-0.324
0
0.317
0
0.187
0
-0.153
0
-0.338
0
0.359
0
0.208
0
0.281
0
0.019
0
-0.144
0
-0.115
0
-0.362
0
0.035
0
0.106
0
0.115
0
-0.059
0
-0.047
0
-0.495
0
-0.234
0
-0.117
0
0
0
0
-0.449
0
-0.42
0
-0.411
0
0.229
0
-0.094
0
-0.389
0
0.251
0
0.48
0
0.41
0
0.052
0
-0.175
0
-0.203
0
0.057
0
0.312
0
-0.388
0
0.485
0
0.404
0
-0.456
0
-0.42
0
-0.06
0
0.109
0
0.454
0
0.3
0
-0.042
0
-0.341
0
-0.432
0
0.12
0
0
0
0
0.414
0
-0.464
0
0.326
0
-0.294
0
0.055
0
0.485
0
-0.293
0
-0.18
0
-0.346
0
-0.07
0
0.339
0
-0.275
0
-0.389
0
0.309
0
0.073
0
-0.022
0
0.143
0
-0.115
0
0.064
0
0.431
0
0.344
0
0.365
0
-0.378
0
-0.437
0
0.422
0
-0.038
0
-0.415
0
0
0
0
-0.414
0
0.299
0
0.466
0
-0.244
0
-0.362
0
-0.126
0
0.153
0
-0.067
0
-0.438
0
0.396
0
-0.08
0
0.319
0
-0.302
0
-0.159
0
0.143
0
0.304
0
-0.017
0
0.233
0
-0.123
0
-0.394
0
-0.118
0
0.088
0
0.363
0
0.424
0
-0.361
0
0.302
0
-0.37
0
0
0
0
-0.468
0
0.065
0
0.028
0
-0.321
0
-0.324
0
0.138
0
-0.459
0
-0.412
0
0.208
0
0.419
0
0.288
0
-0.365
0
-0.266
0
0.076
0
0.092
0
0.283
0
0.459
0
0.439
0
-0.382
0
-0.121
0
-0.091
0
-0.411
0
0.467
0
0.258
0
0.317
0
0.487
0
0.343
0
0
0
0
0.294
0
0.034
0
-0.169
0
0.43
0
-0.449
0
-0.164
0
0.366
0
-0.37
0
-0.302
0
-0.327
0
-0.295
0
0.4
0
-0.446
0
0.238
0
-0.071
0
0.243
0
-0.078
0
0.197
0
-0.025
0
0.056
0
0.445
0
-0.141
0
-0.097
0
-0.258
0
0.00700003
0
0.464
0
-0.306
0
0
0
0
-0.146
0
-0.163
0
-0.27
0
0.14
0
0.125
0
-0.386
0
0.144
0
-0.129
0
-0.089
0
0.255
0
-0.00799999
0
-0.392
0
0.256
0
0.029
0
0.144
0
-0.019
0
0.328
0
0.075
0
-0.013
0
-0.311
0
-0.172
0
-0.221
0
-0.272
0
0.369
0
-0.479
0
0.132
0
-0.245
0
0


1.627
0
0.4
0
0.441
0
-0.07
0
-0.31
0
0.153
0
-0.285
1
3.826
0
0.203
0
0.174
0
0.414
0
-0.299
0
0.113
0
0.005
0
-0.343
0
-0.424
1
4.161
1
-0.128
0
0.401
0
-0.318
0
-0.13
0
-0.094
0
0.157
1
-2.718
0
0.284
0
-0.486
0
0.476
0
-0.14
0
1.627
-1.162
0
-0.204
0
-0.057
0
0.196
0
-0.238
0
-0.057
0
0.021
0
-0.017
0
0.105
0
0.166
0
-0.086
0
0.306
0
0.152
0
-0.295
1
1.761
0
0.421
0
0.128
0
-0.244
0
0.369
0
-0.125
0
-0.473
0
-0.257
1
-0.387
0
0.065
1
-5.266
0
-0.394
0
0.317
0
0.086
0
-1.162
1.198
0
-0.285
0
0.116
0
-0.057
0
0.014
0
0.057
0
0.324
0
-0.468
0
0.15
0
-0.446
0
0.308
0
0.394
1
-3.806
0
0.314
1
4.48
0
-0.016
0
-0.48
0
0.3
0
0.46
0
0.016
0
-0.378
0
-0.108
0
0.235
0
0.365
1
-5.6
0
0.282
0
0.472
0
0.314
0
1.198
-2.225
0
0.197
0
0.388
0
0.369
0
-0.347
0
-0.376
0
0.278
0
-0.421
0
-0.259
1
1.656
0
-0.348
0
0.00700003
0
-0.019
0
0.071
1
5.195
0
-0.403
0
0.05
1
-2.776
1
-1.299
0
-0.195
1
-11.943
1
-1.762
0
-0.197
0
-0.284
0
-0.073
0
0.274
0
-0.444
1
1.534
0
-2.225
-4.548
0
0.122
0
-0.164
0
-0.121
0
-0.471
0
-0.37
0
0.308
0
-0.012
0
-0.094
0
-0.089
0
-0.452
0
-0.102
0
0.442
0
0.358
1
-2.08
0
-0.031
0
0.383
0
0.389
0
0.154
0
-0.47
0
-0.191
0
3.329
0
0.402
0
0.075
0
0.146
0
-0.202
0
-0.304
0
-0.132
0
-4.548
-0.27
0
0.051
0
-0.007
0
0.028
0
-0.398
0
0.271
1
2.235
0
-0.155
0
-0.485
0
-3.057
0
-0.266
0
-0.035
0
0.135
0
0.297
0
0.222
0
0.16
0
0.067
0
-0.466
0
-0.015
0
0.359
0
0.276
0
-0.257
0
-0.156
0
-0.205
1
-4.037
0
-0.168
0
-0.074
1
-4.617
0
-0.27
-1.4
0
-0.359
0
-0.401
0
0.478
0
-0.4
0
-0.013
1
-2.948
0
0.075
0
-0.239
1
-0.339
0
-0.296
0
-0.44
0
0.241
0
0.252
0
-0.405
0
-0.487
0
-0.409
0
0.35
0
-0.465
0
-0.396
0
-0.401
0
0.103
0
0.277
0
-0.016
0
-0.072
0
-0.027
0
0.145
0
0.037
0
-1.4
2.454
1
-4.164
1
-9.46
0
0.462
0
-0.089
0
0.27
0
0.039
0
-0.072
0
-0.081
0
-0.00600001
1
-0.132
0
0.442
0
-0.187
1
-0.473
0
0.415
0
-0.239
0
0.237
0
0.367
0
-0.394
0
-0.362
1
-3.636
0
0.432
0
0.177
0
-0.257
0
-0.029
1
2.251
0
0.265
0
-0.356
1
2.454


-1.214
0
-0.000999987
0
0.074
1
-2.741
0
-0.086
0
0.296
1
-0.435
0
0.462
0
-0.47
0
-0.392
0
-0.255
0
-0.155
0
0.065
0
-0.146
1
-0.393
0
0.079
0
0.053
0
-3.088
0
0.293
0
0.043
0
-0.049
1
0.916
0
0.247
0
-0.274
0
-0.334
0
0.152
0
0.284
0
-0.107
0
-1.214
-3.478
0
0.194
1
7.265
0
0.143
1
1.649
0
-0.273
0
0.15
0
0.083
0
-0.061
0
0.425
0
-0.187
0
0.476
0
0.017
0
0.213
0
0.244
0
-0.253
0
-0.48
0
-0.471
0
0.108
0
-0.434
0
0.408
1
-3.68
0
-0.396
0
0.427
1
-0.276
0
-0.176
0
0.013
0
0.382
0
-3.478
2.741
0
-0.012
0
0.223
0
0.038
0
-0.052
0
0.353
0
0.375
0
-0.188
0
-0.059
0
0.16
0
-0.443
0
0.437
0
0.097
0
-0.011
0
-0.236
0
-0.44
0
-0.062
0
0.414
0
-0.497
0
-0.406
1
-2.062
0
-0.413
0
0.208
1
4.554
0
0.314
0
-0.255
0
-0.484
0
0.361
0
2.741
0.02
0
-4.252
1
-2.1
0
-0.455
0
0.498
0
-0.049
0
0.291
0
-0.359
0
0.061
1
0.637
0
0.222
0
0.442
0
-0.206
0
-0.161
1
0.092
0
-0.297
0
-0.25
1
5.337
0
0.159
0
0.05
0
0.073
0
-0.026
0
-0.348
0
0.317
1
-1.108
0
0.432
0
0.023
0
0.187
0
0.02
-1.807
0
0.455
1
2.539
1
-7.165
0
-0.118
0
0.475
0
0.449
0
0.317
0
0.494
0
-0.363
0
0.073
0
0.344
0
-0.197
0
-0.034
0
-0.128
0
-0.444
0
-0.086
0
-0.318
1
0.498
0
-0.176
0
0.268
0
-0.035
0
0.284
0
-0.00999999
1
-2.041
0
0.047
0
-0.471
0
0.027
0
-1.807
1.056
0
0.071
0
0.359
0
-0.476
0
-0.025
0
0.178
0
-0.354
0
-0.461
0
-0.32
0
-0.185
1
3.785
0
0.372
0
0.083
0
0.107
0
0.194
0
-0.274
0
0.179
0
-0.451
0
0.301
0
-0.363
0
0.366
0
0.034
1
6.986
0
0.38
0
0.291
0
0.2
0
0.125
0
0.051
0
1.056
-3.59
0
0.044
1
1.898
0
0.475
0
0.048
0
0.08
0
0.155
0
-0.183
0
-0.329
0
0.096
0
0.421
0
0.12
1
-2.813
0
0.157
0
-0.096
0
-1.559
1
3.139
0
0.178
0
-0.067
0
0.389
0
-0.149
0
0.239
0
-0.495
0
0.313
0
0.463
0
0.183
1
-3.016
0
-0.392
1
-3.59
-1.836
0
-0.095
1
3.523
1
-5.773
0
-0.377
0
-0.152
0
-0.093
1
-1.71
0
-0.196
0
0.054
0
0.19
0
0.118
0
0.199
1
-0.963
1
-4.688
0
-0.395
0
0.265
0
-0.109
0
-0.365
0
-0.486
0
-0.238
0
0.079
1
2.379
0
-0.239
0
0.437
0
-0.346
0
0.00199997
0
-0.231
0
-1.836


0.939
1
0.171
0
0.167
0
0.429
1
-0.615
1
-4.331
0
0.257
0
0.497
0
0.425
0
0.348
0
-0.124
0
0.158
0
0.039
0
0.466
0
0.005
0
-0.074
0
0.393
0
-0.335
0
-0.005
0
0.471
0
-0.451
0
0.399
0
-0.285
0
0.42
0
-0.183
0
-0.321
0
0.311
0
0.427
0
0.939
