

0
0
-0.11
0
-0.279
0
0.98
0
-0.305
0
0.824
0
-0.576
0
-0.323
0
-0.744
0
-0.509
0
0.303
0
-0.223
0
0.619
0
-0.889
0
0.233
0
-0.716
0
0.0319999
0
-0.85
0
-0.835
0
0.41
0
-0.037
0
0.224
0
-0.68
0
-0.213
0
0.238
0
0.817
0
-0.919
0
0.972
0
-0.287
0
0.938
0
0
0
0
-0.076
0
0.108
0
-0.771
0
0.763
0
0.563
0
0.931
0
-0.019
0
0.69
0
-0.341
0
0.744
0
0.198
0
0.015
0
-0.643
0
0.601
0
0.654
0
0.863
0
-0.448
0
-0.547
0
-0.282
0
-0.367
0
-0.148
0
-0.462
0
0.956
0
0.505
0
0.533
0
0.442
0
-0.286
0
-0.269
0
0.676
0
0
0
0
-0.487
0
0.492
0
0.353
0
0.069
0
-0.746
0
0.427
0
-0.544
0
0.131
0
-0.869
0
-0.08
0
-0.00800002
0
-0.437
0
-0.063
0
-0.18
0
-0.672
0
-0.65
0
-0.623
0
-0.388
0
-0.983
0
-0.937
0
0.897
0
0.838
0
-0.388
0
0.349
0
0.336
0
-0.271
0
-0.286
0
0.189
0
0.00300002
0
0
0
0
-0.176
0
-0.687
0
-0.907
0
0.79
0
0.233
0
-0.564
0
-0.24
0
0.711
0
-0.247
0
0.321
0
0.27
0
0.731
0
-0.362
0
0.482
0
0.627
0
0.099
0
-0.535
0
0.657
0
-0.165
0
0.554
0
0.648
0
-0.256
0
-0.288
0
0.099
0
0.564
0
-0.649
0
-0.964
0
0.594
0
-0.877
0
0
0
0
-0.866
0
-0.512
0
0.859
0
-0.987
0
-0.251
0
-0.607
0
0.95
0
-0.63
0
0.624
0
-0.439
0
0.316
0
-0.498
0
0.617
0
0.88
0
-0.295
0
0.568
0
0.731
0
-0.56
0
0.808
0
-0.826
0
-0.76
0
-0.559
0
-0.392
0
-0.093
0
0.433
0
0.727
0
-0.409
0
0.987
0
-0.031
0
0
0
0
-0.946
0
0.234
0
-0.457
0
0.625
0
0.564
0
-0.283
0
-0.027
0
0.253
0
-0.224
0
0.9
0
0.33
0
-0.861
0
0.36
0
0.235
0
-0.273
0
0.013
0
-0.924
0
0.35
0
0.545
0
-0.865
0
0.532
0
-0.052
0
-0.214
0
-0.497
0
-0.041
0
0.125
0
0.0319999
0
-0.632
0
-0.087
0
0
0
0
-0.303
0
-0.308
0
0.935
0
0.829
0
-0.182
0
0.315
0
0.415
0
-0.691
0
-0.314
0
0.603
0
-0.678
0
0.436
0
0.624
0
0.915
0
-0.904
0
0.3
0
-0.297
0
-0.242
0
-0.602
0
-0.81
0
-0.021
0
-0.322
0
0.173
0
-0.453
0
-0.131
0
0.579
0
-0.305
0
0.0369999
0
0.962
0
0
0
0
0.319
0
-0.887
0
0.397
0
0.796
0
-0.982
0
-0.387
0
0.162
0
0.953
0
0.257
0
0.252
0
-0.35
0
-0.549
0
-0.609
0
-0.199
0
-0.504
0
0.408
0
0.704
0
-0.577
0
0.558
0
-0.373
0
-0.459
0
0.423
0
-0.437
0
-0.588
0
0.268
0
-0.036
0
0.655
0
-0.256
0
-0.864
0
0
0
0
-0.422
0
-0.42
0
-0.429
0
-0.648
0
0.226
0
-0.922
0
-0.541
0
-0.816
0
-0.627
0
0.586
0
0.998
0
0.59
0
0.926
0
-0.301
0
-0.329
0
0.222
0
-0.46
0
-0.51
0
0.941
0
-0.866
0
0.563
0
-0.328
0
-0.022
0
0.468
0
0.551
0
0.71
0
-0.302
0
0.949
0
0.182
0
0
0
0
0.13
0
-0.074
0
0.476
0
-0.986
0
-0.619
0
0.176
0
-0.887
0
0.772
0
0.557
0
0.179
0
-0.722
0
0.395
0
0.503
0
-0.837
0
-0.231
0
0.274
0
0.702
0
-0.445
0
-0.807
0
0.376
0
0.244
0
-0.648
0
0.182
0
0.731
0
-0.303
0
0.64
0
0.847
0
-0.199
0
0.09
0
0


-19.143
1
-10.872
1
-14.948
0
5.623
0
-5.91
0
-3.862
1
5.407
0
-0.536
1
-2.343
1
3.094
0
0.518
0
2.694
0
-0.543
1
0.961
0
-12.552
1
1.743
0
0.452
0
-2.968
0
-7.187
1
-14.352
0
0.827
0
-2.604
1
-6.48
0
-1.66
0
-38.606
1
17.858
0
-0.278
0
-1.635
1
-2.786
0
0.962
0
-19.143
-2.381
1
-2.846
0
0.813
0
-7.854
1
-8.801
1
-13.855
1
-10.243
1
2.437
0
3.624
1
5.474
0
-5.344
0
-2.032
1
1.295
1
-9.837
1
-15.441
0
0.498
0
-17.62
1
-28.076
1
-4.907
1
-5.444
0
-0.696
1
-12.037
0
-0.898
0
-3.089
0
0.109
1
-0.493
1
-28.396
1
-8.767
1
-11.223
1
-5.334
0
-2.381
-6.636
0
-0.244
1
3.851
0
0.377
1
-8.107
0
-0.165
0
-2.368
1
-9.87
1
-7.466
0
-1.203
0
0.314
1
-5.508
1
-0.449
1
-12.201
1
-1.931
1
-7.619
1
-2.825
1
-11.449
1
-4.336
1
-0.606
1
-1.375
0
-8.885
1
-1.939
0
-3.073
1
-15.97
0
-3.513
1
-10.981
0
-0.165
0
-0.955
0
0.262
0
-6.636
-4.305
0
5.239
0
0.423
0
-2.345
0
-3.243
0
-13.201
0
-0.308
1
11.63
0
-3.345
1
-2.001
0
3.239
0
0.893
1
-6.59
0
-4.502
1
-13.429
1
9.885
0
-0.719
1
7.604
1
-13.895
1
-6.999
0
-0.773
0
-7.94
1
-11.662
0
-11.696
1
-26.287
0
1.29
1
-3.324
1
12.106
0
-1.71
1
-10.643
0
-4.305
0.823
1
-13.135
0
-0.835
0
0.711
1
-4.302
0
-0.92
1
-13.098
1
5.043
1
-10.013
1
-11.824
1
-9.456
0
3.783
0
-0.655
0
-1.044
0
0.445
1
13.351
1
0.046
1
7.502
0
-26.913
1
2.764
1
-1.903
0
8.314
0
-3.079
0
-5.025
0
-0.35
0
8.524
1
-4.717
0
0.401
0
-6.371
1
2.051
1
0.823
-8.976
1
13.329
1
-4.909
1
-4.517
1
-13.599
1
-13.414
1
-12.281
1
-3.738
0
0.699
0
8.07
1
3.209
0
6.604
1
-5.149
1
9.435
1
-4.763
0
-0.567
0
2.81
1
-19.652
1
-8.953
1
6.8
0
-6.092
1
8.397
1
-18.132
0
-8.374
0
-0.679
0
-0.248
1
-14.592
1
2.821
1
-11.214
0
1.537
1
-8.976


-31.469
0
0.828
0
0.25
1
-15.824
0
-16.814
1
-9.722
1
1.574
1
7.952
1
-0.083
0
-0.469
1
-14.56
0
-10.233
0
0.645
1
-9.393
0
-0.263
1
5.844
1
4.267
1
-9.535
1
1.223
1
4.323
0
0.457
0
-0.497
0
-17.202
0
-8.955
1
-0.303
1
16.712
1
4.177
0
11.618
0
-0.602
0
7.646
0
-31.469
-15.988
0
1.457
1
-3.264
1
6.323
0
-0.195
1
2.601
0
3.639
0
-3.04
1
0.187
1
-9.171
0
-0.405
1
-0.815
0
-4.981
1
0.818
1
5.558
1
-5.484
0
-4.135
0
4.849
1
2.715
0
0.545
1
-5.978
0
0.00699997
1
-4.005
1
-2.546
0
0.255
0
0.076
1
-9.222
0
-6.831
1
0.00700005
1
-1.022
0
-15.988
-13.476
0
2.775
1
-4.176
0
5.459
1
-7.346
1
8.121
1
-0.724
0
-6.162
0
-6.269
1
20.966
1
-8.8
0
0.577
0
0.366
0
-0.342
1
5.444
0
-8.876
1
14.335
1
-0.408
0
-1.821
0
-0.946
1
-10.883
1
-19.749
1
-1.595
1
-12.766
1
-3.309
1
7.547
1
-1.657
1
-21.493
0
-9.148
0
4.993
1
-13.476
-17.03
0
-9.818
1
-3.796
1
0.35
1
-12.592
1
-52.57
1
-4.823
1
7.444
0
0.403
0
-0.317
0
1.639
0
-8.692
0
-9.664
0
0.271
0
1.732
0
-3.056
1
-22.74
1
-1.111
0
-3.479
0
-23.164
1
-13.442
0
0.1
0
-16.961
0
4.829
0
-1.763
0
-6.817
1
-15.62
1
-11.806
1
-3.759
0
0.834
0
-17.03
4.875
1
-7.086
1
-13.219
1
-1.279
0
0.731
0
-0.139
0
-9.996
0
1.87
0
0.177
0
-0.513
0
-7.162
0
-2.498
0
-14.901
0
-2.61
1
-5.556
1
-10.358
1
-0.935
1
-7.834
0
-5.302
1
-2.801
0
11.158
1
-1.903
0
-18.023
1
-4.66
1
5.355
0
-3.643
1
-18.951
1
-9.722
1
-14.708
0
-22.896
1
4.875
2.621
1
-1.037
1
3.443
0
-1.614
1
-0.023
0
1.665
1
-11.949
1
-5.154
1
-0.286
1
7.149
0
-12.223
1
-10.618
0
-5.264
1
18.083
1
-5.786
0
-2.276
1
-2.066
1
2.027
1
-9.483
0
7.03
0
-9.757
0
-1.502
1
-1.407
0
0.136
0
5.085
0
-0.853
1
-3.216
1
-4.23
0
-0.651
1
4.77
0
2.621


-3.092
1
-5.695
0
0.591
1
-2.474
1
-19.486
1
-16.539
1
-8.418
1
-11.558
1
-3.567
1
6.301
1
-16.858
1
-16.692
0
0.318
1
-3.066
0
0.0779999
0
0.687
1
-10.719
0
-5.917
1
6.354
1
14.508
1
7.338
1
-4.282
0
0.052
1
-22.432
0
6.545
1
-0.84
0
-0.165
0
0.356
0
0.829
0
-5.018
0
-3.092
0.053
0
-2.586
1
-13.046
0
-0.428
1
-6.363
0
3.307
0
-14.872
1
-3.809
1
-3.98
0
-0.595
0
-2.656
1
-10.236
0
0.39
0
0.453
1
0.201
0
-12.12
1
-7.197
0
-0.132
1
13.42
1
-1
1
0.967
0
-0.124
1
-17.337
1
6.288
0
-2.91
1
-21.556
0
-0.921
1
-15.538
1
-6.805
1
0.413
1
0.053
-21.208
1
9.896
1
2.775
0
-2.175
0
-0.401
1
-1.135
1
-7.1
1
-9.876
0
4.374
1
0.269
0
0.565
1
-1.372
0
0.688
1
-0.385
1
-15.444
0
-1.351
1
-0.082
1
1.087
0
0.349
1
-29.884
1
-8.813
1
-14.412
0
1.148
0
-0.723
0
0.417
1
3.102
0
-6.182
0
-4.34
1
-14.253
1
8.363
0
-21.208
-5.308
1
-10.006
0
3.111
0
-3.761
0
-0.436
0
-0.825
0
-2.915
1
-14.229
1
-1.955
1
-9.442
0
-0.565
0
-8.739
1
1.27
1
4.613
0
0.995
1
-38.176
0
1.465
0
-0.744
1
-1.887
1
6.328
1
-0.873
0
9.659
1
3.997
0
-0.614
1
4.119
0
-0.206
0
-14.491
0
-0.737
1
-4.581
1
16.763
0
-5.308
-0.642
1
3.607
1
3.782
0
-5.529
0
1.01
0
0.051
0
2.426
1
-2.491
0
-2.335
0
4.463
0
-18.426
0
2.176
1
-6.623
1
-5.033
1
11.076
0
0.25
1
-5.431
1
-13.439
1
-0.768
1
0.231
0
-2.4
1
-3.976
1
-12.649
1
11.673
1
-4.188
1
-22.55
1
5.244
0
-1.848
1
-4.728
1
-8.171
1
-0.642
-10.904
0
-0.086
1
2.384
1
-7.722
1
-15.158
0
0.598
1
-2.389
1
-12.121
0
-0.257
0
-0.534
1
2.673
0
-0.984
1
-3.962
0
-2.332
1
-24.531
0
2.547
1
10.176
0
0.986
1
-9.841
1
9.074
0
-19.309
0
0.973
0
-6.354
0
-4.141
0
-1.663
0
-4.578
0
8.366
0
-1.476
0
-2.166
0
-11.884
1
-10.904


0.007
0
-0.299
0
0.742
0
-0.71
0
0.15
0
-0.26
0
-0.05
0
0.142
0
0.059
1
-0.768
0
-0.285
1
-19.94
0
0.0700001
0
-0.732
0
-6.329
0
-0.342
0
0.839
0
0.386
0
0.335
0
-0.323
0
0.495
0
-0.726
0
0.824
0
0.609
0
-0.425
1
-0.029
0
0.041
0
-0.809
0
0.641
0
0.423
1
0.007


0
0
-0.293
0
0.217
0
0.801
0
0.099
0
-0.438
0
0.862
0
-0.395
0
0.23
0
0.752
0
0.716
0
-0.454
0
0.735
0
-0.695
0
-0.238
0
0.081
0
-0.91
0
-0.113
0
0.137
0
-0.934
0
0.679
0
0.389
0
-0.449
0
0.242
0
-0.846
0
0.805
0
-0.19
0
-0.358
0
0.883
0
0.12
0
0
0
0
0
0
0.519
0
-0.85
0
0.791
0
-0.16
0
-0.561
0
0.959
0
-0.623
0
-0.231
0
-0.774
0
0.167
0
-0.449
0
-0.821
0
-0.036
0
0.903
0
-0.00199997
0
0.575
0
-0.709
0
-0.212
0
0.488
0
0.603
0
-0.493
0
0.084
0
-0.094
0
0.951
0
0.393
0
0.864
0
0.00899994
0
0.133
0
0
0
0
0.334
0
0.684
0
0.0700001
0
0.985
0
0.254
0
0.933
0
0.697
0
-0.174
0
0.407
0
0.218
0
-0.166
0
0.305
0
0.072
0
0.364
0
0.00699997
0
0.937
0
0.745
0
-0.924
0
-0.24
0
-0.84
0
-0.597
0
-0.852
0
-0.549
0
0.846
0
-0.607
0
0.366
0
0.934
0
0.704
0
0.911
0
0
0
0
0.6
0
-0.078
0
0.02
0
-0.367
0
-0.673
0
0.56
0
-0.068
0
0.176
0
0.366
0
0.481
0
-0.511
0
-0.505
0
0.721
0
-0.562
0
-0.969
0
0.32
0
0.461
0
0.089
0
0.249
0
0.66
0
0.644
0
0.99
0
0.514
0
-0.189
0
0.022
0
0.184
0
-0.849
0
-0.938
0
0.554
0
0
0
0
-0.702
0
0.222
0
0.031
0
0.815
0
0.368
0
0.891
0
-0.076
0
0.683
0
0.22
0
-0.26
0
-0.458
0
-0.826
0
0.555
0
-0.192
0
0.984
0
-0.939
0
-0.24
0
-0.738
0
-0.506
0
-0.107
0
0.176
0
-0.887
0
0.198
0
0.965
0
-0.316
0
0.516
0
-0.083
0
-0.957
0
0.831
0
0
0
0
0.00300002
0
-0.815
0
-0.109
0
0.974
0
0.631
0
-0.981
0
0.867
0
-0.429
0
0.636
0
-0.86
0
-0.637
0
0.927
0
-0.383
0
-0.756
0
0.437
0
0.895
0
0.398
0
0.687
0
-0.014
0
0.585
0
0.562
0
-0.853
0
-0.994
0
0.061
0
-0.867
0
0.902
0
-0.209
0
-0.069
0
-0.544
0
0
0
0
0.789
0
-0.751
0
0.802
0
-0.688
0
0.454
0
-0.989
0
0.986
0
0.783
0
0.804
0
0.838
0
0.289
0
-0.02
0
-0.03
0
0.379
0
-0.926
0
0.585
0
-0.103
0
0.282
0
0.196
0
0.465
0
-0.551
0
0.487
0
-0.000999987
0
0.94
0
0.154
0
0.483
0
-0.736
0
-0.432
0
-0.745
0
0
0
0
-0.167
0
-0.723
0
0.278
0
0.382
0
0.284
0
-0.128
0
-0.821
0
-0.748
0
-0.424
0
0.239
0
0.401
0
0.219
0
-0.177
0
-0.135
0
-0.07
0
-0.713
0
0.404
0
0.497
0
0.626
0
-0.343
0
0.629
0
0.03
0
-0.116
0
-0.958
0
-0.294
0
0.597
0
-0.227
0
-0.388
0
-0.642
0
0
0
0
-0.299
0
0.894
0
-0.107
0
-0.502
0
0.893
0
-0.672
0
0.323
0
0.807
0
0.69
0
0.358
0
0.269
0
0.804
0
-0.246
0
0.147
0
-0.196
0
-0.505
0
-0.366
0
-0.851
0
-0.724
0
-0.9
0
0.404
0
-0.877
0
-0.96
0
0.185
0
0.942
0
0.433
0
-0.409
0
-0.332
0
-0.784
0
0
0
0
-0.556
0
-0.347
0
-0.331
0
0.646
0
-0.619
0
0.039
0
-0.013
0
-0.937
0
0.32
0
0.525
0
-0.656
0
-0.635
0
0.825
0
0.918
0
0.464
0
-0.398
0
0.747
0
0.058
0
-0.212
0
0.132
0
-0.255
0
0.51
0
-0.075
0
0.584
0
0.503
0
-0.983
0
0.729
0
0.647
0
0.129
0
0


-7.031
0
0.074
1
0.18
1
-0.51
1
2.969
1
-6.341
1
-7.996
1
-20.088
0
-0.502
0
-0.711
1
-2.054
0
0.628
0
-18.083
0
-21.708
0
-0.333
0
-0.409
1
0.753
0
-13.377
0
-3.495
1
-6.705
1
-11.967
0
-4.239
0
-8.066
1
-14.45
1
-18.129
0
-0.971
1
1.81
0
-0.458
1
-0.019
0
-0.324
0
-7.031
3.38
0
0.673
0
-0.929
0
-2.774
1
-2.214
0
0.498
0
-0.229
0
-0.791
0
0.0319999
0
-0.027
0
1.898
1
5.087
0
-4.802
0
-3.685
0
-3.65
1
7.18
1
-5.365
1
9.031
1
0.1
0
7.862
0
5.133
0
4.476
0
-0.701
1
-4.005
1
-20.562
0
-0.347
0
-21.967
0
-6.392
0
0.894
0
-0.44
0
3.38
-1.018
0
0.213
0
-4.299
0
0.393
0
0.771
1
-9.988
1
-9.27
1
10.061
0
-5.723
0
-8.419
0
0.33
1
-6.586
0
-3.342
0
20.013
0
0.411
0
-1.039
1
13.393
0
-2.734
0
-0.428
0
-15.608
0
-8.512
0
0.064
1
-9.472
1
12.128
1
-4.345
1
-4.942
1
-4.712
0
-1.278
1
-8.652
1
-1.885
0
-1.018
5.294
1
1.401
0
-0.523
1
-5.429
1
4.907
1
2.823
0
-7.003
0
-2.414
1
-3.57
1
-0.691
1
-26.367
0
-1.221
0
-15.617
1
-12.747
1
6.269
1
-7.849
1
17.444
1
-2.125
0
1.712
0
-6.163
0
2.096
0
-2.754
0
0.415
0
-0.133
0
-0.475
0
-18.662
1
-19.248
0
-12.956
0
19.721
1
3.756
1
5.294
-31.877
0
4.603
0
12.918
0
-0.109
1
-25.355
1
14.009
0
-7.961
1
-5.912
1
-3.231
1
0.741
1
-0.028
1
-4.495
0
-19.383
1
4.801
1
-7.128
0
10.312
1
-2.731
0
-3.886
1
-18.58
0
5.439
0
0.153
0
-12.401
1
6.855
0
3.574
1
16.727
0
1.177
1
12.859
1
-5.346
0
1.268
1
-20.273
1
-31.877
-8.296
0
-10.281
0
3.152
1
-3.448
0
-1.753
1
-1.558
0
-17.747
0
-16.472
1
-0.164
0
-11.355
1
-4.862
1
-5.093
0
0.948
0
-2.362
0
0.015
1
0.905
1
-5.747
1
-12.241
1
-2.488
1
-4.168
0
4.16
0
-0.882
1
6.532
0
2.159
1
-8.967
0
-12.41
0
0.817
1
-11.838
0
-7.276
0
0.691
0
-8.296


5.367
1
-8.889
0
-1.403
0
15.363
0
-13.525
1
8.763
0
-5.675
1
-31.712
1
-13.017
1
-12.623
0
-0.806
1
2.345
1
-14.699
0
-7.135
0
-23.671
0
-0.897
0
-1.708
0
-0.636
0
0.519
1
-6.601
1
-0.121
1
-7.713
0
-0.864
1
-4.115
0
0.604
0
-0.064
0
-4.694
1
12.658
0
12.132
0
-21.761
0
5.367
-9.656
0
-0.507
0
2.137
0
-4.201
1
-7.225
0
-0.63
1
-0.468
0
-1.176
1
8.474
0
-7.077
0
0.929
1
-2.961
0
-0.845
0
-10.388
1
-8.881
1
-2.606
1
-9.401
1
-2.579
1
21.893
0
16.387
0
0.17
0
2.01
0
0.366
1
6.208
1
3.145
1
-11.796
0
1.378
1
-20.458
0
-0.696
1
-16.56
1
-9.656
14.846
0
9.841
0
-0.827
1
0.583
0
19.737
0
0.957
1
-14.618
0
-0.674
0
0.959
1
-0.387
1
-15.582
1
-4.16
0
-6.563
0
-10.272
0
-5.694
0
-5.746
0
-4.029
0
-0.034
1
-7.534
0
0.712
0
-0.837
0
1.541
1
7.557
1
-0.311
0
-11.089
1
0.486
0
-0.335
0
-0.483
1
-1.763
0
0.785
1
14.846
-28.655
0
0.258
1
-15.676
1
-20.098
1
1.825
0
-7.369
0
-0.237
1
0.203
0
-2.622
0
-0.969
0
-11.919
0
-0.142
1
7.197
1
1.077
1
0.83
1
-7.646
0
0.031
1
1.766
0
0.333
0
-0.709
0
4.458
0
-2.549
0
-0.722
0
-0.796
0
5.597
0
-3.971
1
-10.308
0
-9.947
1
-20.122
1
-6.262
0
-28.655
6.304
0
0.891
0
-0.833
1
13.517
0
-7.313
0
-0.74
1
-4.802
0
-7.981
1
-18.242
1
-12.692
0
12.581
0
0.546
0
-31.8
0
10.241
1
6.533
0
0.997
0
-2.572
0
6.995
1
3.364
0
-2.253
1
-7.129
1
-7.657
1
-2.913
1
0.00999998
0
0.471
1
-18.967
1
6.805
0
-3.605
1
20.402
0
-5.847
0
6.304
12.216
1
-5.173
0
5.494
0
0.282
0
3.113
1
-4.801
0
2.488
1
4.419
0
11.732
1
-15.055
0
-0.086
1
-5.038
1
-8.614
1
-8.926
0
1.512
0
0.224
0
0.902
1
1.01
0
0.819
0
-11.449
1
-11.097
1
-2.942
0
-0.714
1
9.271
0
-0.684
0
-6.2
0
-7.184
1
-8.152
0
9.784
1
7.961
0
12.216


-13.001
1
-2.96
0
-0.704
0
-0.684
0
0.274
0
-1.508
1
-18.331
0
-5.836
0
-9.235
0
12.299
1
-7.268
0
-1.293
0
1.623
1
-19.76
0
0.08
1
-1.055
0
-18.678
0
-13.095
1
11.242
0
-0.88
0
0.525
0
-3.62
1
-1.285
1
-1.761
1
8.265
1
-18.084
1
-4.154
0
-3.032
0
-3.335
0
-0.789
1
-13.001
-8.019
1
-19.347
0
6.372
0
-0.875
1
-8.479
1
-8.236
0
0.843
1
-0.935
1
1.78
1
-0.576
1
17.337
0
7.409
1
-15.429
1
3.421
1
21.976
0
1.688
1
4.138
0
-0.251
0
0.455
1
0.595
1
-15.233
1
5.907
0
-16.132
1
-0.891
0
-0.687
1
1.522
0
-0.787
1
-15.819
1
-12.408
0
-28.459
1
-8.019
-10.119
0
-0.635
0
-7.884
1
-5.531
0
-2.986
0
8.441
0
-5.286
0
3.695
1
2.615
1
-17.88
1
-7.822
1
-9.564
0
0.924
1
9.82
0
0.642
1
-6.139
1
-19.053
1
15.293
1
-8.174
1
7.85
1
-1.709
0
0.596
0
-0.336
0
-0.817
1
11.531
0
-0.918
1
-4.966
0
-0.864
1
0.435
0
2.904
1
-10.119
-1.729
0
-1.018
1
3.697
0
-10.098
0
-1.599
1
-13.537
1
1.145
1
-4.701
1
-3.322
1
-17.07
1
1.034
0
-1.215
1
-7.521
0
0.289
0
-0.727
0
6.289
0
-4.116
0
-20.324
1
-1.208
0
4.223
1
-5.986
0
-12.43
0
-1.276
0
-14.017
1
4.477
1
-13.236
0
0.071
0
9.033
1
1.802
1
-5.543
0
-1.729
-16.411
1
-8.113
0
-0.091
1
-6.293
1
-19.628
1
-36.663
0
-20.766
0
-9.464
0
0.43
0
-17.999
1
-10.571
1
-11.492
1
-22.097
0
-0.634
1
8.593
1
-4.894
0
-2.116
1
4.128
1
-9.273
1
0.768
0
-0.728
0
0.721
0
-0.867
1
17.34
1
1.785
1
7.922
1
-4.469
1
2.696
0
-3.807
1
-2.882
1
-16.411
-14.139
1
-12.175
0
0.056
0
-2.332
0
-4.952
1
3.89
0
-0.255
1
21.582
0
-0.616
1
-0.791
0
-9.857
1
-12.659
0
-13.862
1
-10.227
1
-25.056
0
-1.673
0
3.256
1
-10.558
1
-17.478
1
-1.653
0
0.068
1
16.115
1
2.444
1
-1.887
1
2.371
0
-0.075
0
-0.558
1
-12.78
0
-1.77
1
-8.738
1
-14.139


1.178
0
-0.952
0
0.569
0
-0.424
1
6.109
1
-3.432
0
0.767
0
0.259
0
-0.402
0
0.276
1
-0.333
1
-3.976
1
-3.816
1
-2.169
0
-0.393
1
0.69
0
-0.384
0
-0.461
0
0.572
0
0.856
0
0.395
1
-1.355
0
-0.076
0
0.783
0
-0.269
1
-2.539
0
0.7
0
0.635
0
-0.695
0
-0.483
0
1.178


0
0
0.255
0
0.615
0
0.484
0
0.286
0
-0.979
0
-0.161
0
0.556
0
0.87
0
-0.895
0
-0.171
0
0.266
0
0.0599999
0
-0.711
0
0.537
0
-0.863
0
0.305
0
-0.00700003
0
0.518
0
0.107
0
-0.79
0
-0.919
0
-0.659
0
-0.293
0
0.477
0
0.703
0
-0.878
0
-0.99
0
-0.068
0
0.206
0
0
0
0
-0.941
0
-0.177
0
0.915
0
0.33
0
0.765
0
-0.753
0
-0.786
0
0.995
0
-0.613
0
-0.967
0
-0.694
0
-0.41
0
0.071
0
0.469
0
-0.759
0
-0.606
0
0.934
0
0.178
0
-0.934
0
0.923
0
0.092
0
-0.321
0
-0.082
0
-0.724
0
0.165
0
0.672
0
-0.485
0
0.768
0
0.945
0
0
0
0
0.00300002
0
0.735
0
0.306
0
0.712
0
-0.107
0
0.541
0
-0.852
0
0.554
0
0.095
0
-0.529
0
-0.09
0
0.066
0
-0.871
0
0.0140001
0
0.43
0
-0.43
0
0.891
0
-0.013
0
0.208
0
-0.053
0
-0.109
0
-0.316
0
-0.875
0
-0.496
0
0.854
0
0.702
0
0.218
0
-0.437
0
-0.358
0
0
0
0
-0.768
0
0.195
0
0.343
0
0.126
0
-0.305
0
0.764
0
-0.809
0
0.492
0
-0.323
0
0.601
0
-0.919
0
0.046
0
-0.475
0
-0.709
0
0.857
0
-0.00300002
0
-0.918
0
0.516
0
0.0650001
0
0.013
0
-0.735
0
0.892
0
0.842
0
-0.046
0
-0.243
0
0.13
0
-0.013
0
0.612
0
0.715
0
0
0
0
-0.000999987
0
0.607
0
-0.985
0
-0.732
0
-0.979
0
-0.85
0
-0.423
0
-0.989
0
-0.488
0
-0.386
0
-0.391
0
0.817
0
-0.933
0
-0.533
0
0.452
0
-0.945
0
0.153
0
-0.517
0
-0.491
0
0.871
0
0.368
0
-0.044
0
-0.691
0
0.374
0
0.559
0
-0.916
0
0.376
0
0.553
0
0.598
0
0
0
0
0.731
0
0.604
0
0.523
0
-0.969
0
-0.93
0
-0.265
0
0.431
0
-0.302
0
0.856
0
0.135
0
0.613
0
0.103
0
-0.848
0
0.212
0
0.972
0
0.796
0
0.393
0
0.81
0
-0.772
0
-0.539
0
-0.946
0
-0.942
0
0.556
0
0.496
0
-0.354
0
-0.669
0
0.805
0
0.288
0
-0.885
0
0
0
0
0.855
0
-0.435
0
0.707
0
-0.341
0
-0.374
0
0.716
0
0.626
0
-0.28
0
-0.768
0
0.606
0
0.146
0
-0.166
0
0.955
0
0.27
0
0.194
0
0.72
0
0.938
0
-0.626
0
0.809
0
-0.78
0
-0.146
0
-0.866
0
-0.822
0
-0.335
0
-0.693
0
0.285
0
0.054
0
0.224
0
0.145
0
0
0
0
0.339
0
-0.388
0
0.255
0
-0.00400001
0
0.374
0
-0.391
0
0.279
0
-0.936
0
0.803
0
-0.213
0
-0.369
0
0.096
0
0.725
0
-0.148
0
0.69
0
-0.661
0
-0.241
0
0.999
0
0.599
0
-0.083
0
-0.419
0
-0.714
0
0.27
0
0.672
0
0.251
0
-0.665
0
0.937
0
0.208
0
-0.139
0
0
0
0
0.11
0
0.847
0
-0.204
0
0.761
0
0.317
0
-0.218
0
0.604
0
-0.457
0
0.497
0
-0.474
0
-0.294
0
-0.144
0
0.393
0
0.878
0
-0.86
0
-0.891
0
-0.246
0
0.433
0
0.603
0
-0.149
0
-0.402
0
0.878
0
-0.826
0
0.567
0
-0.74
0
-0.654
0
0.908
0
0.81
0
0.202
0
0
0
0
0.878
0
0.881
0
-0.142
0
0.63
0
-0.702
0
-0.784
0
0.674
0
0.123
0
-0.141
0
0.915
0
0.875
0
0.535
0
0.236
0
0.677
0
-0.131
0
0.745
0
-0.37
0
0.852
0
-0.082
0
0.878
0
0.243
0
-0.524
0
0.895
0
-0.875
0
0.464
0
-0.329
0
0.046
0
-0.142
0
-0.934
0
0


6.622
0
0.609
1
-18.808
1
7.289
0
0.646
0
0.892
0
-0.26
1
-7.132
0
-1.624
1
-0.945
0
-0.187
1
-8.344
1
-3.956
0
-0.6
1
-21.977
1
-0.518
0
-0.223
1
2.321
0
-7.311
0
1.104
0
-22.028
0
-3.948
1
-10.772
1
9.599
1
1.06
0
0.609
1
-2.757
1
-5.165
1
-20.576
0
-11.972
1
6.622
-7.368
1
-13.503
0
2.745
1
2.481
0
-9.516
1
-4.676
0
0.9
1
-3.326
0
-7.103
1
-17.164
1
-9.344
0
-3.792
0
-0.734
0
11.584
0
-10.127
1
-3.568
1
0.866
1
-10.997
1
-18.167
1
13.435
0
-11.053
1
-0.594
1
-9.297
1
-2.307
1
7.741
1
-15.337
0
0.975
1
-0.846
1
6.441
1
-0.933
0
-7.368
6.584
1
-2.037
0
2.871
0
-0.243
1
-18.089
0
-12.549
0
-0.431
1
-21.023
1
0.492
0
-0.381
0
-0.983
0
-0.694
1
-0.158
1
-25.048
1
-13.24
0
-0.327
1
-24.268
1
3.467
0
-0.382
0
1.347
0
-0.089
1
-7.135
1
8.541
1
-2.497
0
-6.452
1
-2.684
1
-22.529
1
8.786
0
-19.056
1
-13.128
0
6.584
-8.063
0
-19.032
1
1.391
0
-0.071
1
-7.205
1
-4.679
1
-24.134
1
-3.096
1
-3.838
1
1.715
0
-0.91
0
-13.394
1
5.28
1
11.439
0
-10.067
1
4.674
0
-1.522
0
0.637
1
-1.761
0
0.781
0
-1.853
1
-5.446
1
-11.476
0
0.969
1
-7.962
0
-3.924
1
-3.594
0
-0.867
0
-7.956
1
5.272
1
-8.063
-7.524
1
1.851
0
-0.205
0
-1.532
1
-5.405
1
-1.942
1
-1.479
0
1.809
1
8.408
1
-13.536
0
4.782
0
-0.608
1
-6.484
0
-4.155
1
2.61
1
-5.898
0
11.191
0
0.91
0
-0.99
0
-6.828
0
1.096
1
-4.367
0
0.665
1
7.533
0
-6.422
0
-6.581
1
-1.178
1
-11.426
1
10.461
0
2.212
0
-7.524
-5.749
1
-7.706
0
-2.94
1
3.001
1
-10.141
0
-18.349
0
4.16
1
-0.996
0
0.686
1
-3.103
1
-16.439
0
0.00600004
0
-2.468
0
-7.232
1
-1.959
1
-11.234
0
-3.826
1
-10.127
0
-19.407
1
-2.577
0
-4.386
0
-5.823
0
17.658
1
-2.199
0
0.344
1
-6.752
1
4.825
1
1.82
1
-21.042
0
0.439
1
-5.749


0.32
0
0.976
0
-0.893
0
0.61
0
-0.575
1
-5.66
0
0.8
0
0.383
0
0.476
0
-0.703
0
-0.714
1
-7.379
1
1.115
1
-0.617
1
0.054
1
-0.349
0
-0.725
0
-0.761
0
-1.254
1
2.616
0
13.046
1
-19.133
0
-0.928
0
-5.135
0
3.223
0
-5.896
0
-0.458
0
-7.318
1
-8.552
0
-0.738
0
0.32
1.678
0
-10.948
0
-8.597
0
-1.058
1
-14.141
0
3.229
0
2.675
1
-3.252
0
-3.073
0
-2.379
0
4.869
1
4.068
0
-25.005
1
-1.568
1
-14.661
1
-5.893
1
-3.735
1
9.366
1
-29.843
0
-4.342
1
-5.565
0
-3.218
1
-4.73
1
0.027
1
20.386
0
-0.5
1
-0.347
0
0.1
1
-23.497
1
-13.215
1
1.678
4.059
0
-3.59
1
-18.528
1
-3.654
0
1.129
0
-8.62
0
-0.301
1
-3.137
1
-6.882
0
3.422
0
-1.451
1
3.427
1
-13.056
0
-0.975
0
-0.175
1
-6.871
0
10.616
1
-8.827
0
3.926
1
2.55
1
0.161
0
5.052
0
3.03
0
-0.00899998
0
-0.136
0
-6.015
0
-3.994
1
-4.288
1
-12.696
0
-0.269
1
4.059
-28.096
0
0.602
1
2.433
0
2.108
0
-0.149
0
-22.124
1
-5.629
1
-10.937
0
-4.213
1
1.365
1
6.911
0
-0.172
1
-15.521
1
-9.242
1
0.889
0
0.891
1
-9.997
0
-0.72
0
3.475
1
-2.507
0
-0.564
1
-0.102
0
-0.189
1
-13.65
0
4.715
0
-12.641
1
-2.917
0
2.145
0
-1.382
1
-2.004
1
-28.096
-7.032
0
0.726
1
4.637
0
-2.134
1
1.967
0
24.112
0
32.133
0
0.563
1
-3.689
0
-0.782
0
0.00999999
1
-9.339
1
5.499
0
-14.973
1
-5.064
0
-4.902
1
-2.308
0
0.991
1
-9.774
1
-8.909
0
-7.011
0
-3.763
0
0.056
0
-0.122
0
-3.116
1
-2.635
1
-11.632
1
12.158
1
3.183
0
-0.898
1
-7.032
5.948
0
-9.979
0
-3.543
0
-0.063
1
-36.126
0
3.796
1
18.218
1
-8.698
1
5.791
1
-6.145
0
-5.528
0
3.427
0
3.546
0
-6.051
1
0.889
1
10.353
1
16.942
1
-1.433
0
11.59
1
9.775
0
-0.242
0
-4.152
0
-12.278
1
-7.805
1
-4.836
0
23.109
0
0.99
1
11.883
0
1.623
0
-0.405
1
5.948


7.06
0
-23.631
1
4.014
0
-2.758
0
3.035
0
5.381
0
-0.263
0
0.099
0
10.134
0
-0.855
0
10.812
0
4.672
0
-0.053
1
-1.489
0
-12.862
1
0.452
1
-11.596
0
2.967
0
-13.296
0
3.92
1
-5.221
0
-5.658
1
12.549
0
-1.724
0
6.12
1
6.86
0
-0.203
1
-8.177
1
-0.69
0
0.67
0
7.06
10.737
0
0.979
1
-24.718
0
-2.751
1
-12.855
1
4.68
0
-4.484
0
0.0779999
0
-12.394
1
-8.679
0
-5.869
0
-15.275
0
28.924
0
-9.309
0
-1.142
1
-13.987
0
-0.974
0
-7.763
1
-20.957
0
5.693
1
-11.151
1
-17.648
0
-4.785
1
11.377
0
0.337
1
1.011
1
4.827
0
3.205
0
-0.494
0
-2.171
1
10.737
-7.669
0
-15.815
0
-14.583
0
-6.078
0
-0.822
0
-7.143
0
0.817
1
-14.39
1
-15.478
1
-3.176
1
-5.56
1
-15.333
0
-15.067
0
0.344
1
11.799
1
-4.047
0
-12.168
0
1.618
0
3.104
1
-6.046
0
-8.865
1
-18.395
0
5.774
1
-5.881
0
-1.911
0
6.132
0
-0.201
0
-18.451
1
-1.004
1
-18.89
0
-7.669
1.56
1
-11.237
1
-1.521
0
-4.931
0
0.546
0
-25.235
0
-17.335
1
-10.897
1
-4.565
0
-6.688
1
-5.922
1
-19.396
1
-23.336
0
-3.731
0
3.341
0
-0.64
1
-17.924
1
11.803
1
-14.072
0
-1.576
0
-20.47
1
0.878
0
-2.359
1
4.846
0
-0.598
1
-5.897
0
0.456
0
22.984
0
-7.797
1
4.495
1
1.56
11.866
0
-9.723
0
-0.904
0
-7.03
1
-9.434
0
0.899
1
-14.092
1
-6.413
1
1.592
1
-0.847
1
-19.35
1
-0.622
1
3.251
0
-0.419
0
-0.693
1
1.468
1
-23.048
0
-0.083
1
2.082
0
-7.335
1
-9.144
0
9.865
0
-7.935
0
-27.422
1
-23.93
0
0.407
0
-14.372
1
-2.032
1
-24.466
1
-5.536
0
11.866
-0.417
1
-9.666
0
-0.934
0
-10
1
-6.758
1
-8.374
1
5.029
1
-5.534
1
-3.411
0
-0.666
0
-0.176
1
2.699
0
2.783
0
0.696
1
-16.551
0
-6.763
0
-0.343
1
-2.485
1
-0.49
1
7.812
0
4.34
0
-19.712
1
-1.575
0
14.703
1
-2.759
0
-10.876
1
-22.577
1
-9.663
0
-10.3
1
16.227
1
-0.417


0.987
1
0.081
0
0.57
0
-0.444
0
-0.653
1
-5.207
0
-0.893
0
-0.836
0
0.594
0
-0.434
0
-0.941
0
-6.525
0
-0.871
0
0.392
0
-0.791
0
-0.019
0
-0.742
0
0.0190001
1
-3.928
0
-0.637
1
-0.039
0
0.92
0
-0.089
0
0.872
0
0.168
0
-0.435
0
-0.654
0
-0.216
1
0.369
0
-0.479
0
0.987


0
0
-0.548
0
-0.569
0
0.185
0
-0.375
0
0.005
0
-0.135
0
-0.722
0
-0.179
0
0.328
0
0.751
0
0.0700001
0
0.385
0
0.128
0
0.097
0
0.11
0
-0.009
0
-0.049
0
0.653
0
-0.988
0
-0.631
0
-0.737
0
-0.271
0
-0.391
0
0.562
0
0.552
0
-0.522
0
-0.698
0
-0.726
0
-0.779
0
0
0
0
-0.408
0
-0.862
0
0.979
0
0.801
0
-0.509
0
0.137
0
-0.2
0
0.073
0
-0.966
0
-0.867
0
0.416
0
0.161
0
-0.939
0
-0.858
0
0.152
0
-0.287
0
-0.037
0
0.991
0
-0.00300002
0
0.673
0
-0.427
0
-0.036
0
-0.638
0
0.781
0
0.531
0
0.192
0
0.56
0
0.614
0
-0.451
0
0
0
0
-0.518
0
-0.147
0
-0.274
0
-0.495
0
0.357
0
-0.469
0
-0.926
0
-0.203
0
-0.904
0
-0.775
0
-0.631
0
0.669
0
0.905
0
-0.879
0
0.724
0
0.487
0
0.362
0
0.363
0
0.664
0
0.451
0
0.59
0
0.563
0
0.115
0
-0.474
0
-0.279
0
0.651
0
-0.078
0
-0.422
0
-0.824
0
0
0
0
-0.792
0
-0.718
0
-0.269
0
-0.906
0
0.185
0
-0.323
0
0.698
0
0.617
0
-0.279
0
-0.589
0
0.948
0
0.196
0
0.845
0
0.342
0
0.493
0
0.514
0
0.839
0
-0.19
0
-0.031
0
-0.399
0
-0.297
0
0.818
0
0.668
0
0.924
0
0.02
0
-0.314
0
-0.958
0
0.039
0
0.763
0
0
0
0
0.859
0
-0.633
0
-0.981
0
-0.35
0
0.163
0
0.29
0
-0.257
0
0.695
0
0.917
0
-0.693
0
-0.765
0
-0.11
0
-0.955
0
0.841
0
-0.719
0
-0.446
0
0.039
0
-0.417
0
0.816
0
0.852
0
0.244
0
0.768
0
0.805
0
0.663
0
0.718
0
-0.412
0
-0.757
0
-0.576
0
0.343
0
0
0
0
0.991
0
0.719
0
0.0190001
0
-0.736
0
0.866
0
0.589
0
0.277
0
0.773
0
0.137
0
-0.288
0
-0.764
0
0.255
0
-0.198
0
-0.378
0
-0.423
0
-0.847
0
-0.106
0
0.412
0
0.504
0
0.22
0
-0.549
0
0.695
0
0.151
0
0.464
0
-0.693
0
0.179
0
0.544
0
0.272
0
0.349
0
0
0
0
0.005
0
-0.941
0
-0.425
0
-0.733
0
-0.874
0
-0.996
0
0.763
0
0.698
0
0.839
0
-0.838
0
-0.608
0
0.0599999
0
0.543
0
0.038
0
0.829
0
0.228
0
-0.914
0
-0.141
0
0.169
0
0.793
0
-0.593
0
-0.96
0
0.867
0
0.147
0
-0.902
0
-0.958
0
0.641
0
0.141
0
-0.035
0
0
0
0
-0.868
0
0.62
0
0.418
0
-0.245
0
0.623
0
-0.969
0
0.214
0
0.279
0
0.36
0
0.011
0
0.049
0
0.703
0
0.202
0
0.411
0
-0.755
0
-0.925
0
-0.238
0
0.369
0
-0.065
0
-0.106
0
-0.485
0
-0.161
0
-0.278
0
-0.896
0
-0.691
0
-0.757
0
0.291
0
-0.975
0
-0.955
0
0
0
0
0.792
0
0.075
0
0.653
0
-0.682
0
-0.829
0
0.24
0
-0.054
0
0.553
0
-0.697
0
-0.441
0
-0.245
0
-0.17
0
-0.493
0
0.262
0
0.252
0
-0.025
0
-0.496
0
0.172
0
-0.015
0
0.132
0
-0.405
0
0.677
0
0.759
0
-0.799
0
-0.442
0
-0.788
0
0.828
0
0.694
0
0.139
0
0
0
0
0.847
0
0.707
0
-0.918
0
-0.066
0
-0.315
0
0.391
0
-0.322
0
-0.617
0
-0.626
0
-0.332
0
-0.848
0
0.462
0
0.752
0
0.02
0
-0.983
0
-0.231
0
0.54
0
0.763
0
-0.294
0
-0.618
0
0.136
0
0.863
0
0.624
0
0.716
0
0.477
0
0.812
0
-0.00700003
0
-0.06
0
-0.429
0
0


-17.172
0
-23.292
0
-4.089
0
-0.551
1
14.435
1
-21.881
1
-23.293
1
1.639
0
-14.638
1
-9.673
1
12.915
1
2.277
1
-12.775
0
-11.733
0
-7.324
0
0.024
1
-5.251
0
9.067
0
6.574
1
-8.757
1
-2.53
1
-13.557
1
-10.037
1
-3.624
1
-0.361
1
-7.159
0
2.191
0
0.724
1
1.759
1
-20.281
1
-17.172
2.055
1
3.864
1
-0.697
1
-1.416
1
7.465
0
-0.955
0
-0.491
0
-0.789
0
0.621
1
-2.966
1
4.724
1
-8.646
0
-1.337
0
-16.102
1
-21.11
0
3.573
0
-0.122
1
-14.303
1
8.298
0
3.934
1
2.796
1
-24.852
0
12.244
0
-4.622
1
9.825
1
8.647
0
-0.443
0
-1.267
0
-0.305
0
-0.893
0
2.055
-17.883
0
0.774
0
0.517
1
-9.551
0
-0.996
1
-15.179
1
-7.167
1
-12.79
0
-12.108
0
-0.643
1
5.587
1
-2.167
0
-3.713
0
0.234
1
-3.236
0
-0.903
0
-14.529
1
-2.118
1
3.558
0
-3.93
0
0.473
0
0.75
1
3.029
0
-0.907
0
-10.462
1
-0.152
1
-9.439
1
-9.4
0
-0.863
1
-5.017
1
-17.883
-23.779
1
-20.123
1
-12.414
0
-17.007
1
3.304
1
-1.27
0
-0.394
1
-3.954
1
-7.339
0
-0.75
0
0.817
0
-0.238
0
3.023
0
-0.409
0
-14.545
1
3.755
1
-14.555
0
0.328
1
-4.927
0
-16.26
0
4.877
1
1.865
0
-19.603
1
-3.318
1
-17.256
1
-0.992
1
-14.749
0
-6.784
1
-1.834
1
3.942
1
-23.779
11.552
0
-0.403
1
-16.184
1
-35.595
0
-5.858
1
-18.702
0
3.2
1
0.953
0
3.042
1
-4.584
1
-2.146
1
1.615
0
-0.387
0
-0.728
1
6.685
1
-0.563
0
-8.622
0
-0.64
1
-12.786
0
-0.527
1
0.154
1
7.711
1
-14.669
1
-9.543
1
-0.401
0
-2.918
0
-7.535
0
-0.41
0
-1.881
1
0.454
1
11.552
-14.407
0
-0.651
0
3.477
1
-4.528
1
-2.236
1
-0.807
1
-14.324
1
-32.981
0
-7.68
0
2.99
0
-2.756
0
1.891
0
-0.443
1
-14.909
1
-2.278
0
-0.027
1
-9.031
0
5.634
0
-10.57
1
5.893
1
-0.89
0
43.786
0
0.183
1
-12.55
1
-1.324
0
-10.165
1
-8.555
0
-0.958
1
4.736
0
0.842
1
-14.407


6.65
0
-11.488
1
20.868
0
0.095
0
-10.243
0
0.519
1
0.664
1
1.041
1
-14.595
0
0.265
0
-21.593
1
1.369
0
-9.45
1
-1.985
1
-2.83
0
-3.88
0
0.709
0
-5.365
1
-23.334
1
0.641
0
10.024
0
-2.086
1
-11.639
0
-6.086
1
-0.399
0
-0.526
0
-4.835
0
3.039
0
0.831
1
-2.039
1
6.65
-12.55
1
-12.656
1
2.596
1
7.656
1
-29.453
0
1.744
0
-8.123
0
-0.394
0
0.381
0
0.719
0
-10.698
1
-2.334
0
-0.443
0
-11.91
0
-2.125
0
0.307
1
-1.294
0
-2.769
1
-23.898
0
-17.203
1
-7.129
0
-8.233
0
0.843
1
-9.906
1
-0.207
1
5.288
0
0.018
0
-1.084
1
6.906
0
-10.711
0
-12.55
-29.719
1
4.107
0
-0.806
0
-0.635
1
1.806
1
-5.71
1
-9.867
0
4.007
0
-0.278
0
-0.342
1
-19.763
0
-0.34
1
-21.911
1
11.001
1
-25.158
0
2.628
1
-3.075
0
-2.319
0
2.8
1
-11.291
0
12.535
1
-15.063
0
-10.227
0
0.011
0
-2.484
0
6
0
-5.413
1
-0.272
0
-1.51
1
-0.617
1
-29.719
-18.31
0
-12.498
1
1.432
1
-20.556
1
-10.396
0
1.707
0
-0.236
0
-0.636
0
-2.495
1
10.849
1
-3.066
1
2.564
1
12.455
0
-1.007
1
9.556
1
-11.094
0
-0.178
0
-13.971
1
-16.987
0
13.131
0
-0.349
0
-0.381
0
-2.44
0
-6.574
0
-0.663
1
-19.376
1
9.26
0
-14.492
0
1.91
0
-4.346
1
-18.31
-16.741
1
-4.272
0
-0.377
0
12.787
0
8.456
0
-7.34
0
-2.836
1
-14.126
1
-0.771
0
-6.463
1
-11.755
0
2.156
1
-4.705
1
-0.919
1
-7.607
1
-20.232
1
-2.229
0
-0.354
0
-6.114
0
0.871
1
13.581
0
-0.058
1
-8.739
0
5.895
0
6.647
1
-9.934
0
-0.273
1
-18.335
1
-3.194
0
0.982
1
-16.741
2.212
0
-0.156
0
-10.437
0
-4.03
0
-11.482
0
-0.661
0
-28.517
0
10.944
0
-0.507
0
-6.056
0
0.159
0
-2
0
-5.766
1
2.276
1
-10.015
0
5.095
0
-0.147
0
-5.814
1
-0.074
0
1.678
0
-1.966
0
-24.804
1
-0.324
0
-3.338
1
9.396
0
-11.899
0
-0.786
0
0.173
1
-1.056
0
0.957
0
2.212


-4.631
1
4.644
1
-17.326
1
-1.666
0
7.905
1
-20.646
1
7.911
1
-5.448
1
0.993
1
-13.857
1
-2.79
0
1.653
1
9.509
0
-0.758
1
-9.333
0
-11.712
0
-3.537
0
-5.054
1
-12.439
0
-0.349
1
-24.784
0
-2.034
1
17.706
1
-13.567
0
-6.006
1
-3.734
1
3.899
1
5.613
0
-0.244
0
0.462
0
-4.631
16.652
1
-15.224
1
-0.833
1
-7.352
0
-16.379
0
5.881
0
-19.042
0
2.808
1
-15.448
0
0.941
0
5.857
0
0.625
0
0.678
0
-4.337
1
-11.324
0
-5.537
0
4.216
1
-3.996
1
-9.037
1
-3.074
0
-6.406
0
-0.826
1
6.073
0
-10.193
0
-7.23
0
-0.901
0
5.596
0
-0.948
0
-3.766
0
-6.693
0
16.652
6.01
1
-5.6
1
4.782
0
-0.124
0
0.131
1
1.786
0
-1.178
0
0.345
0
0.516
1
0.93
1
0.22
0
0.246
1
-4.574
1
-35.564
0
0.24
0
2.12
0
-1.619
1
-10.527
1
6.221
1
0.054
1
0.658
1
6.722
1
11.154
0
4.731
1
-4.15
1
2.126
0
-11.658
0
-15.442
0
-8.38
1
-12.788
0
6.01
-1.389
0
-0.457
0
0.316
0
-0.125
1
-3.757
0
-0.627
0
0.475
0
-0.738
0
0.141
0
0.527
0
-0.307
0
-3.379
1
2.248
1
-1.345
0
-0.678
0
0.985
0
-0.6
0
0.887
0
-0.543
0
-0.657
0
0.286
0
0.955
0
0.957
0
0.411
1
3.066
1
-5.301
1
0.242
1
-3.664
1
3.897
1
-4.588
0
-1.389
15.728
1
-29.139
0
-0.147
1
2.384
0
2.825
1
-2.222
1
1.887
1
-19.887
1
-26.202
0
-0.871
0
-1.363
0
0.183
0
3.104
1
-6.65
1
-13.847
0
4.189
0
0.571
0
-1.557
0
0.392
0
0.531
0
0.981
0
7.015
1
-11.387
0
2.126
1
0.979
0
-10.747
1
-11.883
0
-3.281
1
28.159
0
0.615
0
15.728
-13.32
1
-8.026
1
10.905
1
-0.636
0
0.199
0
-1.764
0
0.547
1
-5.124
1
-0.087
0
-3.599
0
-2.235
1
-12.701
0
-8.459
0
-0.563
1
4.648
0
0.451
0
-5.716
1
0.7
0
-4.704
0
-1.387
1
-3.22
1
-10.892
1
2.037
0
7.765
0
0.194
0
3.932
1
10.55
1
-4.94
1
3.801
0
3.17
0
-13.32


0
0
0.183
0
0.873
0
0.225
0
-0.703
0
0.457
1
1.086
0
0.798
0
0.368
0
-0.297
0
0.091
1
-14.88
0
-0.981
0
-0.547
0
-0.487
0
-0.884
0
0.347
0
-0.021
0
-2.169
0
0.238
0
0.403
1
-2.417
0
0.853
0
-0.82
1
-2.463
0
-0.304
1
2.166
1
7.862
0
-0.261
1
0.702
0
0
