

0
0
0.142
0
-0.083
0
-0.165
0
0.141
0
-0.413
0
0.111
0
-0.459
0
-0.182
0
0.276
0
-0.395
0
-0.217
0
0.161
0
0.309
0
-0.036
0
0.266
0
-0.227
0
0.202
0
0.201
0
0.033
0
-0.404
0
0.37
0
-0.341
0
-0.481
0
-0.215
0
-0.168
0
-0.16
0
-0.304
0
0.119
0
-0.242
0
0
0
0
-0.249
0
-0.437
0
0.316
0
0.38
0
-0.468
0
0.00700003
0
0.128
0
0.272
0
-0.115
0
0.468
0
-0.294
0
-0.284
0
0.299
0
-0.00799999
0
-0.022
0
-0.426
0
0.107
0
-0.24
0
-0.219
0
0.418
0
0.406
0
0.422
0
0.334
0
0.227
0
-0.473
0
-0.29
0
-0.252
0
-0.078
0
-0.451
0
0
0
0
-0.4
0
-0.438
0
-0.228
0
0.079
0
-0.122
0
-0.438
0
-0.123
0
-0.234
0
-0.449
0
0.072
0
0.386
0
0.062
0
-0.18
0
-0.346
0
-0.019
0
-0.488
0
-0.375
0
-0.092
0
0.437
0
-0.021
0
-0.066
0
0.099
0
-0.321
0
-0.461
0
-0.071
0
0.00199997
0
0.342
0
-0.229
0
0.297
0
0
0
0
0.288
0
0.126
0
-0.197
0
-0.231
0
-0.44
0
-0.393
0
-0.039
0
0.362
0
0.02
0
0.436
0
0.405
0
-0.082
0
-0.03
0
-0.066
0
0.06
0
0.278
0
0.062
0
-0.181
0
-0.136
0
0.363
0
-0.311
0
-0.218
0
0.268
0
-0.068
0
0.00199997
0
-0.137
0
0.45
0
0.127
0
-0.331
0
0
0
0
0.208
0
0.129
0
-0.233
0
-0.469
0
-0.351
0
-0.497
0
0.457
0
-0.121
0
0.041
0
-0.345
0
0.35
0
-0.358
0
0.207
0
0.349
0
-0.35
0
-0.301
0
-0.48
0
0.204
0
-0.075
0
-0.37
0
-0.472
0
0.041
0
0.379
0
0.089
0
-0.227
0
-0.00400001
0
0.102
0
-0.082
0
0.258
0
0
0
0
0.105
0
-0.437
0
-0.329
0
0.322
0
-0.23
0
0.228
0
0.346
0
-0.398
0
-0.179
0
-0.177
0
0.449
0
0.477
0
0.28
0
-0.274
0
0.119
0
0.00700003
0
-0.124
0
-0.315
0
-0.477
0
-0.227
0
0.368
0
-0.356
0
-0.213
0
0.356
0
-0.142
0
-0.26
0
0.408
0
-0.449
0
0.119
0
0
0
0
0.173
0
0.27
0
0.181
0
-0.079
0
0.425
0
0.28
0
-0.116
0
-0.077
0
0.132
0
0.106
0
0.335
0
0.329
0
-0.327
0
0.318
0
-0.334
0
0.057
0
0.263
0
0.015
0
-0.00299999
0
-0.014
0
-0.436
0
0.204
0
0.448
0
0.373
0
-0.44
0
-0.009
0
0.00599998
0
0.366
0
0.408
0
0
0
0
-0.384
0
-0.46
0
0.104
0
0.453
0
0.199
0
-0.461
0
-0.14
0
0.478
0
0.298
0
-0.114
0
0.248
0
-0.161
0
-0.304
0
-0.446
0
-0.274
0
0.244
0
0.169
0
-0.111
0
-0.34
0
0.248
0
0.265
0
-0.437
0
-0.461
0
-0.301
0
0.177
0
-0.479
0
-0.209
0
-0.074
0
0.079
0
0
0
0
-0.283
0
0.423
0
0.066
0
-0.207
0
-0.125
0
0.137
0
0.496
0
-0.488
0
0.437
0
-0.307
0
0.383
0
-0.427
0
0.239
0
0.029
0
-0.128
0
-0.258
0
0.236
0
-0.142
0
-0.427
0
-0.062
0
0.405
0
0.417
0
0.097
0
-0.491
0
-0.281
0
-0.498
0
-0.25
0
0.147
0
-0.047
0
0
0
0
-0.448
0
-0.122
0
-0.014
0
-0.49
0
-0.056
0
-0.111
0
-0.32
0
0.424
0
-0.262
0
-0.33
0
-0.274
0
0.129
0
0.298
0
0.313
0
0.12
0
0.211
0
0.343
0
-0.095
0
-0.247
0
-0.317
0
0.17
0
-0.388
0
0.041
0
-0.139
0
-0.015
0
0.313
0
0.349
0
-0.258
0
-0.397
0
0


5.968
1
6.373
1
5.264
0
-0.106
0
0.173
1
-1.02
0
-0.119
0
0.358
0
-0.425
0
0.00300002
0
9.273
0
-0.389
0
-1.868
0
0.024
0
0.085
0
0.412
0
0.461
0
-0.231
1
-3.709
1
3.173
0
0.291
1
2.073
0
-0.195
1
-2.24
1
-7.498
0
-2.069
0
-0.436
0
-0.069
0
0.349
0
-0.29
1
5.968
-1.013
1
-4.603
1
-1.676
0
-0.433
1
-4.109
1
-0.298
0
0.446
0
-0.00900003
0
0.366
1
1.314
0
-0.305
0
0.315
1
-1.526
0
0.257
0
0.233
0
-0.385
0
0.296
0
0.127
1
-1.612
0
0.067
1
4.795
0
0.425
0
0.027
1
0.3
0
-0.13
0
0.058
0
0.227
0
-2.274
0
-0.176
1
1.709
0
-1.013
-4.377
0
0.813
0
-0.146
0
0.269
0
-4.474
1
-0.281
1
-0.369
0
-0.322
0
-0.341
0
0.789
0
0.635
0
-1.682
1
-2.761
0
-0.161
0
-0.358
0
-0.265
1
-8.345
0
0.109
1
-6.642
0
-0.461
0
-0.102
0
-0.124
1
4.325
0
0.272
0
-3.331
1
-1.947
0
-0.204
1
-7.308
0
1.209
0
-7.371
0
-4.377
-1.538
0
0.042
0
0.017
1
-11.187
0
-0.084
0
-0.44
0
-0.177
0
-1.783
1
3.603
0
-0.363
0
0.279
0
-0.043
0
-3.005
1
3.228
1
-2.651
1
-4.177
0
-3.183
0
-0.133
0
-0.103
0
-0.153
0
-0.066
1
-2.577
0
-0.359
1
0.585
0
-0.34
0
-0.408
0
-0.065
0
0.136
0
0.341
0
-0.338
1
-1.538
1.821
0
-0.462
0
-0.488
0
0.061
0
-0.264
0
0.292
1
-2.409
1
-0.468
1
2.155
1
2.348
0
-0.066
0
0.416
0
0.058
0
-2.615
0
-0.263
0
-0.066
0
-0.124
0
0.251
1
-1.829
0
-0.171
0
0.403
0
-0.642
0
-0.368
1
-7.626
0
0.427
1
3.267
0
-0.237
0
0.266
0
-0.169
0
1.083
0
1.821
2.686
0
-3.181
0
-0.432
0
-0.263
1
-0.102
0
-0.188
1
0.032
0
0.421
1
-5.136
0
3.112
0
0.33
0
0.284
0
0.415
1
-1.811
0
0.121
1
-2.483
1
-1.996
1
0.095
1
-0.642
0
-7.833
0
0.425
0
-0.12
0
0.31
1
-0.841
0
-0.258
1
-3.928
0
-0.014
0
-0.017
0
-0.049
0
0.273
1
2.686


-2.264
0
-0.24
0
-0.297
1
-3.915
1
-0.242
0
-0.002
0
5.887
0
-0.387
0
-0.479
1
-8.272
1
-3.604
0
2.544
1
1.273
1
5.895
0
-0.121
1
1.351
0
-0.44
1
0.849
0
-0.338
1
-7.682
1
4.565
0
0.092
1
-2.198
0
0.18
0
-0.342
0
-0.322
0
-0.039
0
-0.196
0
0.35
1
1.803
0
-2.264
-2.219
0
0.758
0
-0.205
0
-0.449
0
2.096
0
-0.281
1
-0.238999
0
0.313
1
-2.034
0
-0.21
0
-0.000999987
0
0.095
0
0.24
1
0.851
0
0.015
1
2.597
1
-4.855
0
0.243
0
0.177
1
-0.807
0
-0.099
0
0.044
0
0.36
0
0.02
0
0.384
1
-0.604
0
4.238
0
-0.016
1
4.427
0
-0.361
1
-2.219
-1.785
1
2.119
0
-0.403
1
1.639
0
0.397
0
0.331
0
-0.467
0
-3.244
1
-2.044
1
0.363
0
-0.0899999
0
0.286
0
-0.248
0
-0.292
0
0.244
1
4.804
1
-2.498
0
-0.359
1
-4.738
0
0.015
0
0.301
0
-0.277
0
-0.13
0
0.339
0
-0.157
0
-2.44
0
-0.096
1
2.833
0
0.021
1
0.31
0
-1.785
0.741
1
1.913
0
0.114
0
0.496
0
-0.00600001
1
-4.679
0
0.263
0
-0.09
0
-0.323
1
1.565
0
0.315
0
0.46
0
-0.061
1
-1.225
0
-0.26
0
-0.061
1
-5.219
0
0.219
0
-0.496
0
0.148
1
-3.116
0
0.238
0
-0.057
0
0.009
1
-9.74
1
-1.25
1
-0.0150002
0
0.491
0
0.474
0
0.367
0
0.741
0.79
1
-0.156
0
0.376
1
0.651
0
-0.126
0
-0.034
0
0.465
1
-2.894
0
-0.116
1
-4.345
0
0.059
1
1.724
0
-0.364
0
-0.147
0
0.343
0
0.174
1
-0.727
0
-0.182
0
-0.337
0
0.378
0
0.638
0
-0.128
0
5.133
1
3.373
0
1.504
0
-0.143
0
-0.35
0
-0.254
1
-2.561
1
-8.393
0
0.79
0
0
0.269
1
-8.115
1
-5.282
1
-1.352
1
4.074
0
-0.18
1
-0.377
0
0.498
0
0.005
0
-0.019
0
-0.421
0
0.083
0
0.676
0
-0.109
1
-0.144
1
0.961
1
1.963
0
0.484
1
5.505
0
0.193
0
-0.184
0
-0.325
0
-0.349
1
4.762
1
1.775
0
-1.915
0
-0.294
1
-2.233
0
0.112
0
0


-2.029
0
0.212
0
-0.442
1
-1.138
0
-0.361
0
-0.067
1
2.962
1
3.932
1
-2.392
0
-0.462
0
0.203
0
-0.225
0
-0.29
1
0.622001
1
1.468
0
3.862
1
5.758
0
-0.035
0
0.195
0
2.794
1
-1.765
1
5.721
0
0.267
0
-1.077
0
0.367
1
-0.929
1
-0.627
0
0.318
0
-0.277
1
-2.856
0
-2.029
-2.522
1
-1.515
0
0.386
0
0.121
0
0.213
0
-0.43
1
0.183
0
-0.028
1
0.624
0
0.016
1
-0.547
1
3.851
1
-0.987
0
-0.113
0
0.052
0
0.107
0
0.318
1
-0.172
0
-0.43
1
-0.325
0
4.595
1
-1.369
1
-9.084
0
-0.063
1
-8.201
1
-3.502
0
0.137
1
-0.678
1
-3.478
0
-0.011
1
-2.522
-3.896
0
-0.086
0
-0.145
1
-0.63
0
0.494
0
0.297
0
0.392
0
-0.474
1
-6.215
0
-0.144
0
0.332
1
1
0
-0.00600001
1
1.795
1
0.874
0
-0.068
1
0.194
0
-0.349
0
0.182
0
0.00199997
0
0.407
1
-0.937
0
0.441
1
5.559
0
0.339
0
-0.132
0
0.481
0
0.279
0
0.174
1
-2.879
0
-3.896
-5.816
1
-0.468
0
0.217
0
-0.419
0
-0.045
0
0.197
0
-0.378
1
-4.732
1
4.732
1
-4.408
0
-0.366
0
-0.048
0
0.408
0
-0.172
0
-0.254
1
-2.352
0
-0.402
0
-0.25
0
-0.236
0
0.186
1
2.69
0
-0.414
1
1.326
0
0.262
0
-0.424
0
-0.417
0
-0.382
0
0.263
0
-0.39
0
0.337
0
-5.816
4.778
1
-5.693
0
0.222
0
-0.369
0
-0.407
0
0.239
0
-0.034
1
2.02
1
2.254
0
-0.432
0
0.436
0
-0.178
0
-3.64
0
-0.331
0
0.218
1
-3.971
0
0.267
0
0.347
0
0.156
0
-0.493
0
0.255
0
0.355
0
-0.132
1
0.666
0
-0.423
0
-0.236
0
-0.386
0
-0.353
0
-0.175
0
-0.013
1
4.778
0.039
0
-0.011
0
0.256
1
-0.339
1
3.752
0
-0.414
1
-0.262
1
0.345
1
-4.414
1
-0.791
0
0.381
0
0.096
0
-0.083
0
0.062
1
-1.24
1
1.304
1
-3.217
0
0.173
0
-0.286
0
-0.336
1
-2.108
0
-0.098
1
2.196
0
0.275
0
-0.118
0
0.131
0
-1.038
0
0.208
1
0.15
0
0.303
0
0.039


0
0
0.187
0
-0.203
0
0.097
1
0.383
0
0.384
1
0.298
0
-0.196
0
-0.221
0
-0.18
0
0.011
1
0.151
0
0.012
1
0.827
0
-0.473
0
-0.222
1
2.221
1
-1.214
1
-0.834
0
0.307
0
-0.12
0
-0.429
0
-0.043
1
-1.073
1
-0.14
1
5.408
0
0.345
0
0.315
0
-0.355
0
-0.325
0
0


0
0
-0.236
0
0.381
0
0.475
0
-0.374
0
-0.3
0
-0.194
0
-0.364
0
-0.065
0
0.039
0
0.175
0
-0.316
0
-0.014
0
-0.144
0
0.118
0
0.268
0
-0.244
0
0.47
0
-0.422
0
-0.00299999
0
-0.36
0
-0.436
0
0.186
0
-0.428
0
0.3
0
-0.226
0
0.341
0
0.163
0
-0.128
0
0.209
0
0
0
0
0.197
0
-0.198
0
0.44
0
0.276
0
0.048
0
0.178
0
0.456
0
-0.113
0
-0.474
0
0.088
0
0.21
0
-0.404
0
0.482
0
-0.121
0
0.374
0
0.366
0
-0.355
0
-0.279
0
-0.276
0
0.352
0
-0.139
0
0.237
0
-0.45
0
0.403
0
-0.023
0
0.469
0
-0.116
0
0.223
0
-0.236
0
0
0
0
-0.403
0
-0.271
0
-0.235
0
-0.236
0
0.236
0
0.278
0
-0.114
0
-0.48
0
0.354
0
-0.061
0
-0.049
0
-0.184
0
0.07
0
-0.292
0
0.374
0
0.133
0
-0.34
0
0.085
0
0.07
0
-0.053
0
-0.392
0
0.39
0
-0.417
0
-0.445
0
0.174
0
-0.136
0
0.063
0
-0.318
0
-0.191
0
0
0
0
0.00999999
0
-0.029
0
0.144
0
-0.154
0
-0.337
0
-0.155
0
-0.1
0
0.425
0
-0.38
0
-0.177
0
-0.218
0
0.302
0
-0.297
0
0.162
0
0.081
0
-0.018
0
0.203
0
-0.172
0
0.229
0
0.324
0
-0.219
0
-0.116
0
-0.1
0
0.012
0
0.009
0
0.422
0
0.312
0
-0.075
0
0.285
0
0
0
0
0.468
0
-0.146
0
0.199
0
0.187
0
0.467
0
0.13
0
0.013
0
0.212
0
0.474
0
-0.018
0
-0.187
0
0.382
0
-0.259
0
0.033
0
0.12
0
0.425
0
0.117
0
-0.384
0
-0.177
0
0.485
0
0.452
0
-0.021
0
0.347
0
0.239
0
0.171
0
-0.448
0
0.419
0
-0.302
0
0.35
0
0
0
0
0.328
0
0.00300002
0
-0.402
0
0.067
0
-0.071
0
-0.09
0
-0.322
0
0.00599998
0
-0.157
0
-0.047
0
-0.339
0
0.347
0
-0.069
0
-0.206
0
0.181
0
0.471
0
-0.029
0
-0.419
0
0.076
0
0.028
0
-0.252
0
-0.116
0
-0.258
0
-0.178
0
-0.106
0
-0.444
0
-0.343
0
-0.059
0
0.19
0
0
0
0
0.466
0
0.00599998
0
0.166
0
-0.023
0
-0.139
0
0.163
0
0.455
0
-0.039
0
-0.33
0
0.372
0
0.166
0
-0.455
0
0.186
0
-0.194
0
0.151
0
-0.03
0
-0.064
0
0.36
0
0.414
0
-0.416
0
-0.363
0
0.475
0
-0.322
0
-0.284
0
0.253
0
0.225
0
-0.256
0
0.394
0
-0.269
0
0
0
0
-0.379
0
0.499
0
0.011
0
-0.042
0
0.023
0
0.142
0
0.473
0
-0.228
0
0.389
0
0.278
0
0.244
0
-0.342
0
0.121
0
0.058
0
-0.057
0
0.195
0
0.442
0
0.283
0
0.103
0
-0.266
0
-0.03
0
0.04
0
-0.086
0
0.122
0
0.071
0
-0.296
0
-0.462
0
-0.218
0
-0.1
0
0
0
0
0.333
0
0.216
0
-0.438
0
-0.441
0
-0.151
0
0.135
0
-0.33
0
0.234
0
0.231
0
-0.416
0
-0.083
0
0.318
0
0.053
0
-0.057
0
-0.269
0
0.301
0
0.239
0
-0.38
0
0.472
0
-0.111
0
0.439
0
0.436
0
-0.097
0
0.032
0
-0.338
0
-0.114
0
-0.177
0
0.00599998
0
0.102
0
0
0
0
-0.183
0
0.211
0
-0.454
0
0.255
0
0.273
0
-0.302
0
-0.221
0
-0.292
0
0.311
0
-0.409
0
0.084
0
0.101
0
0.088
0
0.053
0
0.162
0
-0.06
0
-0.367
0
-0.478
0
-0.024
0
0.279
0
-0.491
0
0.041
0
0.244
0
0.088
0
0.125
0
-0.324
0
-0.312
0
0.145
0
0.448
0
0


-0.251
1
3.244
0
-4.299
1
0.143
0
0.009
1
-3.423
0
-0.398
1
0.775
0
-0.201
1
3.259
0
0.126
0
-0.173
0
0.144
1
-1.316
1
-0.005
1
-0.026
1
-1.566
0
0.096
0
-0.174
0
-0.262
1
-1.312
0
-0.186
0
0.45
0
0.07
0
0.02
0
0.106
0
0.474
1
-4.945
1
3.482
0
0.29
0
-0.251
-2.344
0
-0.211
0
-0.184
0
2.902
1
-0.515
1
2.85
0
-0.18
1
1.714
0
0.399
0
-0.284
0
0.234
1
0.928
1
0.32
1
2.655
0
-0.329
1
0.026
1
-4.39
0
-0.757
1
-4.02
1
5.676
0
-0.17
1
1.415
1
-0.136
0
-0.498
1
0.152
1
0.143
0
-0.384
0
-0.077
0
-0.317
0
0.078
0
-2.344
2.252
0
0.119
0
0.063
0
0.384
0
0.119
0
0.025
0
0.253
0
-0.026
0
0.204
0
-0.269
0
-0.083
0
-0.27
0
0.139
1
-1.202
1
3.367
1
0.86
1
0.469
0
-3.131
0
0.414
1
-12.285
0
-0.07
0
-0.463
1
3.131
0
-0.324
0
0.476
0
0.352
0
-0.423
0
0.149
0
0.113
0
-0.241
1
2.252
1.085
0
0.161
0
-3.388
0
-0.293
0
-0.079
0
0.00800002
0
0.497
0
0.052
0
0.351
0
-0.45
0
0.326
0
-0.021
0
2.643
0
-0.493
0
0.068
1
-0.736
1
-2.179
0
0.231
0
0.178
0
0.438
0
0.365
0
-0.232
0
-0.272
0
-0.202
0
-0.029
0
0.284
0
-0.246
0
0.324
1
5.202
0
0.127
0
1.085
0
0
0.467
1
7.769
0
0.378
0
0.417
0
0.155
0
-0.331
1
-7.302
1
-5.252
0
-0.195
0
-0.354
1
1.156
0
1.199
1
0.866
0
0.339
1
3.318
0
0.473
0
0.427
0
-0.516
0
0.032
1
2.894
0
-0.497
0
-1.877
1
-1.282
0
0.133
0
1.372
1
2.568
0
0.824
0
-0.305
1
4.102
0
0
-2.653
0
-0.349
0
0.134
0
-0.113
0
0.119
0
-0.262
0
0.182
0
-0.458
1
-8.477
1
-1.897
0
-0.055
0
5.696
0
0.248
1
0.613
0
1.281
0
0.353
0
0.437
0
-0.00999999
1
-3.971
0
-0.052
1
-1.038
1
-0.141
0
0.237
1
4.332
0
-0.2
0
-0.325
0
0.141
0
-0.335
0
0.06
0
-0.453
1
-2.653


0.0539999
0
-0.112
0
0.21
1
0.069
1
-6.387
0
-0.48
0
0.542
1
7.203
0
0.037
0
0.458
1
-3.374
1
-0.137
1
-4.038
1
4.399
0
0.446
0
-0.047
1
-0.548
1
-2.587
0
0.185
0
-0.205
0
-0.414
0
-2.852
1
6.624
0
-0.32
1
-2.373
0
0.241
1
0.757
1
2.495
0
-0.172
1
4.386
0
0.0539999
0.00899982
0
-0.475
1
0.681
0
0.213
0
5.94
1
-7.764
0
0.358
0
0.41
1
2.278
0
-0.399
0
0.328
1
-4.575
0
0.42
1
-1.43
0
-0.477
1
2.159
0
0.0120001
0
-0.046
0
-0.494
1
5.703
1
-2.473
0
-0.192
0
0.243
0
-0.162
0
0.241
0
-0.113
0
0.055
0
-0.499
1
-3.729
0
-0.019
0
0.00899982
2.319
0
0.07
1
-0.216
0
-0.117
0
0.013
0
-0.77
1
-4.766
1
-0.682
0
0.337
0
-0.379
1
-7.024
0
0.384
0
0.471
1
-3.105
0
0.319
0
-0.177
0
0.321
0
0.34
0
0.197
0
0.00999999
0
0.27
0
-0.1
0
-0.211
1
1.21
0
-0.139
1
-3.491
0
-0.448
1
-0.07
0
0.433
0
0.009
1
2.319
6.338
1
0.718
0
0.27
1
-0.898
0
-0.204
0
0.176
1
-4.167
0
0.467
1
-1.856
0
0.331
0
-0.116
0
0.262
0
-0.407
0
0.498
0
-2.816
0
0.035
0
-0.335
0
0.184
1
-3.714
1
5.748
1
-7.171
0
0.241
0
-0.096
0
0.291
0
0.451
0
0.035
1
1.289
0
0.091
0
0.115
1
3.566
0
6.338
2.237
1
0.188
1
1.604
1
-0.616
0
-0.476
0
-0.067
0
0.34
0
0.274
0
0.311
0
0.387
0
0.423
1
9.181
1
0.8
1
-0.117
1
2.869
1
-1.852
0
-0.434
0
-1.27
0
-0.396
1
-2.59
1
1.162
0
1.94
0
-0.111
0
0.261
1
-3.356
0
-0.1
0
0.199
0
0.241
0
-0.394
0
-0.118
0
2.237
0.887
0
-0.459
0
-0.198
1
-8.918
0
-0.207
1
-0.497
0
0.341
0
-0.446
0
0.277
0
0.471
0
-0.397
1
-3.242
1
-0.812
0
-1.642
1
5.433
0
-0.327
0
-0.485
1
3.044
0
-0.43
0
-0.348
0
0.254
0
-0.45
0
0.193
0
-0.193
0
-0.455
0
-1.698
0
-0.171
0
0.274
0
-2.034
0
0.242
0
0.887


0
0
0.063
0
-0.085
0
0.00700003
1
1.937
0
0.053
1
1.848
1
-0.32
0
0.257
0
0.87
0
-0.029
1
-2.939
0
0.43
0
0.376
1
-3.258
0
0.327
1
-0.034
0
0.081
0
-0.388
0
-0.392
0
-0.127
0
0.213
1
-0.588
1
-1.415
0
0.049
0
-0.45
0
0.314
0
-0.161
1
-2.383
0
0.096
0
0
-5.231
0
-1.5
0
-0.472
1
7.276
0
-0.368
0
-0.044
1
4.587
0
-0.203
1
0.961
0
0.121
0
0.089
0
0.259
1
1.812
0
-1.254
1
-1.608
0
-0.206
0
-0.314
0
-0.427
0
-0.386
0
-0.496
0
-0.02
1
-1.384
1
-0.217
1
0.265
1
2.499
0
0.369
0
0.21
0
-0.105
1
1.002
0
0.41
0
-5.231
4.622
1
0.143
1
-2.861
1
3.651
0
-0.411
0
-0.022
0
-0.494
1
0.347
0
-0.283
0
-0.46
0
0.211
0
-0.392
0
0.367
1
1.577
0
-0.073
0
0.184
1
-2.254
0
-0.065
0
0.353
0
-0.407
1
-0.734
1
-1.822
0
0.247
0
0.075
0
0.18
0
-2.662
0
-0.322
1
4.503
1
-4.363
0
0.396
0
4.622
-5.415
0
0.355
0
0.06
0
0.346
1
-0.313
0
0.089
0
-0.472
0
-0.311
1
-0.0639999
0
-0.226
0
0.258
1
1.128
0
0.116
0
0.214
0
-0.159
0
0.358
1
2.266
0
-0.095
0
-0.278
0
0.159
1
-1.453
0
0.178
0
0.025
0
0.12
0
-0.492
1
-5.978
1
1.978
0
-0.415
1
-4.021
1
-1.763
0
-5.415
-5.086
0
9.857
0
0.171
1
-4.919
0
-0.391
0
-0.458
0
0.31
0
0.328
0
-0.057
0
0.349
1
0.898
0
0.12
0
0.266
0
-0.492
0
0.073
0
-0.473
0
-0.136
0
-0.46
1
-7.915
0
0.414
1
0.332
0
-6.307
0
-0.481
0
0.401
0
0.302
0
0.191
0
-0.488
0
0.173
0
0.321
1
-0.421
1
-5.086
-3.614
0
-0.298
0
1.881
0
-0.365
1
2.077
1
-5.22
0
-0.233
0
-0.114
0
0.138
1
-3.657
0
-0.059
1
-8.598
1
0.505
0
-0.465
0
0.359
1
-2.565
0
0.203
0
0.428
0
-0.077
0
0.404
1
-4.165
1
1.294
0
0.318
0
4.004
0
0.216
0
0.2
1
-4.184
0
-0.328
0
1.208
0
-2.309
0
-3.614


3.601
0
-0.124
0
-0.093
0
-0.113
0
0.458
1
-0.904
0
0.186
1
2.945
0
-0.214
0
0.026
0
0.359
1
2.363
0
-0.056
0
0.388
0
0.458
0
0.372
0
-0.47
0
0.39
0
0.179
1
2.852
1
0.46
0
-0.168
0
-0.3
0
0.29
1
11.599
0
-0.269
1
-0.734
0
0.467
1
-0.243
0
0.095
1
3.601


0
0
0.015
0
-0.449
0
0.036
0
0.234
0
0.227
0
-0.064
0
0.376
0
0.039
0
0.495
0
0.159
0
-0.399
0
-0.123
0
-0.234
0
-0.41
0
-0.052
0
-0.448
0
0.427
0
-0.356
0
-0.08
0
0.111
0
-0.231
0
0.251
0
0.015
0
-0.039
0
0.162
0
0.263
0
0.46
0
-0.303
0
-0.454
0
0
0
0
-0.402
0
0.236
0
-0.11
0
0.146
0
-0.355
0
0.149
0
0.388
0
0.318
0
0.107
0
-0.424
0
-0.291
0
0.39
0
0.077
0
0.234
0
-0.411
0
-0.24
0
0.395
0
-0.121
0
0.146
0
0.046
0
0.109
0
-0.196
0
-0.11
0
0.491
0
-0.324
0
0.167
0
0.058
0
-0.299
0
0.06
0
0
0
0
0.283
0
0
0
-0.407
0
-0.146
0
-0.015
0
-0.393
0
-0.324
0
-0.136
0
0.042
0
0.03
0
0.26
0
0.341
0
0.125
0
0.414
0
0.365
0
0.223
0
-0.045
0
-0.473
0
0.216
0
0.277
0
0.144
0
0.173
0
0.457
0
-0.074
0
-0.272
0
0.25
0
-0.141
0
0.162
0
0.3
0
0
0
0
-0.138
0
-0.147
0
0.168
0
-0.265
0
0.225
0
-0.375
0
-0.137
0
0.000999987
0
-0.091
0
-0.429
0
0.392
0
-0.175
0
-0.056
0
-0.289
0
0.135
0
-0.000999987
0
-0.069
0
-0.13
0
0.132
0
-0.228
0
-0.086
0
-0.161
0
0.319
0
0.103
0
-0.346
0
0.032
0
0.195
0
0.124
0
-0.128
0
0
0
0
-0.134
0
0.391
0
0.195
0
-0.099
0
-0.244
0
-0.093
0
-0.455
0
-0.067
0
-0.318
0
0.339
0
0.258
0
-0.366
0
-0.231
0
0.452
0
0.156
0
0.104
0
-0.192
0
-0.342
0
0.097
0
-0.141
0
0.404
0
-0.476
0
-0.07
0
-0.125
0
0.487
0
0.107
0
0.496
0
0.487
0
0.068
0
0
0
0
0.376
0
-0.45
0
0.167
0
-0.203
0
0.391
0
0.201
0
0.158
0
0.329
0
-0.046
0
0.345
0
0.401
0
0.407
0
0.195
0
0.034
0
0.458
0
0.411
0
-0.271
0
0.296
0
-0.379
0
0.251
0
-0.021
0
0.112
0
-0.31
0
-0.142
0
-0.286
0
-0.353
0
0.053
0
-0.293
0
-0.274
0
0
0
0
0.227
0
-0.14
0
0.284
0
0.237
0
-0.366
0
-0.473
0
-0.17
0
-0.344
0
-0.494
0
0.069
0
-0.019
0
0.385
0
-0.351
0
-0.093
0
-0.45
0
-0.327
0
0.3
0
0.427
0
0.263
0
0.466
0
-0.491
0
0.228
0
0.417
0
0.115
0
-0.297
0
-0.213
0
0.456
0
-0.468
0
0.038
0
0
0
0
0.253
0
-0.331
0
-0.019
0
0.438
0
-0.077
0
-0.454
0
-0.108
0
0.388
0
-0.101
0
0.476
0
-0.034
0
-0.123
0
0.313
0
-0.36
0
0.299
0
0.155
0
-0.069
0
0.288
0
0.229
0
0.182
0
-0.119
0
-0.466
0
0.271
0
0.285
0
0.088
0
-0.048
0
0.055
0
-0.078
0
-0.216
0
0
0
0
-0.273
0
-0.165
0
-0.091
0
0.427
0
-0.253
0
-0.257
0
0.326
0
0.462
0
-0.471
0
0.269
0
0.047
0
-0.05
0
-0.077
0
0.178
0
-0.242
0
0.058
0
0.211
0
-0.122
0
-0.217
0
-0.057
0
-0.485
0
-0.476
0
-0.449
0
-0.301
0
-0.402
0
0.089
0
-0.267
0
0.092
0
-0.419
0
0
0
0
-0.055
0
-0.242
0
-0.306
0
0.22
0
-0.108
0
0.475
0
0.258
0
-0.442
0
0.446
0
0.199
0
-0.265
0
0.433
0
-0.437
0
0.374
0
0.476
0
0.472
0
0.336
0
-0.243
0
0.123
0
-0.472
0
-0.31
0
0.399
0
-0.447
0
-0.265
0
0.032
0
-0.478
0
-0.354
0
-0.416
0
-0.284
0
0


2.416
0
0.048
1
2.403
0
0.39
0
0.336
0
0.125
0
0.238
0
-0.00400001
0
-0.076
1
10.212
0
-0.4
0
-0.251
0
-0.078
1
-2.235
0
-0.047
0
0.49
0
-0.237
1
2.053
1
-2.01
0
0.322
0
0.023
1
-0.0029999
1
-3.668
1
3.368
0
-0.459
0
0.324
0
-1.407
0
-0.097
1
2.684
0
0.211
0
2.416
0.38
0
-3.795
0
0.407
0
-0.495
1
-1.457
0
0.058
1
-2.805
0
0.064
1
1.423
0
-0.363
0
0.091
0
-0.07
0
-0.179
0
0.336
0
0.243
0
0.485
1
1.752
1
2.276
1
-7.166
0
-0.222
0
0.438
0
-0.097
0
-0.035
0
-2.032
0
-0.284
0
0.396
1
-1.259
0
0.294
1
2.464
0
0.00800002
1
0.38
0.793
1
-0.572
0
5.268
1
0.241
0
0.342
1
-2.796
1
-0.637
0
-0.171
0
0.041
0
0.102
1
-9.185
0
1.165
1
-0.594
1
-3.813
1
6.757
0
-0.308
0
0.403
1
-1.623
0
0.356
1
4.379
1
-2.981
1
-0.11
0
0.057
0
0.0910001
0
10.055
0
-0.151
1
0.113
0
0.035
0
0.197
1
-0.814
0
0.793
-0.378
0
0.398
1
-0.622
0
-0.466
0
-1.672
0
-0.395
1
5.034
1
-8.677
1
-0.252
0
-0.287
1
3.075
1
-2.481
0
-0.113
1
-5.516
1
-15.373
1
-1.739
1
-4.221
1
-1.964
0
-0.064
1
2.732
0
0.202
0
0.09
0
-0.299
0
-0.163
1
-0.857
1
0.194
1
-0.473
0
-5.89
1
-2.96
1
1.009
0
-0.378
-1.845
0
0.295
1
4.355
0
-0.249
0
-0.00799999
0
-0.495
1
-3.296
1
-2.972
0
0.084
1
1.932
1
2.009
0
0.096
1
0.354
1
0.258
1
0.017
1
1.948
0
-0.199
0
-0.458
0
-0.002
0
0.371
0
0.081
0
-0.231
1
-4.845
1
-1.187
0
-5.316
0
0.448
0
-0.482
0
-0.167
0
0.35
0
-0.092
0
-1.845
-3.613
1
0.66
1
-4.671
1
0.042
1
0.448
0
-0.021
1
3.838
0
-0.065
1
0.573
0
-0.033
0
-0.353
0
0.429
1
-4.393
0
-0.425
1
2.879
0
-0.241
0
-0.28
0
0.103
0
0.206
0
-0.195
0
-0.019
1
-0.796
0
0.064
0
-0.081
0
-0.328
0
-0.309
1
3.999
1
6.982
0
3.991
0
-0.22
1
-3.613


-1.018
0
-0.438
1
-1.467
0
-0.366
0
-2.839
0
0.165
1
0.244
0
0.162
0
0.211
1
-5.155
0
0.351
0
2.032
0
0.368
0
-0.444
1
6.442
0
-0.185
1
1.665
1
-0.541
0
-0.083
0
1.411
0
-0.355
0
-0.498
1
-1.507
1
-0.592
1
1.329
0
-0.479
0
-0.218
0
-0.435
0
-0.241
0
-4.851
0
-1.018
-7.955
0
0.155
0
-2.39
1
7.115
1
-0.668
0
-0.291
0
0.12
0
-0.109
1
6.483
1
9.322
0
0.093
0
0.077
1
-3.474
0
0.258
1
3.976
0
0.427
1
-3.65
0
-0.189
0
-0.438
1
-3.608
0
0.423
1
-2.678
0
-0.252
0
-4.882
1
4.659
1
-1.885
0
0.409
0
-0.238
1
-2.966
1
-3.402
0
-7.955
-9.732
0
-0.344
0
-0.273
0
0.419
1
-4.457
0
-0.379
1
3.839
0
-3.865
1
-1.707
0
0.238
1
-5.237
1
-4.485
1
4.878
0
0.413
0
-0.085
0
0.369
0
0.306
1
-2.143
1
1.916
1
-0.249
1
0.026
1
3.235
0
0.325
0
0.313
0
-0.047
1
-3.128
1
-0.517
0
0.232
0
-0.239
1
-3.552
1
-9.732
-0.295
0
-0.353
1
-0.556
0
-0.253
0
-1.713
1
2.168
0
-0.337
0
-5.585
1
-0.219
1
5.995
1
1.373
0
0.087
0
-2.325
0
-0.236
0
-0.288
1
-4.113
1
-2.133
0
-0.165
1
4.894
0
-0.203
0
0.441
0
0.296
0
-0.000999987
0
0.182
0
-1.918
0
-0.388
0
-0.289
0
-0.45
0
0.119
1
-5.734
0
-0.295
-1.902
1
1.64
0
-0.119
0
-2.683
1
-2.549
1
-0.25
0
-0.431
0
-0.17
1
0.0510001
0
0.197
0
0.384
0
0.086
0
0.432
1
-0.756
1
-2.492
1
1.349
0
-0.472
0
0.343
0
-0.36
1
-2.158
0
0.199
0
0.44
0
-0.202
0
0.486
0
-0.36
0
0.238
0
0.107
0
-0.166
1
-1.859
0
0.357
0
-1.902
-1.07
0
-0.009
0
-0.301
0
-0.021
0
0.381
1
-6.345
0
-0.265
0
1.319
1
-0.0370001
0
0.743
0
-0.303
0
0.297
1
5.562
0
-0.116
1
0.379
0
0.155
0
-0.184
0
-0.148
0
0.497
0
0.103
0
0.252
1
-10.833
1
-4.001
0
-0.323
1
-0.102
0
-0.158
0
-0.426
0
0.28
0
-0.305
1
-5.68
0
-1.07


5.597
1
0.0609999
1
-1.889
0
-1.438
0
-0.341
1
1.996
1
0.213
0
0.117
0
0.175
0
0.223
0
-0.045
0
0.031
0
0.292
1
4.53
0
2.219
0
0.267
0
0.072
0
0.044
0
-0.089
1
-1.499
0
-0.486
0
-0.274
0
-0.466
1
-6.074
1
-0.082
1
-1.465
0
-0.427
0
0.021
0
-0.43
0
-0.3
0
5.597
-2.312
0
-0.441
0
-0.36
1
-1.459
0
0.177
0
-0.294
0
-0.3
1
-3.998
0
-0.195
0
-0.00299999
0
-0.023
1
3.245
0
0.312
0
0.223
0
-0.374
1
-2.688
0
-0.386
0
0.066
1
6.829
0
0.256
0
0.025
1
-8.372
0
0.44
0
-0.437
0
-0.042
0
-0.086
1
-1.451
1
11.235
1
1.579
0
0.248
0
-2.312
3.966
0
0.443
0
-0.352
1
1.736
0
-0.313
0
-0.096
0
-0.496
1
-2.543
1
1.009
1
-5.993
0
-2.331
0
0.375
0
0.075
0
-0.038
0
0.011
0
-0.433
0
-0.089
1
1.169
0
-3.084
0
-0.025
0
-0.152
0
0.016
0
-0.191
1
-3.901
0
0.348
1
0.411
0
-3.638
1
1.653
0
0.028
0
-0.444
1
3.966
-3.049
0
-0.367
0
-0.242
0
0.13
0
-0.101
1
-0.674
0
-0.648
0
0.038
0
0.078
0
0.266
1
0.088
0
0.372
0
-0.135
0
-0.329
0
0.183
0
0.177
0
0.434
0
0.48
0
-0.169
0
-1.57
1
-6.334
0
0.678
1
-0.243
1
10.952
1
-1.516
0
-0.352
0
-3.595
0
-0.433
0
-0.00600001
0
0.056
0
-3.049
2.467
0
-0.207
0
-0.198
0
-2.039
0
-0.121
0
-0.169
0
-0.482
1
-1.218
0
-0.414
1
-2.786
0
0.00300002
0
0.42
0
0.406
0
0.479
0
0.286
0
-0.209
1
-0.161
0
-0.407
1
1.566
0
0.324
1
3.472
1
-1.818
0
-0.188
0
-0.054
0
-0.212
0
-0.084
0
-0.056
0
0.036
0
-0.475
0
0.488
0
2.467
-1.122
0
-0.181
0
0.338
1
0.377
0
0.218
0
-0.25
0
-0.22
0
0.341
0
0.04
0
-0.434
1
-0.963
1
-0.635
1
-1.518
1
2.271
0
0.136
0
-0.341
0
0.072
0
-0.049
1
-5.304
0
0.024
0
-0.475
0
0.186
0
0.05
0
0.071
1
1.62
1
-3.42
0
0.4
0
0.275
1
-3.293
0
-0.116
1
-1.122


-0.944
1
-0.045
0
-0.106
0
0.084
0
-0.153
0
-0.111
0
0.386
0
-0.442
1
0.647
0
-0.151
0
0.211
1
-9.205
0
-0.08
0
-0.275
0
0.432
0
0.014
0
-0.257
0
0.209
0
-0.323
0
0.281
0
-0.214
0
0.444
0
-0.403
0
-0.269
0
0.097
0
0.359
0
-0.281
0
-0.397
0
0.175
0
-0.322
0
-0.944


0
0
-0.461
0
0.152
0
0.081
0
0.236
0
0.192
0
-0.121
0
0.316
0
-0.233
0
-0.488
0
0.443
0
-0.461
0
0.443
0
-0.492
0
0.315
0
-0.161
0
-0.059
0
0.227
0
-0.317
0
-0.277
0
-0.396
0
-0.187
0
-0.072
0
-0.294
0
0.087
0
0.402
0
-0.286
0
-0.111
0
-0.37
0
-0.114
0
0
0
0
0.497
0
-0.416
0
-0.089
0
-0.294
0
-0.41
0
-0.332
0
0.468
0
-0.413
0
0.183
0
-0.395
0
0.277
0
0.125
0
-0.27
0
-0.417
0
-0.247
0
0.233
0
-0.181
0
-0.484
0
0.489
0
0.182
0
0.367
0
0.325
0
-0.454
0
0.176
0
-0.494
0
-0.461
0
0.336
0
0.134
0
0.028
0
0
0
0
0.04
0
0.44
0
0.43
0
-0.049
0
-0.087
0
0.301
0
0.456
0
0.359
0
0.465
0
-0.44
0
-0.452
0
0.137
0
0.223
0
-0.063
0
0.445
0
-0.032
0
-0.179
0
-0.283
0
0.408
0
0.028
0
-0.189
0
-0.18
0
0.401
0
-0.193
0
-0.287
0
0.14
0
-0.214
0
0.14
0
0.135
0
0
0
0
0.257
0
-0.408
0
0.471
0
0.155
0
-0.473
0
-0.41
0
0.433
0
0.094
0
-0.169
0
0.143
0
0.283
0
0.221
0
0.111
0
0.225
0
-0.297
0
-0.17
0
0.246
0
-0.302
0
0.307
0
-0.224
0
-0.356
0
-0.229
0
0.442
0
0.097
0
-0.267
0
-0.027
0
0.211
0
-0.338
0
-0.313
0
0
0
0
-0.182
0
-0.462
0
-0.324
0
0.254
0
0.425
0
0.304
0
0.402
0
0.115
0
-0.076
0
-0.115
0
-0.492
0
-0.352
0
-0.145
0
0.465
0
-0.093
0
0.036
0
-0.327
0
-0.333
0
0.12
0
0.245
0
-0.155
0
-0.448
0
-0.235
0
0.241
0
0.207
0
0.373
0
-0.459
0
0.392
0
0.112
0
0
0
0
0.082
0
-0.178
0
-0.266
0
-0.066
0
-0.099
0
0.022
0
0.354
0
-0.14
0
-0.463
0
-0.277
0
0.312
0
0.377
0
-0.064
0
-0.429
0
-0.203
0
-0.482
0
0.00800002
0
0.184
0
0.032
0
0.271
0
0.171
0
-0.044
0
-0.319
0
-0.423
0
0.129
0
0.025
0
0.262
0
-0.304
0
-0.428
0
0
0
0
0.308
0
-0.172
0
-0.031
0
0.078
0
-0.139
0
0.044
0
-0.382
0
0.388
0
0.252
0
0.029
0
-0.229
0
-0.071
0
0.188
0
0.409
0
0.305
0
0.419
0
0.153
0
-0.477
0
0.305
0
-0.299
0
0.032
0
-0.363
0
0.112
0
-0.474
0
-0.465
0
0.314
0
-0.415
0
-0.272
0
0.11
0
0
0
0
0
0
0.223
0
-0.158
0
-0.43
0
-0.479
0
0.417
0
0.227
0
0.471
0
-0.242
0
0.179
0
0.446
0
-0.38
0
0.344
0
0.383
0
0.245
0
0.417
0
-0.252
0
-0.011
0
-0.379
0
0.485
0
-0.175
0
0.21
0
0.412
0
0.36
0
0.064
0
-0.256
0
-0.396
0
0.421
0
0.125
0
0
0
0
0.25
0
-0.227
0
0.093
0
0.426
0
0.443
0
0.112
0
0.027
0
0.211
0
0.491
0
-0.007
0
-0.448
0
-0.221
0
-0.211
0
0.42
0
-0.439
0
-0.397
0
-0.149
0
-0.392
0
0.441
0
0.102
0
0.372
0
0.045
0
-0.227
0
-0.218
0
0.403
0
-0.393
0
0.155
0
-0.361
0
-0.194
0
0
0
0
0.307
0
-0.292
0
-0.079
0
-0.24
0
0.182
0
0.37
0
0.387
0
-0.262
0
0.202
0
0.176
0
-0.275
0
-0.173
0
0.086
0
-0.465
0
0.046
0
0.483
0
-0.374
0
-0.33
0
0.23
0
-0.227
0
0.135
0
0.422
0
0.024
0
0.386
0
0.18
0
-0.166
0
-0.358
0
-0.271
0
-0.108
0
0


-1.62
0
-0.616
0
0.305
0
-0.472
0
0.224
1
3.386
1
-7.377
0
0.447
0
-0.419
0
0.482
0
0.136
0
0.497
0
0.424
0
-0.378
1
-1.622
0
1.728
0
-6.759
0
0.314
0
-0.228
1
-2.199
1
-0.227
0
0.426
0
0.39
0
-2.81
0
0.37
1
-2.015
0
0.055
1
-4.837
1
-14.559
0
0.109
0
-1.62
1.611
0
0.317
0
0.03
1
-9.406
1
-6.977
1
1.479
0
-0.06
1
-3.469
1
-0.608
0
0.417
0
-5.252
0
-0.137
0
0.297
0
0.347
0
-0.14
1
-0.315
1
-0.347
0
-0.181
0
-0.38
1
0.645
0
0.246
1
4.49
1
-0.0380002
1
-0.776
0
-0.318
1
-0.444
0
0.431
1
10.781
0
0.248
0
0.047
0
1.611
-1.214
0
0.223
0
5.6
0
0.498
1
5.667
0
0.374
0
0.18
1
-5.986
0
0.327
0
-3.954
1
7.048
0
-1.972
0
-0.461
1
-1.992
1
1.135
1
-3.697
1
-1.604
0
0.356
0
-0.095
1
-1.868
0
2.29
1
5.844
1
-0.0370002
1
0.835
0
-0.024
0
-0.314
1
7.038
0
-2.977
1
3.575
0
-0.457
0
-1.214
-1.024
0
0.341
1
-0.691
1
0.058
0
-0.489
0
-0.377
1
5.77
1
-2.916
0
0.047
1
-1.701
0
0.452
0
0.173
1
-2.724
1
-0.147
0
0.024
1
-2.251
0
-0.144
1
-1.92
0
-0.136
0
0.031
1
10.895
1
-0.0790002
0
-0.168
1
-3.42
0
0.9
1
-2.558
1
-15.655
1
-4.562
1
-9.961
0
0.389
0
-1.024
-2.471
1
-0.374
0
-0.434
1
-0.892
0
-2.079
0
0.359
0
0.424
1
0.316
1
-3.185
0
-0.358
0
0.052
0
0.493
0
-0.171
1
0.539
0
-0.276
1
3.985
0
-0.379
0
-0.169
0
0.019
0
-1.412
0
-0.061
0
0.34
0
-0.33
1
1.805
0
-0.463
0
1.273
0
0.284
0
-0.244
1
3.129
0
4.704
0
-2.471
-0.372
0
-0.179
1
-11.054
1
2.096
0
0.34
0
0.051
1
4.659
0
0.116
0
-0.068
0
0.345
1
-2.263
0
-0.355
0
-0.106
0
-0.308
0
0.208
1
-3.052
0
-5.309
0
-0.4
1
-2.201
0
0.083
0
-0.377
0
-0.186
1
3.232
1
0.606
0
-0.342
1
0.0349998
0
1.161
0
0.05
0
-2.554
0
-0.127
0
-0.372


-1.09
1
-3.583
0
-0.153
1
-1.509
0
0.423
1
-2.096
1
-0.551
0
2.34
1
2.168
1
0.135
0
-0.479
0
-0.22
0
0.075
0
-0.118
0
-0.262
0
0.359
1
5.085
0
0.352
0
-0.469
0
-0.273
1
-1.9
0
-0.462
1
-1.243
0
0.115
1
9.497
1
-1.462
0
-0.301
0
0.307
0
0.217
1
-2.289
0
-1.09
1.498
0
0.127
0
0.258
0
0.029
0
-0.122
0
-0.417
1
0.262
1
1.683
1
-1.678
1
0.912
0
0.022
0
0.119
0
-0.365
0
0.22
1
-0.926
0
-0.321
0
-0.135
0
-0.184
1
-4.525
1
0.0839999
0
0.00800002
0
-0.204
1
3.213
0
-0.423
1
-0.453
0
-0.349
0
0.1
0
0.295
0
0.288
1
-4.252
1
1.498
-3.476
1
-2.473
0
-0.209
0
-0.491
0
-0.034
0
-0.406
0
0.281
0
0.49
0
-0.033
1
2.418
0
-0.403
0
0.528
0
0.155
1
3.481
1
-3.235
1
0.757999
0
0.266
0
-0.967
0
0.46
0
-0.104
0
-0.328
1
-0.362
0
-0.321
0
0.304
1
-8.348
0
-0.44
1
-5.961
0
-2.93
0
-0.092
0
0.395
1
-3.476
0.268
0
0.026
0
-0.199
0
0.257
0
0.22
0
0.147
0
-0.453
0
0.294
1
-0.746
1
-2.126
0
0.314
1
-2.135
0
-0.126
0
-0.396
1
-0.011
0
-0.011
0
-0.087
0
-0.315
0
0.465
0
0.164
1
-1.271
0
0.09
0
0.132
0
-0.128
0
0.346
0
-0.426
0
0.487
0
-0.369
0
-0.081
0
-0.308
1
0.268
-0.344
0
-0.229
0
-0.261
1
-0.644
1
5.31
0
-0.104
1
-1.756
0
-0.135
0
0.477
0
0.497
1
-8.17
0
-0.253
0
-0.277
1
-0.0390002
0
-0.276
0
-0.289
1
-5.709
0
0.026
1
-0.879
0
-0.049
1
6.559
0
0.128
1
-4.724
1
-0.585
1
-0.497
1
-2.142
0
-0.254
0
-2.622
1
1.781
0
0.119
1
-0.344
6.102
0
0.278
0
0.312
0
0.03
0
0.493
0
0.009
0
0.023
0
-0.439
0
0.042
1
0.334
0
-0.094
1
-2.229
0
0.021
0
0.171
0
0.316
1
0.425
0
-3.631
1
-0.201
1
-4.305
1
-9.008
1
-2.234
1
-3.46
0
0
0
2.459
0
-6.821
0
0.244
0
0.166
0
-0.249
0
0.165
0
-2.133
1
6.102


2.131
1
-2.982
0
-0.298
0
-0.499
0
0.229
0
-0.373
0
0.126
1
-2.565
0
-0.398
0
0.00800002
0
-0.343
1
-6.962
0
-0.397
0
-0.151
0
-0.282
0
0.014
1
-2.575
0
-0.472
1
-6.718
0
-0.308
0
0.00400001
0
0.228
0
-0.142
0
-0.279
0
5.013
0
6.355
0
0.312
0
0.128
1
-2.618
0
-0.427
0
2.131
3.428
0
-0.267
1
-2.668
0
-0.169
0
-0.08
0
0.398
1
-0.056
1
-4.823
0
0.433
1
3.202
1
-3.28
0
-0.377
1
-3.789
1
-5.346
0
0.198
1
-1.826
0
3.313
1
-3.429
1
2.111
0
-0.351
1
-0.951
0
0.042
0
2.658
0
0.009
0
-0.103
0
0.193
1
7.72
0
-0.231
1
-0.419
0
-0.101
1
3.428
-0.328
0
-0.123
0
-0.461
0
-1.244
1
-1.788
0
-0.174
1
-6.354
1
-1.594
0
0.43
0
0.237
1
1.221
1
1.617
0
0.391
0
0.499
1
-0.333
1
3.787
1
-1.132
0
0.278
0
0.475
1
1.242
0
-0.071
0
0.723
1
-2.703
0
0.335
0
-0.571
0
0.425
0
-0.254
0
0.166
0
0.154
1
-4.706
0
-0.328
0.858
0
-0.217
0
-3.49
0
0.02
0
-0.315
0
-0.216
1
-0.324
0
-0.416
1
-2.422
0
-0.217
0
-1.933
0
0.195
0
0.447
0
0.074
1
1.294
0
0.149
1
-7.244
0
-0.436
0
0.058
0
-2.351
1
-4.324
1
-5.859
0
0.606
1
-1.834
1
-3.504
0
-0.298
0
-0.422
0
-0.461
0
-0.437
0
0.384
0
0.858
-2.119
0
-1.365
0
0.005
1
1.482
1
-5.314
0
-0.05
1
-2.968
1
1.774
1
6.956
0
0.197
0
0.138
0
0.192
0
-0.317
0
0.399
0
-0.138
1
-4.501
1
-0.108
1
2.813
0
-0.316
0
-0.379
0
-0.327
0
-0.383
0
0.342
0
0.157
1
-1.57
0
1.731
0
-0.339
0
0.146
0
0.46
1
-0.443
0
-2.119
3.792
1
-0.236
0
2.886
0
-0.158
0
1.108
0
-3.494
0
0.195
0
-4.456
1
-2.396
0
0.43
1
-0.803999
1
3.023
1
-7.572
1
0.26
0
-0.332
0
-0.043
1
1.7
1
1.12
0
-0.165
1
0.972
1
-2.485
0
0.361
0
0.313
1
-7.296
0
0.347
0
0.18
0
-0.156
0
0.209
0
0.371
1
-1.114
0
3.792


-0.255
1
0.0890002
0
-0.002
0
-0.421
0
0.379
1
-0.0799999
1
0.595
0
0.408
0
0.137
1
0.294
0
-0.07
1
-7.363
0
0.297
0
0.005
0
0.486
0
-0.382
0
-0.403
0
-0.164
0
0.14
0
-0.173
1
0.193
0
-0.439
0
0.254
0
0.291
0
0.219
0
-0.36
0
0.255
0
0.061
1
0.42
0
-0.192
0
-0.255
