

0
0
-0.11
0
-0.279
0
0.98
0
-0.305
0
0.824
0
-0.576
0
-0.323
0
-0.744
0
-0.509
0
0.303
0
-0.223
0
0.619
0
-0.889
0
0.233
0
-0.716
0
0.0319999
0
-0.85
0
-0.835
0
0.41
0
-0.037
0
0.224
0
-0.68
0
-0.213
0
0.238
0
0.817
0
-0.919
0
0.972
0
-0.287
0
0.938
0
0
0
0
-0.076
0
0.108
0
-0.771
0
0.763
0
0.563
0
0.931
0
-0.019
0
0.69
0
-0.341
0
0.744
0
0.198
0
0.015
0
-0.643
0
0.601
0
0.654
0
0.863
0
-0.448
0
-0.547
0
-0.282
0
-0.367
0
-0.148
0
-0.462
0
0.956
0
0.505
0
0.533
0
0.442
0
-0.286
0
-0.269
0
0.676
0
0
0
0
-0.487
0
0.492
0
0.353
0
0.069
0
-0.746
0
0.427
0
-0.544
0
0.131
0
-0.869
0
-0.08
0
-0.00800002
0
-0.437
0
-0.063
0
-0.18
0
-0.672
0
-0.65
0
-0.623
0
-0.388
0
-0.983
0
-0.937
0
0.897
0
0.838
0
-0.388
0
0.349
0
0.336
0
-0.271
0
-0.286
0
0.189
0
0.00300002
0
0
0
0
-0.176
0
-0.687
0
-0.907
0
0.79
0
0.233
0
-0.564
0
-0.24
0
0.711
0
-0.247
0
0.321
0
0.27
0
0.731
0
-0.362
0
0.482
0
0.627
0
0.099
0
-0.535
0
0.657
0
-0.165
0
0.554
0
0.648
0
-0.256
0
-0.288
0
0.099
0
0.564
0
-0.649
0
-0.964
0
0.594
0
-0.877
0
0
0
0
-0.866
0
-0.512
0
0.859
0
-0.987
0
-0.251
0
-0.607
0
0.95
0
-0.63
0
0.624
0
-0.439
0
0.316
0
-0.498
0
0.617
0
0.88
0
-0.295
0
0.568
0
0.731
0
-0.56
0
0.808
0
-0.826
0
-0.76
0
-0.559
0
-0.392
0
-0.093
0
0.433
0
0.727
0
-0.409
0
0.987
0
-0.031
0
0
0
0
-0.946
0
0.234
0
-0.457
0
0.625
0
0.564
0
-0.283
0
-0.027
0
0.253
0
-0.224
0
0.9
0
0.33
0
-0.861
0
0.36
0
0.235
0
-0.273
0
0.013
0
-0.924
0
0.35
0
0.545
0
-0.865
0
0.532
0
-0.052
0
-0.214
0
-0.497
0
-0.041
0
0.125
0
0.0319999
0
-0.632
0
-0.087
0
0
0
0
-0.303
0
-0.308
0
0.935
0
0.829
0
-0.182
0
0.315
0
0.415
0
-0.691
0
-0.314
0
0.603
0
-0.678
0
0.436
0
0.624
0
0.915
0
-0.904
0
0.3
0
-0.297
0
-0.242
0
-0.602
0
-0.81
0
-0.021
0
-0.322
0
0.173
0
-0.453
0
-0.131
0
0.579
0
-0.305
0
0.0369999
0
0.962
0
0
0
0
0.319
0
-0.887
0
0.397
0
0.796
0
-0.982
0
-0.387
0
0.162
0
0.953
0
0.257
0
0.252
0
-0.35
0
-0.549
0
-0.609
0
-0.199
0
-0.504
0
0.408
0
0.704
0
-0.577
0
0.558
0
-0.373
0
-0.459
0
0.423
0
-0.437
0
-0.588
0
0.268
0
-0.036
0
0.655
0
-0.256
0
-0.864
0
0
0
0
-0.422
0
-0.42
0
-0.429
0
-0.648
0
0.226
0
-0.922
0
-0.541
0
-0.816
0
-0.627
0
0.586
0
0.998
0
0.59
0
0.926
0
-0.301
0
-0.329
0
0.222
0
-0.46
0
-0.51
0
0.941
0
-0.866
0
0.563
0
-0.328
0
-0.022
0
0.468
0
0.551
0
0.71
0
-0.302
0
0.949
0
0.182
0
0
0
0
0.13
0
-0.074
0
0.476
0
-0.986
0
-0.619
0
0.176
0
-0.887
0
0.772
0
0.557
0
0.179
0
-0.722
0
0.395
0
0.503
0
-0.837
0
-0.231
0
0.274
0
0.702
0
-0.445
0
-0.807
0
0.376
0
0.244
0
-0.648
0
0.182
0
0.731
0
-0.303
0
0.64
0
0.847
0
-0.199
0
0.09
0
0


-22.137
1
-14.769
0
-14.338
1
6.654
0
-5.91
1
-11.568
1
-4.623
0
-2.586
0
1.68
1
3.215
0
0.518
0
2.694
0
-0.543
1
-1.156
1
-15.82
1
-10.022
1
-0.902
1
-2.3
0
-7.187
1
-22.623
0
0.827
0
-2.604
0
-1.797
0
-1.66
1
-33.096
1
17.867
0
-0.278
1
-11.204
1
-11.131
0
0.962
0
-22.137
-3.925
1
-0.905
1
-14.695
0
-7.854
0
10.483
1
-17.008
0
-10.646
1
10.605
1
5.398
1
13.838
0
-5.344
1
-4.615
1
-4.496
0
-11.175
1
-13.585
0
0.498
0
-17.62
0
-24.155
1
-13.573
1
-8.357
0
-0.696
1
-10.426
0
-0.898
0
-3.089
0
0.109
1
-5.999
1
-25.945
1
-15.523
0
-10.882
1
-7.143
0
-3.925
-4.244
1
-0.872
0
-1.396
0
0.377
1
-3.519
0
-0.165
0
-2.368
0
-6.028
0
-3.109
0
-1.203
1
-7.657
1
-9.533
1
-11.051
0
-17.377
1
-0.885
1
-10.86
1
-3.382
0
-16.69
0
-9.304
0
3.389
1
-2.458
1
-2.785
1
-5.232
1
-3.928
0
-15.778
0
-3.513
0
-13.623
0
-0.165
0
-0.955
0
0.262
1
-4.244
-5.858
0
5.239
0
0.423
0
-2.345
1
-1.567
1
-12.191
1
2.484
0
19.818
0
-3.345
0
-2.373
0
4.157
0
0.893
1
-14
1
-3.168
1
-17.925
1
6.357
1
-2.422
1
-1.506
1
-15.24
1
-4.501
1
-9.983
0
-7.94
1
-14.032
0
-11.696
1
-29.878
0
-9.1
1
-10.017
1
16.106
1
-0.621
1
-21.486
0
-5.858
1.498
1
-16.685
0
-0.835
1
1.213
1
4.516
0
-0.92
1
-6.963
1
11.079
1
-13.793
1
-15.41
0
-7.76
0
3.783
0
-2.462
0
-1.794
0
0.445
1
3.221
0
-0.929
0
-6.091
0
-26.913
1
10.615
1
0.911
0
8.314
0
-3.079
1
-7.459
0
-0.35
0
8.524
1
-3.651
0
0.401
0
-6.371
0
-2.519
0
1.498
-11.019
1
13.02
1
-3.369
1
1.987
1
-12.602
1
-8.325
1
-21.923
0
-11.376
0
0.699
0
8.07
1
-3.494
1
0.725
1
-5.924
0
4.634
0
-2.724
1
-0.567
1
0.904
0
-11.969
1
-4.791
1
7.68
1
-5.115
1
15.362
1
-24.549
0
-8.374
0
-0.679
0
-0.248
1
-25.868
1
3.408
1
-12.819
0
1.537
1
-11.019


-31.885
0
0.828
0
0.25
1
-24.802
1
-18.938
1
-7.133
0
-2.465
1
4.971
0
-1.149
1
-0.114
0
-17.175
1
-8.784
0
0.645
0
-7.274
1
1.509
1
1.626
1
7.679
1
-1.242
0
2.88
0
4.323
1
2.744
0
-0.497
1
-13.996
0
-8.955
1
-3.584
0
15.147
0
-1.14
1
0.969
1
-2.327
0
7.646
0
-31.885
-25.173
0
1.457
1
-8.896
1
-4.857
0
-0.195
1
4.337
0
3.639
1
-7.401
1
1.939
1
-13.368
0
-0.405
1
-11.403
0
-4.981
1
-11.698
1
4.134
1
-5.609
0
-5.554
0
4.849
1
0.719
0
0.545
0
-11.415
0
0.00699997
1
0.778
0
-4.773
0
-5.653
0
-2.382
1
-15.996
0
-6.831
1
-1.792
1
-0.475
1
-25.173
-14.671
1
0.447
0
-7.025
0
5.459
0
-12.747
1
17.43
0
-0.724
1
-15.095
1
0.899
1
11.066
0
-8.8
0
0.577
0
0.366
1
3.299
1
9.421
0
-8.876
1
15.195
0
-8.443
1
-3.518
1
-3.845
0
-12.319
1
-27.283
1
-1.486
0
-7.304
1
-8.982
0
0.496
1
-3.515
0
-21.493
0
-9.148
0
4.993
1
-14.671
-15.214
0
-9.818
1
-17.58
1
-3.723
1
-11.182
1
-47.74
1
-9.409
0
4.957
0
0.403
1
-3.732
0
1.639
0
-8.692
0
-9.664
0
0.271
0
1.732
0
-3.056
1
-24.037
1
0.869
0
-3.479
0
-23.164
1
-20.151
1
5.057
0
-16.961
1
-3.046
0
-1.763
0
-6.817
0
-14.917
1
-26.483
1
8.856
0
0.834
0
-15.214
7.649
0
-10.032
1
-17.164
1
3.409
0
0.731
0
-0.139
1
-9.533
0
1.87
1
4.213
0
-0.513
0
-7.162
1
-14.325
1
-16.498
1
-7.982
1
-13.89
1
3.585
0
3.839
1
-12.017
0
-5.302
1
-4.989
0
11.158
1
-5.606
0
-18.023
0
-2.765
1
-4.831
0
-3.643
1
-26.306
1
-9.586
1
-9.612
1
-27.231
1
7.649
2.645
1
0.35
1
1.216
1
-1.614
0
-6.314
1
12.881
1
-20.529
1
-4.392
1
-3.897
1
1.468
0
-12.223
1
-6.563
0
-2.511
1
27.094
1
-12.365
0
-2.276
1
-1.852
1
12.117
0
-9.143
0
7.03
1
-7.629
1
-2.226
1
3.873
0
0.136
0
5.085
0
-0.853
1
-7.152
1
-13.368
0
-0.651
1
8.817
0
2.645


-0.897
1
-9.907
0
0.853
1
-2.521
0
-19.052
1
-25.538
0
-9.004
0
-17.948
1
3.935
0
2.522
1
-15.217
1
-8.93
0
0.318
1
-3.391
1
3.499
0
0.687
1
-13.032
1
-8.558
1
6.465
1
15.955
1
2.001
1
-5.637
1
-2.062
1
-26.733
1
4.658
0
1.584
1
-2.645
1
-0.552
1
-10.87
1
-15.703
0
-0.897
-14.817
0
-2.586
1
-20.452
0
-0.428
1
-8.484
0
3.307
0
-14.872
0
-4.391
0
-3.383
0
-0.595
0
-2.656
0
-12.291
0
0.39
1
7.141
1
-0.389
0
-12.12
1
2.128
0
-0.132
1
15.578
1
-14.436
1
2.116
0
-0.124
1
-12.822
0
4.374
0
-2.91
1
-22.698
1
1.756
1
-15.6
1
-12.289
1
5.709
1
-14.817
-21.842
1
10.884
0
-10.426
1
4.677
0
-0.401
1
8.64
1
6.13
1
-5.96
0
4.374
1
-2.33
0
0.565
1
-8.043
0
0.688
1
0.845
1
-18.794
0
-1.351
1
-12.645
1
-5.502
0
0.349
1
-30.062
0
-7.026
1
-14.49
0
1.148
1
-1.734
0
-1.922
1
-7.316
0
-6.182
0
-4.34
1
-8.485
0
8.363
0
-21.842
-5.413
1
-4.867
0
3.111
0
-3.761
0
-0.436
0
-0.825
1
-6.721
0
-5.692
1
-15.48
0
-16.344
0
-0.565
0
-8.739
1
-0.08
1
-11.543
0
0.995
1
-43.749
1
0.322
0
-0.744
1
-7.35
0
4.631
0
-0.92
0
7.143
1
-0.179
1
-4.315
1
8.548
0
-0.196
1
-13.73
0
-0.737
1
-10.987
1
10.273
0
-5.413
6.922
1
-1.319
1
13.714
0
-5.529
0
1.01
0
0.051
1
0.786
1
-7.67
0
-2.335
0
4.463
0
-18.426
1
-1.362
1
-17.859
1
-2.268
1
7.487
0
0.25
0
-8.721
1
-8.046
1
3.746
1
9.36
0
-2.4
1
-4.65
1
-6.804
0
10.464
1
-9.432
1
-29.065
0
1.838
0
-1.848
0
0.967
1
-5.08
1
6.922
-4.707
1
0.989
0
4.919
1
-6.123
0
-20.705
1
-1.319
0
-4.865
1
-14.563
0
-0.257
0
-0.534
1
-4.499
1
-4.749
1
-7.768
1
-2.549
0
-23.476
0
2.547
0
12.325
0
0.986
1
-14.817
1
3.189
0
-19.309
0
0.973
1
-12.15
1
-7.208
0
-1.663
0
-4.578
1
1.227
1
1.96
0
-2.166
1
-15.648
0
-4.707


0.007
0
-0.299
0
0.742
0
-0.71
0
0.15
0
-0.26
0
-0.05
0
0.142
0
0.059
1
-0.768
0
-0.285
1
-16.118
0
0.0700001
0
-0.732
0
-6.329
0
-0.342
0
0.839
0
0.386
0
0.335
0
-0.323
0
0.495
0
-0.726
0
0.824
0
0.609
0
-0.425
1
-0.029
0
0.041
0
-0.809
0
0.641
0
0.423
0
0.007


0
0
-0.293
0
0.217
0
0.801
0
0.099
0
-0.438
0
0.862
0
-0.395
0
0.23
0
0.752
0
0.716
0
-0.454
0
0.735
0
-0.695
0
-0.238
0
0.081
0
-0.91
0
-0.113
0
0.137
0
-0.934
0
0.679
0
0.389
0
-0.449
0
0.242
0
-0.846
0
0.805
0
-0.19
0
-0.358
0
0.883
0
0.12
0
0
0
0
0
0
0.519
0
-0.85
0
0.791
0
-0.16
0
-0.561
0
0.959
0
-0.623
0
-0.231
0
-0.774
0
0.167
0
-0.449
0
-0.821
0
-0.036
0
0.903
0
-0.00199997
0
0.575
0
-0.709
0
-0.212
0
0.488
0
0.603
0
-0.493
0
0.084
0
-0.094
0
0.951
0
0.393
0
0.864
0
0.00899994
0
0.133
0
0
0
0
0.334
0
0.684
0
0.0700001
0
0.985
0
0.254
0
0.933
0
0.697
0
-0.174
0
0.407
0
0.218
0
-0.166
0
0.305
0
0.072
0
0.364
0
0.00699997
0
0.937
0
0.745
0
-0.924
0
-0.24
0
-0.84
0
-0.597
0
-0.852
0
-0.549
0
0.846
0
-0.607
0
0.366
0
0.934
0
0.704
0
0.911
0
0
0
0
0.6
0
-0.078
0
0.02
0
-0.367
0
-0.673
0
0.56
0
-0.068
0
0.176
0
0.366
0
0.481
0
-0.511
0
-0.505
0
0.721
0
-0.562
0
-0.969
0
0.32
0
0.461
0
0.089
0
0.249
0
0.66
0
0.644
0
0.99
0
0.514
0
-0.189
0
0.022
0
0.184
0
-0.849
0
-0.938
0
0.554
0
0
0
0
-0.702
0
0.222
0
0.031
0
0.815
0
0.368
0
0.891
0
-0.076
0
0.683
0
0.22
0
-0.26
0
-0.458
0
-0.826
0
0.555
0
-0.192
0
0.984
0
-0.939
0
-0.24
0
-0.738
0
-0.506
0
-0.107
0
0.176
0
-0.887
0
0.198
0
0.965
0
-0.316
0
0.516
0
-0.083
0
-0.957
0
0.831
0
0
0
0
0.00300002
0
-0.815
0
-0.109
0
0.974
0
0.631
0
-0.981
0
0.867
0
-0.429
0
0.636
0
-0.86
0
-0.637
0
0.927
0
-0.383
0
-0.756
0
0.437
0
0.895
0
0.398
0
0.687
0
-0.014
0
0.585
0
0.562
0
-0.853
0
-0.994
0
0.061
0
-0.867
0
0.902
0
-0.209
0
-0.069
0
-0.544
0
0
0
0
0.789
0
-0.751
0
0.802
0
-0.688
0
0.454
0
-0.989
0
0.986
0
0.783
0
0.804
0
0.838
0
0.289
0
-0.02
0
-0.03
0
0.379
0
-0.926
0
0.585
0
-0.103
0
0.282
0
0.196
0
0.465
0
-0.551
0
0.487
0
-0.000999987
0
0.94
0
0.154
0
0.483
0
-0.736
0
-0.432
0
-0.745
0
0
0
0
-0.167
0
-0.723
0
0.278
0
0.382
0
0.284
0
-0.128
0
-0.821
0
-0.748
0
-0.424
0
0.239
0
0.401
0
0.219
0
-0.177
0
-0.135
0
-0.07
0
-0.713
0
0.404
0
0.497
0
0.626
0
-0.343
0
0.629
0
0.03
0
-0.116
0
-0.958
0
-0.294
0
0.597
0
-0.227
0
-0.388
0
-0.642
0
0
0
0
-0.299
0
0.894
0
-0.107
0
-0.502
0
0.893
0
-0.672
0
0.323
0
0.807
0
0.69
0
0.358
0
0.269
0
0.804
0
-0.246
0
0.147
0
-0.196
0
-0.505
0
-0.366
0
-0.851
0
-0.724
0
-0.9
0
0.404
0
-0.877
0
-0.96
0
0.185
0
0.942
0
0.433
0
-0.409
0
-0.332
0
-0.784
0
0
0
0
-0.556
0
-0.347
0
-0.331
0
0.646
0
-0.619
0
0.039
0
-0.013
0
-0.937
0
0.32
0
0.525
0
-0.656
0
-0.635
0
0.825
0
0.918
0
0.464
0
-0.398
0
0.747
0
0.058
0
-0.212
0
0.132
0
-0.255
0
0.51
0
-0.075
0
0.584
0
0.503
0
-0.983
0
0.729
0
0.647
0
0.129
0
0


-8.472
0
0.074
1
-7.221
1
5.862
0
2.554
1
-12.524
1
-16.566
0
-20.298
0
-0.502
1
-0.117
1
-6.128
0
0.628
0
-18.083
1
-21.708
0
-0.333
0
-0.409
1
-3.499
1
-7.497
0
-3.495
1
-2.846
1
-23.688
0
-4.239
0
-8.066
0
-27.748
1
-18.689
0
-0.971
1
7.779
0
-0.458
1
1.052
1
-3.625
0
-8.472
3.38
0
0.673
0
-0.929
0
-2.774
1
-4.029
0
0.498
0
-0.229
0
-0.791
0
0.0319999
0
-0.027
0
1.898
0
3.685
1
-5.965
0
-3.685
1
0.351
1
-3.261
0
-3.386
1
7.697
0
-3.268
0
7.862
0
5.133
0
4.476
1
3.032
0
0.329
1
-30.379
0
-0.347
1
-21.967
0
-6.392
1
-6.886
0
-0.44
0
3.38
5.501
0
0.213
0
-4.299
0
0.393
0
0.771
1
-6.538
1
-5.549
1
3.602
0
-5.723
1
-9.827
1
-1.906
1
-0.792
0
-3.342
0
20.013
0
0.411
1
-0.233
0
5.688
1
-1.258
0
-0.428
0
-15.608
1
-12.379
0
0.064
1
-23.68
1
13.074
1
-6.62
1
-15.001
0
-7.395
0
-1.278
1
-18.193
1
2.99
0
5.501
6.58
1
-1.858
0
-0.523
1
-14.028
1
-12.707
0
3.473
0
-7.003
0
-2.414
1
-11.644
0
-0.072
1
-35.89
0
-1.221
0
-15.617
1
-13.21
0
7.882
1
-21.433
1
-0.935
0
-2.286
0
1.712
1
-12.003
1
1.018
0
-2.754
0
0.415
0
-0.133
0
-0.475
0
-21.982
1
-12.009
0
-12.956
0
19.721
1
1.169
1
6.58
-32.467
0
4.603
0
12.918
1
-7.906
1
-16.335
1
9.728
0
-7.961
1
-7.415
0
-5.66
1
-11.8
1
-3.663
0
-4.402
0
-19.383
0
-2.954
0
-6.706
0
10.312
0
-9.904
0
-3.886
1
-15.614
1
2.475
0
0.153
0
-12.401
1
6.173
0
3.574
1
8.508
0
0.216
0
10.497
1
6.133
0
1.268
0
-21.045
0
-32.467
-11.803
0
-10.281
0
3.152
1
0.377
0
-1.753
1
-0.652
1
-17.222
0
-16.472
1
2.674
0
-11.355
1
-7.308
1
-0.788
0
0.948
0
-2.362
0
0.015
0
-3.397
0
-8.086
1
-14.198
0
0.47
1
-9.276
1
-12.565
1
7.382
1
12.57
0
2.295
0
-12.03
0
-12.41
1
0.346
1
-13.579
1
-2.728
0
0.691
0
-11.803


5.794
1
-25.575
0
-1.403
0
15.363
1
-13.473
1
0.856
0
-6.83
1
-31.192
1
-25.23
0
-11.426
1
0.94
0
0.867
1
-16.448
0
-7.135
1
-23.671
0
-0.897
0
-1.708
0
-0.636
0
0.519
0
-3.164
1
-2.325
0
-19.862
1
-2.146
0
-4.115
0
0.604
0
-0.064
1
-3.855
0
12.317
0
12.132
0
-21.761
0
5.794
-12.539
0
-0.507
0
2.137
0
-4.201
0
-2.82
0
-0.63
0
2.445
0
-1.176
0
9.92
0
-7.077
0
0.929
0
-19.671
1
0.545
0
-9.185
1
-10.589
0
-11.583
1
-14.166
1
-2.016
1
22.165
1
30.621
1
1.286
0
2.01
0
0.366
0
7.938
1
6.686
1
-0.259
0
1.378
1
-19.034
0
-0.696
0
-18.736
1
-12.539
14.975
1
-5.585
0
-0.827
1
-10.252
0
19.737
1
6.459
1
-17.218
0
-0.674
0
0.959
0
1.133
0
-19.283
0
-0.784
0
-6.563
0
-10.272
0
-5.694
0
-5.746
0
-4.029
0
-0.034
0
-10.228
1
-9.448
0
-0.837
0
1.541
0
5.854
1
3.72
1
-11.736
0
-0.762
0
-0.335
0
-0.483
0
6.182
0
0.785
0
14.975
-28.255
0
0.258
1
-17.651
1
-17.775
0
3.483
1
-1.027
0
-0.237
1
-2.404
0
-2.622
1
-5.756
0
-11.919
1
-1.841
0
6.189
0
3.755
1
2.491
1
-5.171
0
0.031
1
-20.943
0
0.333
0
-0.709
0
4.458
1
-18.888
0
-0.722
1
0.466
1
7.576
0
1.525
1
-7.662
0
-9.947
1
-9.439
1
3.133
0
-28.255
10.212
0
0.891
0
-0.833
1
20.707
0
-7.313
1
-2.931
1
-15.41
0
-7.981
1
-15.745
1
-2.283
0
12.581
0
0.546
1
-30.225
1
11.785
0
6.212
0
0.997
0
-2.572
0
6.995
0
3.019
0
-3.734
1
-6.37
1
-4.276
1
-4.627
1
1.869
1
-7.05
1
-13.416
1
5.932
0
-3.605
1
20.025
0
-5.847
1
10.212
9.013
1
-5.974
0
5.494
1
-1.938
0
3.113
1
-8.396
0
2.488
1
4.47
0
11.732
1
-15.092
0
-0.086
1
-8.434
0
-3.982
1
-6.644
0
1.512
0
0.224
1
2.452
0
7.643
0
0.819
0
-11.449
1
-20.019
1
-6.966
0
-0.714
0
11.944
0
-0.684
0
-6.2
0
-7.184
1
-15.797
0
9.784
1
9.543
0
9.013


-19.19
0
-5.186
0
-0.704
1
5.036
0
0.274
0
-1.508
1
-21.979
0
-5.836
0
-9.235
0
12.299
1
-12.866
0
-6.569
0
-0.234
1
-21.335
1
-6.055
1
-3.727
0
-18.678
0
-11.407
1
5.829
0
-0.88
0
0.525
0
-3.62
1
-8.782
1
2.797
0
4.186
1
-23.96
0
-7.421
0
-3.032
0
-3.335
1
-4.903
0
-19.19
-11.763
1
-20.946
1
4.222
0
-0.875
0
-1.697
1
-0.442
0
0.843
1
-6.926
1
-3.911
1
3.652
1
26.026
0
7.409
0
-16.238
1
7.745
1
16.58
1
-5.27
1
11.096
1
-7.225
1
4.229
1
-11.065
1
-22.007
0
2.434
1
-22.514
1
-5.704
0
-0.687
1
1.847
1
-2.591
1
-18.847
1
-17.786
1
-28.34
1
-11.763
-12.675
0
-0.635
1
-5.497
1
-11.206
0
-2.986
1
5.424
1
-3.738
0
3.695
1
2.014
1
-16.893
1
-8.297
1
-13.976
0
0.924
0
14.999
1
0.801
1
-9.351
1
-25.356
1
13.925
1
-11.765
1
2.84
0
-1.709
1
-2.368
0
-0.336
0
-0.817
0
11.531
1
-4.081
0
-12.657
0
-0.864
1
5.317
0
2.904
0
-12.675
-2.621
0
-1.018
0
3.704
0
-10.098
1
-0.687
1
-19.922
1
-2.647
1
-9.882
1
-7.812
0
-8.988
0
1.034
0
-1.215
1
-9.854
0
0.289
0
-0.727
1
6.289
0
-4.116
1
-18.812
1
-10.515
1
5.463
0
-4.893
1
-10.01
0
-1.276
1
-8.055
0
6.292
1
-9.444
0
0.071
1
11.702
1
3.326
1
-1.819
0
-2.621
-13.943
1
-12.645
0
-0.091
1
-17.001
1
-30.737
1
-26.858
0
-20.766
0
-9.464
1
-6.408
1
-27.474
1
-14.531
0
-10.096
1
-22.926
0
-0.634
1
6.658
1
-3.826
0
-2.116
0
5.963
1
-8.027
1
-6.985
0
-0.728
0
0.721
0
-0.867
0
18.845
1
3.371
1
7.065
1
-1.06
0
0.829
0
-3.807
0
-9.274
1
-13.943
-19.48
0
-7.016
1
5.216
0
-2.332
0
-4.952
1
5.118
0
-0.255
1
16.016
0
-1.09
1
-3.031
0
-9.857
0
-5.68
1
-15.468
1
-19.081
1
-23.925
0
-1.673
1
-3.69
0
-17.316
0
-21.265
1
8.774
1
1.843
1
24.901
0
2.29
0
-1.887
0
-7.004
0
-0.075
1
-4.888
1
-5.248
1
0.553
1
-10.028
1
-19.48


1.178
0
-0.952
0
0.569
0
-0.424
1
6.109
1
-3.044
0
0.767
0
0.259
0
-0.402
0
0.276
1
-0.333
1
-3.28
1
-3.743
1
-2.134
0
-0.393
1
0.92
0
-0.384
0
-0.461
0
0.572
0
0.856
0
0.395
1
-1.347
0
-0.076
0
0.783
0
-0.269
1
-2.924
0
0.7
0
0.635
0
-0.695
0
-0.483
0
1.178


0
0
0.255
0
0.615
0
0.484
0
0.286
0
-0.979
0
-0.161
0
0.556
0
0.87
0
-0.895
0
-0.171
0
0.266
0
0.0599999
0
-0.711
0
0.537
0
-0.863
0
0.305
0
-0.00700003
0
0.518
0
0.107
0
-0.79
0
-0.919
0
-0.659
0
-0.293
0
0.477
0
0.703
0
-0.878
0
-0.99
0
-0.068
0
0.206
0
0
0
0
-0.941
0
-0.177
0
0.915
0
0.33
0
0.765
0
-0.753
0
-0.786
0
0.995
0
-0.613
0
-0.967
0
-0.694
0
-0.41
0
0.071
0
0.469
0
-0.759
0
-0.606
0
0.934
0
0.178
0
-0.934
0
0.923
0
0.092
0
-0.321
0
-0.082
0
-0.724
0
0.165
0
0.672
0
-0.485
0
0.768
0
0.945
0
0
0
0
0.00300002
0
0.735
0
0.306
0
0.712
0
-0.107
0
0.541
0
-0.852
0
0.554
0
0.095
0
-0.529
0
-0.09
0
0.066
0
-0.871
0
0.0140001
0
0.43
0
-0.43
0
0.891
0
-0.013
0
0.208
0
-0.053
0
-0.109
0
-0.316
0
-0.875
0
-0.496
0
0.854
0
0.702
0
0.218
0
-0.437
0
-0.358
0
0
0
0
-0.768
0
0.195
0
0.343
0
0.126
0
-0.305
0
0.764
0
-0.809
0
0.492
0
-0.323
0
0.601
0
-0.919
0
0.046
0
-0.475
0
-0.709
0
0.857
0
-0.00300002
0
-0.918
0
0.516
0
0.0650001
0
0.013
0
-0.735
0
0.892
0
0.842
0
-0.046
0
-0.243
0
0.13
0
-0.013
0
0.612
0
0.715
0
0
0
0
-0.000999987
0
0.607
0
-0.985
0
-0.732
0
-0.979
0
-0.85
0
-0.423
0
-0.989
0
-0.488
0
-0.386
0
-0.391
0
0.817
0
-0.933
0
-0.533
0
0.452
0
-0.945
0
0.153
0
-0.517
0
-0.491
0
0.871
0
0.368
0
-0.044
0
-0.691
0
0.374
0
0.559
0
-0.916
0
0.376
0
0.553
0
0.598
0
0
0
0
0.731
0
0.604
0
0.523
0
-0.969
0
-0.93
0
-0.265
0
0.431
0
-0.302
0
0.856
0
0.135
0
0.613
0
0.103
0
-0.848
0
0.212
0
0.972
0
0.796
0
0.393
0
0.81
0
-0.772
0
-0.539
0
-0.946
0
-0.942
0
0.556
0
0.496
0
-0.354
0
-0.669
0
0.805
0
0.288
0
-0.885
0
0
0
0
0.855
0
-0.435
0
0.707
0
-0.341
0
-0.374
0
0.716
0
0.626
0
-0.28
0
-0.768
0
0.606
0
0.146
0
-0.166
0
0.955
0
0.27
0
0.194
0
0.72
0
0.938
0
-0.626
0
0.809
0
-0.78
0
-0.146
0
-0.866
0
-0.822
0
-0.335
0
-0.693
0
0.285
0
0.054
0
0.224
0
0.145
0
0
0
0
0.339
0
-0.388
0
0.255
0
-0.00400001
0
0.374
0
-0.391
0
0.279
0
-0.936
0
0.803
0
-0.213
0
-0.369
0
0.096
0
0.725
0
-0.148
0
0.69
0
-0.661
0
-0.241
0
0.999
0
0.599
0
-0.083
0
-0.419
0
-0.714
0
0.27
0
0.672
0
0.251
0
-0.665
0
0.937
0
0.208
0
-0.139
0
0
0
0
0.11
0
0.847
0
-0.204
0
0.761
0
0.317
0
-0.218
0
0.604
0
-0.457
0
0.497
0
-0.474
0
-0.294
0
-0.144
0
0.393
0
0.878
0
-0.86
0
-0.891
0
-0.246
0
0.433
0
0.603
0
-0.149
0
-0.402
0
0.878
0
-0.826
0
0.567
0
-0.74
0
-0.654
0
0.908
0
0.81
0
0.202
0
0
0
0
0.878
0
0.881
0
-0.142
0
0.63
0
-0.702
0
-0.784
0
0.674
0
0.123
0
-0.141
0
0.915
0
0.875
0
0.535
0
0.236
0
0.677
0
-0.131
0
0.745
0
-0.37
0
0.852
0
-0.082
0
0.878
0
0.243
0
-0.524
0
0.895
0
-0.875
0
0.464
0
-0.329
0
0.046
0
-0.142
0
-0.934
0
0


7.255
0
0.609
1
-20.578
1
7.303
0
0.646
0
0.892
0
-0.26
1
-5.367
0
-1.624
1
-3.417
0
-0.187
0
-9.856
1
-2.292
0
-0.6
1
-22.58
1
1.329
1
-0.309
0
7.374
0
-7.311
0
1.104
0
-22.028
1
-4.988
0
-10.45
0
10.23
1
1.986
0
0.609
0
0.063
1
-15.711
1
-24.852
1
-11.399
1
7.255
0.322
1
-15.078
0
2.745
1
-13.205
0
-9.516
0
-6.114
0
0.9
1
-17.244
0
-7.103
0
-17.034
1
-3.543
0
-3.792
1
-8.707
1
17.875
0
-10.127
1
-14.386
1
6.525
0
-11.964
1
-16.591
1
14.663
0
-11.053
1
-9.824
0
-11.081
1
2.009
1
4.824
1
-24.139
1
-2.093
0
-3.761
1
8.358
1
-3.464
1
0.322
5.127
1
-7.448
0
2.871
1
-0.243
1
-20.111
0
-12.549
0
-1.891
1
-20.401
1
-12.145
0
-0.381
1
-4.602
0
-0.694
1
5.375
1
-17.461
0
-6.927
1
-3.528
1
-23.305
1
8.664
0
-0.382
1
4.403
0
-0.089
1
-15.248
0
-0.075
0
-2.897
0
-6.452
1
-3.553
1
-25.662
0
5.001
0
-19.056
1
-18.925
0
5.127
-14.209
0
-19.032
1
-3.13
1
-1.687
1
-8.147
1
-7.396
1
-28.905
1
-11.724
1
-3.704
1
5.064
0
-0.91
0
-13.394
1
3.747
1
15.658
0
-5.022
1
4.85
1
-7.287
0
0.637
1
-8.655
1
-5.369
0
-1.853
1
-5.33
1
-5.645
0
0.969
0
-1.731
1
0.155
1
-2.795
1
0.146
0
-7.956
1
4.511
0
-14.209
-3.73
1
-4.764
0
-0.205
0
-1.532
1
-2.414
0
-5.567
1
-2.785
0
1.809
1
7.528
1
-16.011
0
0.06
1
-0.184
0
-14.647
0
-4.155
1
-4.621
1
-12.766
0
11.191
1
-2.494
0
-0.99
0
-6.828
0
1.096
0
0.202
0
0.665
1
11.107
0
-6.422
1
-10.377
1
4.547
0
-13.302
1
8.006
0
2.212
1
-3.73
-4.176
0
-14.384
0
-2.94
0
3.567
1
-10.508
0
-18.349
1
4.198
1
-9.126
0
0.686
1
-8.285
1
-13.478
0
0.00600004
0
-2.468
0
-7.232
0
1.712
1
-10.982
1
-10.169
1
-4.251
0
-19.407
1
-4.472
0
-4.386
1
-5.236
0
17.658
1
-2.955
0
0.344
1
-9.896
1
-4.945
0
1.827
0
-20.376
1
-3.432
0
-4.176


0.32
0
0.976
0
-0.893
0
0.61
0
-0.575
1
-4.804
0
0.8
0
0.383
0
0.476
0
-0.703
0
-0.714
1
-8.708
1
1.115
1
-0.617
1
0.054
1
-0.349
0
-0.725
0
-0.761
0
-1.254
1
-6.569
0
13.046
1
-19.435
0
-0.928
0
-5.135
1
5.011
0
-5.896
1
-1.84
0
-7.318
0
-6.52
1
3.811
0
0.32
-9.842
0
-10.948
1
-9.857
0
-1.058
0
-21.34
0
3.229
0
2.675
0
-7.768
0
-3.073
0
-2.379
1
4.959
1
2.369
0
-25.005
0
-4.213
1
-13.393
1
-4.854
1
-11.333
0
9.692
1
-21.461
1
-7.398
1
0.927
0
-3.218
1
-1.741
1
14.354
1
21.066
0
-0.5
1
1.703
1
0.1
0
-15.558
0
2.825
1
-9.842
6.255
0
-3.59
1
-16.108
1
-6.034
0
1.129
0
-8.62
1
1.182
1
-7.071
1
-8.413
0
3.422
0
-1.451
0
3.427
1
-20.575
0
-0.975
0
-0.175
1
-5.046
1
3.835
1
-10.533
0
3.926
1
-7.724
1
3.456
1
6.553
0
-2.628
1
9.222
0
-0.136
0
-11.948
1
-12.211
0
-5.97
1
-22.565
1
-5.344
1
6.255
-29.987
0
0.602
0
1.72
0
2.108
0
-0.149
0
-22.124
0
-5.551
0
-11.237
0
-4.213
1
15.172
1
-10.999
0
-0.172
0
-13.012
1
-4.522
1
-10.015
0
0.891
1
-18.3
0
-0.72
0
3.475
0
-9.663
1
1.745
1
6.467
1
-0.221
1
-0.61
1
2.864
0
-12.641
0
-6.166
1
-2.333
0
-1.382
1
-4.327
0
-29.987
-11.039
0
0.726
1
-7.456
0
-6.855
1
-0.451
0
24.112
0
32.133
0
2.463
1
-4.309
0
-0.782
1
-10.724
1
-1.938
0
7.278
0
-14.973
0
-19.58
0
-4.902
1
-2.886
1
-7.904
1
-8.256
1
-15.097
0
-7.011
0
-3.763
0
0.056
0
-0.122
0
-3.116
1
-8.523
1
-12.854
1
6.174
0
-0.203
1
1.125
0
-11.039
16.148
0
-9.979
1
-9.706
0
-0.063
1
-27.118
0
3.796
1
19.518
1
-3.341
1
0.894
1
-2.324
0
-5.528
0
3.427
1
5.542
1
-8.719
1
15.884
0
9.047
1
14.814
1
3.043
0
11.59
0
3.57
1
-2.142
1
-2.312
1
-19.098
1
-13.546
0
-5.212
0
23.297
1
-2.707
1
31.749
1
6.081
0
-0.405
1
16.148


9.672
1
-36.753
0
2.927
0
-2.758
1
-2.913
0
5.381
0
-0.263
0
0.099
0
10.134
0
-0.855
0
10.812
0
4.672
0
-0.053
1
-1.838
0
-12.862
1
-9.281
1
-11.941
0
2.967
0
-7.099
0
3.92
0
-6.937
1
-2.572
1
10.454
0
-1.724
1
5.716
1
7.263
1
-0.906
1
-9.465
1
4.377
0
0.67
0
9.672
8.111
0
0.979
1
-25.235
0
-3.87
1
-16.849
0
-9.125
0
-4.484
0
0.0779999
0
-12.394
1
-14.274
0
-5.869
0
-15.275
0
28.924
1
0.443
0
-1.142
1
-22.425
0
-0.974
1
-16.244
1
-21.311
1
6.377
1
-4.928
1
-24.873
0
-4.785
1
11.79
1
2.587
1
-0.291
1
8.631
1
2.561
1
-12.377
0
-2.171
1
8.111
-2.095
0
-15.815
0
-14.583
0
-6.036
0
-0.822
1
-10.961
0
0.817
1
-27.34
1
-20.967
1
-13.96
1
-6.045
0
-12.463
0
-15.067
0
0.344
1
9.611
1
-4.569
0
-12.168
0
1.618
1
-2.306
0
-11.249
0
-8.865
1
-16.49
0
5.774
0
-3.693
0
-1.911
0
6.132
1
4.042
0
-18.451
1
-11.18
1
-24.81
0
-2.095
1.144
1
-22.194
0
-7.88
0
-4.931
0
-8.552
1
-27.532
1
-19.275
1
-25.724
0
4.576
0
-6.688
1
-0.425
1
-26.721
1
-19.304
0
-3.731
1
3.341
0
-0.64
1
-14.311
1
20.738
1
-22.03
0
-1.576
0
-20.47
1
7.873
0
-2.359
1
-4.778
1
4.226
1
-8.106
0
0.456
0
22.984
0
-7.797
1
1.04
1
1.144
16.927
0
-9.723
1
2.579
1
-7.854
1
-14.675
0
0.899
0
-14.888
0
-6.272
1
7.739
0
-10.791
1
-24.092
1
9.292
1
4.112
0
-0.419
1
-8.545
1
3.205
1
-28.535
0
-0.083
0
5.677
1
-6.723
0
-15.965
1
12.062
0
-7.935
0
-27.422
0
-25.231
1
-4.748
0
-14.372
1
8.381
1
-19.693
0
-7.393
1
16.927
3.866
1
-12.708
0
-0.934
1
-10.198
0
-10.389
0
-8.374
1
7.94
0
-1.537
1
-15.672
1
-3.828
0
-0.176
1
-3.973
0
2.783
0
0.696
0
-14.197
0
-6.763
0
-0.343
1
2.053
1
-4.48
0
2.56
0
4.34
1
-25.489
0
1.654
0
14.703
1
-17.14
0
-10.876
0
-16.811
0
-15.2
0
-10.3
1
5.921
0
3.866


0.987
1
0.081
0
0.57
0
-0.444
0
-0.653
1
-5.23
0
-0.893
0
-0.836
0
0.594
0
-0.434
0
-0.941
0
-6.525
0
-0.871
0
0.392
0
-0.791
1
-0.019
0
-0.742
1
0.0190001
1
-3.902
0
-0.637
1
-0.039
0
0.92
0
-0.089
0
0.872
0
0.168
0
-0.435
0
-0.654
0
-0.216
1
0.422
0
-0.479
0
0.987


0
0
-0.548
0
-0.569
0
0.185
0
-0.375
0
0.005
0
-0.135
0
-0.722
0
-0.179
0
0.328
0
0.751
0
0.0700001
0
0.385
0
0.128
0
0.097
0
0.11
0
-0.009
0
-0.049
0
0.653
0
-0.988
0
-0.631
0
-0.737
0
-0.271
0
-0.391
0
0.562
0
0.552
0
-0.522
0
-0.698
0
-0.726
0
-0.779
0
0
0
0
-0.408
0
-0.862
0
0.979
0
0.801
0
-0.509
0
0.137
0
-0.2
0
0.073
0
-0.966
0
-0.867
0
0.416
0
0.161
0
-0.939
0
-0.858
0
0.152
0
-0.287
0
-0.037
0
0.991
0
-0.00300002
0
0.673
0
-0.427
0
-0.036
0
-0.638
0
0.781
0
0.531
0
0.192
0
0.56
0
0.614
0
-0.451
0
0
0
0
-0.518
0
-0.147
0
-0.274
0
-0.495
0
0.357
0
-0.469
0
-0.926
0
-0.203
0
-0.904
0
-0.775
0
-0.631
0
0.669
0
0.905
0
-0.879
0
0.724
0
0.487
0
0.362
0
0.363
0
0.664
0
0.451
0
0.59
0
0.563
0
0.115
0
-0.474
0
-0.279
0
0.651
0
-0.078
0
-0.422
0
-0.824
0
0
0
0
-0.792
0
-0.718
0
-0.269
0
-0.906
0
0.185
0
-0.323
0
0.698
0
0.617
0
-0.279
0
-0.589
0
0.948
0
0.196
0
0.845
0
0.342
0
0.493
0
0.514
0
0.839
0
-0.19
0
-0.031
0
-0.399
0
-0.297
0
0.818
0
0.668
0
0.924
0
0.02
0
-0.314
0
-0.958
0
0.039
0
0.763
0
0
0
0
0.859
0
-0.633
0
-0.981
0
-0.35
0
0.163
0
0.29
0
-0.257
0
0.695
0
0.917
0
-0.693
0
-0.765
0
-0.11
0
-0.955
0
0.841
0
-0.719
0
-0.446
0
0.039
0
-0.417
0
0.816
0
0.852
0
0.244
0
0.768
0
0.805
0
0.663
0
0.718
0
-0.412
0
-0.757
0
-0.576
0
0.343
0
0
0
0
0.991
0
0.719
0
0.0190001
0
-0.736
0
0.866
0
0.589
0
0.277
0
0.773
0
0.137
0
-0.288
0
-0.764
0
0.255
0
-0.198
0
-0.378
0
-0.423
0
-0.847
0
-0.106
0
0.412
0
0.504
0
0.22
0
-0.549
0
0.695
0
0.151
0
0.464
0
-0.693
0
0.179
0
0.544
0
0.272
0
0.349
0
0
0
0
0.005
0
-0.941
0
-0.425
0
-0.733
0
-0.874
0
-0.996
0
0.763
0
0.698
0
0.839
0
-0.838
0
-0.608
0
0.0599999
0
0.543
0
0.038
0
0.829
0
0.228
0
-0.914
0
-0.141
0
0.169
0
0.793
0
-0.593
0
-0.96
0
0.867
0
0.147
0
-0.902
0
-0.958
0
0.641
0
0.141
0
-0.035
0
0
0
0
-0.868
0
0.62
0
0.418
0
-0.245
0
0.623
0
-0.969
0
0.214
0
0.279
0
0.36
0
0.011
0
0.049
0
0.703
0
0.202
0
0.411
0
-0.755
0
-0.925
0
-0.238
0
0.369
0
-0.065
0
-0.106
0
-0.485
0
-0.161
0
-0.278
0
-0.896
0
-0.691
0
-0.757
0
0.291
0
-0.975
0
-0.955
0
0
0
0
0.792
0
0.075
0
0.653
0
-0.682
0
-0.829
0
0.24
0
-0.054
0
0.553
0
-0.697
0
-0.441
0
-0.245
0
-0.17
0
-0.493
0
0.262
0
0.252
0
-0.025
0
-0.496
0
0.172
0
-0.015
0
0.132
0
-0.405
0
0.677
0
0.759
0
-0.799
0
-0.442
0
-0.788
0
0.828
0
0.694
0
0.139
0
0
0
0
0.847
0
0.707
0
-0.918
0
-0.066
0
-0.315
0
0.391
0
-0.322
0
-0.617
0
-0.626
0
-0.332
0
-0.848
0
0.462
0
0.752
0
0.02
0
-0.983
0
-0.231
0
0.54
0
0.763
0
-0.294
0
-0.618
0
0.136
0
0.863
0
0.624
0
0.716
0
0.477
0
0.812
0
-0.00700003
0
-0.06
0
-0.429
0
0


-22.539
1
-17.241
0
-4.089
1
8.701
1
6.507
0
-26.003
1
-25.76
0
7.548
1
-21.351
1
-8.86
1
10.479
1
17.491
0
-9.768
0
-11.733
0
-7.324
0
0.024
0
-4.097
0
9.067
0
6.574
1
-9.421
1
-8.139
0
-10.509
1
-15.689
1
-19.665
1
4.953
1
-6.099
0
2.191
0
0.724
1
5.341
1
-21.012
0
-22.539
-1.584
1
4.833
1
0.727
1
-2.191
1
6.033
0
-0.955
0
-0.491
0
-0.789
0
0.621
1
3.2
1
4.343
0
-4.649
1
6.337
0
-16.102
1
-26.637
0
3.573
0
-0.122
0
-18.36
0
-4.778
0
3.934
1
7.417
0
-25.198
0
12.244
0
-4.622
0
6.603
1
16.149
0
-0.443
1
0.583
1
-4.02
0
-0.893
1
-1.584
-23.057
0
-1.694
1
-11.994
1
1.839
0
-0.996
1
-22.112
0
-7.167
1
-19.209
0
-12.108
0
-0.643
1
5.743
1
4.64
1
-5.399
0
0.234
1
-18.209
0
-0.903
1
-14.397
0
-5.56
0
0.164
0
-3.93
0
0.473
0
0.75
1
-1.771
0
-1.74
0
-10.462
1
5.7
1
-7.023
1
-18.333
0
-0.863
1
-4.047
0
-23.057
-21.484
1
-19.164
0
-9.991
0
-17.007
1
2.054
0
-0.434
0
-0.394
1
-11.123
1
-16.403
1
6.354
0
0.817
0
-0.238
0
3.023
0
-0.409
0
-14.545
1
-1.045
1
-13.819
0
0.328
1
-10.638
1
-16.828
0
4.877
1
0.722
1
-26.13
1
-11.505
1
-14.254
1
-7.258
1
-14.458
0
-6.784
1
-1.524
1
2.578
0
-21.484
21.05
0
-0.403
1
-8.654
1
-47.331
1
-3.537
1
-27.813
0
3.2
1
-8.593
0
3.042
1
-14.971
1
-7.59
1
-10.916
0
-0.387
0
-0.728
1
-5.204
1
0.378
1
-8.622
1
3.487
1
-17.136
0
-0.527
1
2.139
1
2.657
1
-14.333
1
-6.141
1
9.455
0
-2.918
0
-7.535
0
-0.41
0
-1.881
1
-13.445
1
21.05
-14.352
1
-0.318
0
3.477
0
-10.36
1
-3.046
1
-3.603
1
-7.663
1
-33.748
0
-7.68
0
2.99
1
-4.346
1
2.997
0
-0.443
1
-18.86
1
-11.015
0
-0.027
0
-14.257
0
5.634
0
-10.57
1
6.025
0
-5.848
1
41.744
0
0.183
1
-16.396
1
-2.36
1
-11.013
1
-0.785
0
-0.958
1
-12.276
1
2.183
1
-14.352


0.075
1
-14.751
0
17.005
0
0.095
0
-10.243
0
8.115
0
-5.054
0
-1.009
0
-14.286
0
0.265
0
-21.593
1
-6.975
1
-13.224
1
-0.848
1
3.767
0
-3.88
0
0.709
0
-5.365
1
-26.518
1
4.668
1
11.341
0
-2.086
1
-16.429
1
-9.075
0
-4.689
1
-4.507
0
-4.835
1
-3.045
0
0.831
1
2.356
1
0.075
-14.997
0
-10.557
1
8.323
1
7.549
0
-30.143
0
1.744
1
-6.849
0
-0.394
0
0.381
1
0.221
0
-10.698
1
-11.621
0
-0.443
0
-11.91
0
-2.125
0
0.307
1
-3.197
0
-2.769
1
-20.749
0
-17.203
0
-11.584
0
-8.233
1
-1.095
1
-16.944
1
4.34
0
7.524
0
0.018
0
-1.084
1
2.56
1
-14.486
0
-14.997
-30.03
0
0.904
1
-2.994
1
-4.273
0
2.711
1
-16.596
1
-21.032
0
4.007
0
-0.278
0
-0.342
0
-23.251
0
-0.34
1
-23.288
1
6.056
1
-30.36
0
2.271
1
-5.877
1
-4.217
0
2.8
0
-15.373
1
6.458
0
-18.928
0
-10.227
0
0.011
0
-2.484
1
9.273
1
-2.552
1
-13.305
1
-10.762
1
-1.769
0
-30.03
-28.931
0
-12.498
0
0.388
1
-21.396
1
-3.169
0
1.707
1
1.81
1
1.498
0
-2.495
1
6.758
0
-7.04
0
4.154
1
19.053
1
-12.295
1
3.587
1
-22.955
1
-5.413
1
-8.141
0
-17.54
0
13.131
0
-0.349
0
-0.381
1
-4.853
0
-1.097
0
-0.663
0
-20.101
1
7.416
1
-11.194
0
1.91
0
-4.346
1
-28.931
-24.425
1
1.997
1
-3.559
0
12.787
0
8.456
0
-7.34
0
-2.836
1
-22.089
1
4.138
0
-6.463
1
-10.318
0
2.156
1
-11.972
1
1.248
1
-1.559
1
-29.511
0
-8.595
1
-5.034
0
-6.114
0
0.871
0
17.097
1
-4.76
1
-13.441
0
5.895
1
5.279
0
-11.829
1
-0.273
0
-18.888
1
-12.613
0
0.982
0
-24.425
5.757
0
-0.156
0
-10.437
1
-2.572
0
-11.482
1
-2.689
0
-28.517
0
10.944
0
-0.507
0
-6.056
0
0.159
0
-2
0
-5.766
1
5.28
0
-11.975
0
5.095
0
-0.147
0
-5.814
1
5.482
0
1.678
0
-1.966
0
-24.804
1
3.73
0
-3.338
0
8.849
1
-13.658
1
3.584
0
0.173
0
4.634
1
2.278
0
5.757


-5.078
0
3.56
1
-17.249
1
-1.826
0
7.905
1
-18.087
1
4.998
1
-7.774
1
-3.79
1
-16.128
1
-7.798
1
2.428
1
12.445
0
-0.758
1
-11.894
0
-11.712
0
-3.537
0
-5.054
1
-9.393
0
-0.349
1
-34.254
0
-2.034
1
13.342
1
-7.892
0
-6.006
1
-7.248
1
3.899
1
14.416
0
-0.244
0
0.462
0
-5.078
17.552
1
-17.243
1
8.997
0
-5.143
1
-14.919
0
5.881
0
-19.042
0
2.808
0
-14.309
0
0.941
0
5.857
0
0.625
0
0.678
1
-10.592
1
-23.571
0
-5.537
0
4.216
0
-12.829
1
-7.414
1
-5.28
0
-6.406
0
-0.826
1
4.77
0
-10.193
0
-13.302
0
-0.901
0
5.596
0
-0.948
0
-3.766
0
-6.693
0
17.552
4.475
1
-0.632
1
6.716
0
-0.124
0
0.131
0
6.045
0
-1.178
0
0.345
1
-0.047
1
4.702
0
-0.625
0
0.246
1
-11.474
0
-36.541
0
0.24
1
2.582
1
-1.312
1
-2.113
0
5.028
1
14.354
1
-3.339
1
-5.236
1
8.976
0
4.731
1
-10.42
0
-1.797
1
-14.644
0
-15.442
0
-8.38
1
-17.292
0
4.475
-1.389
0
-0.457
0
0.316
0
-0.125
1
-3.757
0
-0.627
1
1.101
0
-0.738
0
0.141
0
0.527
0
-0.307
0
-3.379
1
1.565
1
-1.345
0
-0.678
0
0.985
0
-0.6
0
0.887
0
-0.543
0
-0.657
0
0.286
0
0.955
0
0.957
0
0.411
1
2.68
0
0.476
1
4.829
1
9.961
0
11.126
1
-6.072
0
-1.389
14.623
1
-36.163
0
-0.147
1
11.894
0
2.825
0
-4.46
1
-1.21
1
-20.243
1
-30.06
0
-0.871
0
-1.363
1
-0.54
0
3.104
1
-20.128
1
-18.073
0
4.189
0
0.571
0
-1.557
0
0.392
0
0.531
1
4.219
1
13.165
0
-11.387
1
3.933
1
1.831
0
-10.747
0
-13.579
1
-6.692
1
24.189
1
-2.545
0
14.623
-17.462
0
-9.124
1
13.652
0
2.438
0
0.199
0
-1.764
0
1.756
0
0.706
1
-1.525
0
-3.599
0
-2.235
1
-25.31
0
-8.459
0
-0.563
0
2.508
1
-1.24
0
-5.716
1
-6.059
1
-5.346
0
-1.387
1
-8.781
1
-18.251
1
2.51
0
7.765
0
0.194
0
3.932
1
3.219
1
-3.484
1
8.787
1
4.511
1
-17.462


0
0
0.183
0
0.873
0
0.225
0
-0.703
0
0.457
1
4.748
0
0.798
0
0.368
0
-0.297
0
0.091
1
-17.52
0
-0.981
0
-0.547
0
-0.487
0
-0.884
0
0.347
0
-0.021
0
-2.169
1
-0.856
0
0.403
1
-3.917
1
-0.22
0
-0.82
1
-3.799
0
-0.304
1
1.972
1
7.226
0
-0.261
1
0.765
0
0
